Step,GeneCountMin,GeneCountMax,GeneCountAvg,GeneCountSE,PopMin,PopMax,PopAvg,PopSE,SpeciesMin,SpeciesMax,SpeciesAvg,SpeciesSE,GeneCount1,Pop1,Species1,GeneCount2,Pop2,Species2,GeneCount3,Pop3,Species3,GeneCount4,Pop4,Species4,GeneCount5,Pop5,Species5,GeneCount6,Pop6,Species6,GeneCount7,Pop7,Species7,GeneCount8,Pop8,Species8,GeneCount9,Pop9,Species9,GeneCount10,Pop10,Species10
1,5,5,5,0,100,101,100.2,0.715542,96,100,98.5,0.452217,5,101,98,5,100,99,5,100,100,5,100,100,5,100,100,5,100,99,5,100,96,5,101,96,5,100,99,5,100,98
2,5,5,5,0,100,102,100.5,0.655744,96,100,98.5,0.452217,5,102,98,5,100,99,5,100,100,5,100,100,5,100,100,5,100,99,5,100,96,5,102,96,5,100,99,5,101,98
3,5,5,5,0,100,104,100.7,0.655744,96,100,98.5,0.452217,5,102,98,5,100,99,5,100,100,5,100,100,5,100,100,5,100,99,5,100,96,5,104,96,5,100,99,5,101,98
4,5,5,5,0,100,106,101.1,0.719722,96,100,98.5,0.452217,5,103,98,5,100,99,5,100,100,5,100,100,5,100,100,5,100,99,5,101,96,5,106,96,5,100,99,5,101,98
5,5,5,5,0,100,107,101.6,0.675278,96,100,98.5,0.452217,5,103,98,5,100,99,5,100,100,5,100,100,5,100,100,5,100,99,5,102,96,5,107,96,5,100,99,5,104,98
6,5,5,5,0,100,107,101.8,0.678233,96,100,98.5,0.452217,5,103,98,5,100,99,5,100,100,5,100,100,5,100,100,5,100,99,5,103,96,5,107,96,5,100,99,5,105,98
7,5,5,5,0,100,111,102.4,0.970567,96,100,98.5,0.452217,5,104,98,5,100,99,5,100,100,5,100,100,5,100,100,5,100,99,5,103,96,5,111,96,5,101,99,5,105,98
8,5,5,5,0,100,112,103,1.14193,96,100,98.5,0.452217,5,106,98,5,100,99,5,100,100,5,100,100,5,100,100,5,100,99,5,104,96,5,112,96,5,102,99,5,106,98
9,5,5,5,0,100,117,103.7,1.60437,96,100,98.4,0.469574,5,107,98,5,100,99,5,100,100,5,100,100,5,100,100,5,101,99,5,105,96,5,117,96,5,102,99,5,105,97
10,5,5,5,0,100,118,104.4,1.80167,95,100,98.3,0.529623,5,109,98,5,101,99,5,100,100,5,100,100,5,100,100,5,103,99,5,106,96,5,118,95,5,102,99,5,105,97
11,5,5,5,0,100,117,104.6,1.76125,93,100,98.1,0.678602,5,109,98,5,101,99,5,100,100,5,100,100,5,100,100,5,103,99,5,107,96,5,117,93,5,102,99,5,107,97
12,5,5,5,0,100,117,105,1.79109,90,100,97.6,0.967729,5,108,97,5,102,99,5,100,100,5,100,100,5,100,100,5,105,99,5,108,96,5,117,90,5,102,99,5,108,96
13,5,5,5,0,100,110,104,1.22393,84,100,96.4,1.63966,5,106,94,5,101,99,5,100,100,5,100,100,5,100,100,5,104,99,5,110,95,5,108,84,5,102,99,5,109,94
14,5,5,5,0,98,114,102.6,1.33267,74,100,94.3,2.85246,5,99,87,5,101,99,5,100,100,5,100,100,5,100,100,5,104,99,5,114,94,5,98,74,5,103,99,5,107,91
15,5,5,5,0,80,106,97.4,2.72837,56,100,88.6,5.51076,5,89,76,5,101,99,5,100,100,5,100,100,5,100,100,5,106,99,5,100,79,5,80,56,5,101,97,5,97,80
16,5,5,5,0,54,100,83.5,7.77856,30,100,74.5,10.7127,5,67,54,5,96,93,5,100,100,5,100,100,5,100,100,5,85,78,5,78,56,5,54,30,5,88,84,5,67,50
17,5,5,5,0,0,28,9.6,29.3501,0,4,1.4,30.6989,5,14,2,5,3,1,5,0,0,5,0,0,5,0,0,5,7,1,5,23,4,5,28,3,5,3,1,5,18,2
18,5,5,5,0,0,26,10.3,29.1383,0,4,1.4,30.6989,5,15,2,5,4,1,5,0,0,5,0,0,5,0,0,5,8,1,5,25,4,5,26,3,5,3,1,5,22,2
19,5,5,5,0,0,28,11.4,28.8246,0,4,1.4,30.6989,5,16,2,5,4,1,5,0,0,5,0,0,5,0,0,5,11,1,5,27,4,5,28,3,5,3,1,5,25,2
20,5,5,5,0,0,33,12.2,28.6083,0,3,1.3,30.7299,5,17,2,5,5,1,5,0,0,5,0,0,5,0,0,5,11,1,5,27,3,5,33,3,5,3,1,5,26,2
21,5,5,5,0,0,32,12.8,28.4301,0,3,1.3,30.7299,5,18,2,5,5,1,5,0,0,5,0,0,5,0,0,5,12,1,5,28,3,5,32,3,5,4,1,5,29,2
22,5,5,5,0,0,35,13.6,28.2278,0,3,1.3,30.7299,5,18,2,5,5,1,5,0,0,5,0,0,5,0,0,5,12,1,5,32,3,5,35,3,5,4,1,5,30,2
23,5,5,5,0,0,38,14.9,27.9013,0,3,1.3,30.7299,5,22,2,5,5,1,5,0,0,5,0,0,5,0,0,5,12,1,5,35,3,5,38,3,5,3,1,5,34,2
24,5,5,5,0,0,40,15.6,27.7547,0,3,1.3,30.7299,5,22,2,5,5,1,5,0,0,5,0,0,5,0,0,5,11,1,5,38,3,5,40,3,5,2,1,5,38,2
25,5,5,5,0,0,45,16.8,27.4643,0,3,1.3,30.7299,5,24,2,5,5,1,5,0,0,5,0,0,5,0,0,5,12,1,5,41,3,5,45,3,5,2,1,5,39,2
26,5,5,5,0,0,47,17.6,27.3032,0,3,1.3,30.7299,5,23,2,5,5,1,5,0,0,5,0,0,5,0,0,5,11,1,5,44,3,5,47,3,5,2,1,5,44,2
27,5,5,5,0,0,50,18.5,27.1433,0,3,1.3,30.7299,5,23,2,5,4,1,5,0,0,5,0,0,5,0,0,5,10,1,5,48,3,5,50,3,5,2,1,5,48,2
28,5,5,5,0,0,53,19.5,26.9412,0,3,1.3,30.7299,5,24,2,5,4,1,5,0,0,5,0,0,5,0,0,5,10,1,5,53,3,5,53,3,5,2,1,5,49,2
29,5,5,5,0,0,58,20.7,26.6596,0,3,1.3,30.7299,5,27,2,5,5,1,5,0,0,5,0,0,5,0,0,5,11,1,5,58,3,5,53,3,5,2,1,5,51,2
30,5,5,5,0,0,60,22.2,26.3417,0,3,1.3,30.7299,5,27,2,5,5,1,5,0,0,5,0,0,5,0,0,5,14,1,5,60,3,5,59,3,5,2,1,5,55,2
31,5,5,5,0,0,63,23.4,26.1016,0,3,1.3,30.7299,5,31,2,5,5,1,5,0,0,5,0,0,5,0,0,5,15,1,5,59,3,5,63,3,5,1,1,5,60,2
32,5,5,5,0,0,65,24.6,25.9204,0,3,1.3,30.7299,5,32,2,5,5,1,5,0,0,5,0,0,5,0,0,5,14,1,5,65,3,5,65,3,5,1,1,5,64,2
33,5,5,5,0,0,74,26.7,25.5937,0,3,1.3,30.7299,5,34,2,5,4,1,5,0,0,5,0,0,5,0,0,5,16,1,5,66,3,5,74,3,5,1,1,5,72,2
34,5,5,5,0,0,78,28.8,25.2809,0,3,1.3,30.7299,5,39,2,5,3,1,5,0,0,5,0,0,5,0,0,5,17,1,5,74,3,5,78,3,5,1,1,5,76,2
35,5,5,5,0,0,83,30.4,25.0328,0,3,1.3,30.7299,5,40,2,5,4,1,5,0,0,5,0,0,5,0,0,5,19,1,5,77,3,5,83,3,5,1,1,5,80,2
36,5,5,5,0,0,90,32.3,24.9024,0,3,1.3,30.7299,5,40,2,5,5,1,5,0,0,5,0,0,5,0,0,5,17,1,5,84,3,5,90,3,5,1,1,5,86,2
37,5,5,5,0,0,96,34.8,24.6645,0,3,1.3,30.7299,5,43,2,5,4,1,5,0,0,5,0,0,5,0,0,5,20,1,5,88,3,5,96,3,5,1,1,5,96,2
38,5,5,5,0,0,103,37.5,24.4968,0,3,1.2,30.7617,5,48,2,5,5,1,5,0,0,5,0,0,5,0,0,5,20,1,5,97,3,5,103,3,5,0,0,5,102,2
39,5,5,5,0,0,109,40.2,24.2715,0,3,1.2,30.7617,5,54,2,5,6,1,5,0,0,5,0,0,5,0,0,5,22,1,5,104,3,5,107,3,5,0,0,5,109,2
40,5,5,5,0,0,112,41.8,24.1965,0,3,1.2,30.7617,5,56,2,5,6,1,5,0,0,5,0,0,5,0,0,5,24,1,5,112,3,5,110,3,5,0,0,5,110,2
41,5,5,5,0,0,121,44.2,24.1854,0,3,1.2,30.7617,5,58,2,5,7,1,5,0,0,5,0,0,5,0,0,5,25,1,5,121,3,5,117,3,5,0,0,5,114,2
42,5,5,5,0,0,126,45.8,24.1141,0,3,1.2,30.7617,5,59,2,5,8,1,5,0,0,5,0,0,5,0,0,5,28,1,5,126,3,5,115,3,5,0,0,5,122,2
43,5,5,5,0,0,129,47.8,24.0291,0,3,1.2,30.7617,5,63,2,5,8,1,5,0,0,5,0,0,5,0,0,5,32,1,5,129,3,5,118,3,5,0,0,5,128,2
44,5,5,5,0,0,137,50.2,24.1157,0,3,1.2,30.7617,5,65,2,5,8,1,5,0,0,5,0,0,5,0,0,5,35,1,5,134,3,5,123,3,5,0,0,5,137,2
45,5,5,5,0,0,147,53.8,24.2531,0,3,1.2,30.7617,5,65,2,5,8,1,5,0,0,5,0,0,5,0,0,5,44,1,5,143,3,5,131,3,5,0,0,5,147,2
46,5,5,5,0,0,153,57.1,24.5898,0,3,1.2,30.7617,5,65,2,5,9,1,5,0,0,5,0,0,5,0,0,5,48,1,5,153,3,5,143,3,5,0,0,5,153,2
47,5,5,5,0,0,165,60.8,25.1194,0,3,1.2,30.7617,5,69,2,5,10,1,5,0,0,5,0,0,5,0,0,5,49,1,5,165,3,5,156,3,5,0,0,5,159,2
48,5,5,5,0,0,173,63.1,25.3296,0,3,1.2,30.7617,5,70,2,5,13,1,5,0,0,5,0,0,5,0,0,5,52,1,5,173,3,5,159,3,5,0,0,5,164,2
49,5,5,5,0,0,177,65.5,25.7682,0,3,1.2,30.7617,5,72,2,5,13,1,5,0,0,5,0,0,5,0,0,5,54,1,5,177,3,5,168,3,5,0,0,5,171,2
50,5,5,5,0,0,192,68.3,26.3181,0,3,1.2,30.7617,5,71,2,5,16,1,5,0,0,5,0,0,5,0,0,5,57,1,5,192,3,5,178,3,5,0,0,5,169,2
51,5,5,5,0,0,203,71.9,27.3441,0,3,1.2,30.7617,5,70,2,5,18,1,5,0,0,5,0,0,5,0,0,5,57,1,5,203,3,5,192,3,5,0,0,5,179,2
52,5,5,5,0,0,212,75.4,28.1598,0,3,1.2,30.7617,5,76,2,5,18,1,5,0,0,5,0,0,5,0,0,5,59,1,5,212,3,5,202,3,5,0,0,5,187,2
53,5,5,5,0,0,221,79.6,28.6711,0,3,1.2,30.7617,5,85,2,5,22,1,5,0,0,5,0,0,5,0,0,5,66,1,5,221,3,5,207,3,5,0,0,5,195,2
54,5,5,5,0,0,235,82.6,29.7222,0,3,1.2,30.7617,5,85,2,5,22,1,5,0,0,5,0,0,5,0,0,5,68,1,5,235,3,5,211,3,5,0,0,5,205,2
55,5,5,5,0,0,252,87.4,31.1565,0,3,1.2,30.7617,5,89,2,5,21,1,5,0,0,5,0,0,5,0,0,5,76,1,5,252,3,5,220,3,5,0,0,5,216,2
56,5,5,5,0,0,248,90.3,32.0973,0,3,1.2,30.7617,5,89,2,5,20,1,5,0,0,5,0,0,5,0,0,5,81,1,5,248,3,5,241,3,5,0,0,5,224,2
57,5,5,5,0,0,244,91.1,31.8503,0,3,1.2,30.7617,5,94,2,5,22,1,5,0,0,5,0,0,5,0,0,5,85,1,5,227,3,5,244,3,5,0,0,5,239,2
58,5,5,5,0,0,234,88.9,30.8016,0,3,1.2,30.7617,5,99,2,5,21,1,5,0,0,5,0,0,5,0,0,5,85,1,5,217,3,5,234,3,5,0,0,5,233,2
59,5,5,5,0,0,217,82,27.8745,0,3,1.2,30.7617,5,104,2,5,23,1,5,0,0,5,0,0,5,0,0,5,88,1,5,175,3,5,213,3,5,0,0,5,217,2
60,5,5,5,0,0,191,74.4,24.9856,0,3,1.2,30.7617,5,109,2,5,27,1,5,0,0,5,0,0,5,0,0,5,92,1,5,143,3,5,191,3,5,0,0,5,182,2
61,5,5,5,0,0,155,65.4,22.849,0,3,1.2,30.7617,5,110,2,5,28,1,5,0,0,5,0,0,5,0,0,5,94,1,5,112,3,5,155,3,5,0,0,5,155,2
62,5,5,5,0,0,125,59.3,21.8106,0,3,1.2,30.7617,5,123,2,5,30,1,5,0,0,5,0,0,5,0,0,5,95,1,5,104,3,5,116,3,5,0,0,5,125,2
63,5,5,5,0,0,130,58.4,21.8002,0,3,1.2,30.7617,5,130,2,5,29,1,5,0,0,5,0,0,5,0,0,5,103,1,5,102,3,5,111,3,5,0,0,5,109,2
64,5,5,5,0,0,142,58.8,21.9552,0,3,1.2,30.7617,5,142,2,5,30,1,5,0,0,5,0,0,5,0,0,5,107,1,5,102,3,5,106,3,5,0,0,5,101,2
65,5,5,5,0,0,151,59.9,22.0376,0,3,1.2,30.7617,5,151,2,5,34,1,5,0,0,5,0,0,5,0,0,5,112,1,5,100,3,5,100,3,5,0,0,5,102,2
66,5,5,5,0,0,157,61.7,22.124,0,3,1.2,30.7617,5,157,2,5,39,1,5,0,0,5,0,0,5,0,0,5,118,1,5,110,3,5,102,3,5,0,0,5,91,2
67,5,5,5,0,0,166,64.2,22.4884,0,3,1.2,30.7617,5,166,2,5,39,1,5,0,0,5,0,0,5,0,0,5,127,1,5,114,3,5,107,3,5,0,0,5,89,2
68,5,5,5,0,0,181,67.1,23.0261,0,3,1.2,30.7617,5,181,2,5,43,1,5,0,0,5,0,0,5,0,0,5,138,1,5,115,3,5,106,3,5,0,0,5,88,2
69,5,5,5,0,0,185,69.8,23.3457,0,3,1.2,30.7617,5,185,2,5,42,1,5,0,0,5,0,0,5,0,0,5,145,1,5,120,3,5,114,3,5,0,0,5,92,2
70,5,5,5,0,0,199,73.3,24.0299,0,3,1.2,30.7617,5,199,2,5,40,1,5,0,0,5,0,0,5,0,0,5,146,1,5,125,3,5,123,3,5,0,0,5,100,2
71,5,5,5,0,0,207,76,24.3856,0,3,1.2,30.7617,5,207,2,5,45,1,5,0,0,5,0,0,5,0,0,5,153,1,5,122,3,5,126,3,5,0,0,5,107,2
72,5,6,5.1,0.1,0,216,79.4,24.8625,0,3,1.2,30.7617,5,216,2,5,50,1,5,0,0,5,0,0,5,0,0,5,155,1,5,133,3,6,127,3,5,0,0,5,113,2
73,5,6,5.1,0.1,0,221,83.1,25.3664,0,3,1.2,30.7617,5,221,2,5,54,1,5,0,0,5,0,0,5,0,0,5,162,1,5,135,3,6,137,3,5,0,0,5,122,2
74,5,6,5.1,0.1,0,237,86.2,26.4458,0,3,1.2,30.7617,5,237,2,5,55,1,5,0,0,5,0,0,5,0,0,5,174,1,5,133,3,6,134,3,5,0,0,5,129,2
75,5,7,5.2,0.2,0,253,88.7,27.5815,0,14,2.3,30.4382,5,253,2,5,61,1,5,0,0,5,0,0,5,0,0,5,191,1,5,123,3,7,126,14,5,0,0,5,133,2
76,5,7,5.2,0.2,0,271,93,29.0154,0,13,2.2,30.4661,5,271,2,5,64,1,5,0,0,5,0,0,5,0,0,5,200,1,5,122,3,7,130,13,5,0,0,5,143,2
77,5,7,5.2,0.2,0,290,94.9,30.557,0,14,2.3,30.4382,5,290,2,5,66,1,5,0,0,5,0,0,5,0,0,5,214,1,5,113,3,7,120,14,5,0,0,5,146,2
78,5,7,5.2,0.2,0,321,98.9,33.0242,0,13,2.2,30.4661,5,321,2,5,75,1,5,0,0,5,0,0,5,0,0,5,231,1,5,108,3,7,112,13,5,0,0,5,142,2
79,5,7,5.2,0.2,0,331,100.5,34.0389,0,12,2.1,30.4943,5,331,2,5,78,1,5,0,0,5,0,0,5,0,0,5,241,1,5,111,3,7,105,12,5,0,0,5,139,2
80,5,7,5.2,0.2,0,352,102.4,35.5676,0,12,2.1,30.4943,5,352,2,5,85,1,5,0,0,5,0,0,5,0,0,5,246,1,5,107,3,7,105,12,5,0,0,5,129,2
81,5,7,5.2,0.2,0,357,106.8,36.7701,0,12,2.1,30.4943,5,357,2,5,93,1,5,0,0,5,0,0,5,0,0,5,265,1,5,110,3,7,106,12,5,0,0,5,137,2
82,5,7,5.2,0.2,0,329,104.7,35.6785,0,12,2.1,30.4943,5,329,2,5,94,1,5,0,0,5,0,0,5,0,0,5,283,1,5,104,3,7,108,12,5,0,0,5,129,2
83,5,7,5.2,0.2,0,301,103.5,34.4465,0,11,2,30.5228,5,293,2,5,100,1,5,0,0,5,0,0,5,0,0,5,301,1,5,108,3,7,114,11,5,0,0,5,119,2
84,5,7,5.2,0.2,0,312,99.1,31.8994,0,11,2,30.5228,5,225,2,5,105,1,5,0,0,5,0,0,5,0,0,5,312,1,5,115,3,7,120,11,5,0,0,5,114,2
85,5,7,5.2,0.2,0,328,93.7,30.9614,0,11,2,30.5228,5,152,2,5,110,1,5,0,0,5,0,0,5,0,0,5,328,1,5,117,3,7,117,11,5,0,0,5,113,2
86,5,7,5.2,0.2,0,350,92.3,32.2412,0,11,2,30.5228,5,106,2,5,119,1,5,0,0,5,0,0,5,0,0,5,350,1,5,114,3,7,121,11,5,0,0,5,113,2
87,5,7,5.2,0.2,0,373,94.5,34.1293,0,11,2,30.5228,5,90,2,5,127,1,5,0,0,5,0,0,5,0,0,5,373,1,5,117,3,7,120,11,5,0,0,5,118,2
88,5,7,5.2,0.2,0,388,97.7,35.4658,0,11,2,30.5228,5,91,2,5,140,1,5,0,0,5,0,0,5,0,0,5,388,1,5,118,3,7,122,11,5,0,0,5,118,2
89,5,7,5.2,0.2,0,416,99.9,37.8716,0,10,1.9,30.5516,5,81,2,5,147,1,5,0,0,5,0,0,5,0,0,5,416,1,5,118,3,7,123,10,5,0,0,5,114,2
90,5,7,5.2,0.2,0,379,98,35.1279,0,10,1.9,30.5516,5,74,2,5,157,1,5,0,0,5,0,0,5,0,0,5,379,1,5,127,3,7,120,10,5,0,0,5,123,2
91,5,7,5.2,0.2,0,327,93.6,31.484,0,10,1.9,30.5516,5,72,2,5,172,1,5,0,0,5,0,0,5,0,0,5,327,1,5,122,3,7,116,10,5,0,0,5,127,2
92,5,7,5.2,0.2,0,273,89.2,28.2769,0,10,1.8,30.583,5,73,2,5,188,1,5,0,0,5,0,0,5,0,0,5,273,1,5,120,2,7,114,10,5,0,0,5,124,2
93,5,7,5.2,0.2,0,194,80.9,23.8746,0,10,1.8,30.583,5,80,2,5,194,1,5,0,0,5,0,0,5,0,0,5,175,1,5,120,2,7,109,10,5,0,0,5,131,2
94,5,7,5.2,0.2,0,206,76.3,23.2296,0,10,1.8,30.583,5,84,2,5,206,1,5,0,0,5,0,0,5,0,0,5,111,1,5,120,2,7,112,10,5,0,0,5,130,2
95,5,7,5.2,0.2,0,219,75,23.683,0,9,1.7,30.6121,5,92,2,5,219,1,5,0,0,5,0,0,5,0,0,5,94,1,5,120,2,7,109,9,5,0,0,5,116,2
96,5,7,5.2,0.2,0,242,78.9,24.9856,0,9,1.7,30.6121,5,96,2,5,242,1,5,0,0,5,0,0,5,0,0,5,93,1,5,122,2,7,111,9,5,0,0,5,125,2
97,5,7,5.2,0.2,0,255,79.6,25.7689,0,9,1.7,30.6121,5,98,2,5,255,1,5,0,0,5,0,0,5,0,0,5,88,1,5,123,2,7,106,9,5,0,0,5,126,2
98,5,7,5.2,0.2,0,269,80.2,26.6069,0,9,1.7,30.6121,5,104,2,5,269,1,5,0,0,5,0,0,5,0,0,5,82,1,5,121,2,7,108,9,5,0,0,5,118,2
99,5,7,5.2,0.2,0,276,82.7,27.0248,0,8,1.6,30.6415,5,104,2,5,276,1,5,0,0,5,0,0,5,0,0,5,93,1,5,123,2,7,114,8,5,0,0,5,117,2
100,5,7,5.2,0.2,0,286,85.4,27.7113,0,8,1.6,30.6415,5,117,2,5,286,1,5,0,0,5,0,0,5,0,0,5,99,1,5,118,2,7,111,8,5,0,0,5,123,2
101,5,7,5.2,0.2,0,304,89.7,29.0381,0,8,1.6,30.6415,5,127,2,5,304,1,5,0,0,5,0,0,5,0,0,5,114,1,5,117,2,7,119,8,5,0,0,5,116,2
102,5,7,5.2,0.2,0,320,94,30.3805,0,8,1.6,30.6415,5,134,2,5,320,1,5,0,0,5,0,0,5,0,0,5,124,1,5,112,2,7,129,8,5,0,0,5,121,2
103,5,7,5.2,0.2,0,349,98.1,32.6249,0,7,1.5,30.6712,5,133,2,5,349,1,5,0,0,5,0,0,5,0,0,5,136,1,5,114,2,7,125,7,5,0,0,5,124,2
104,5,7,5.2,0.2,0,370,101,34.3117,0,7,1.5,30.6712,5,136,2,5,370,1,5,0,0,5,0,0,5,0,0,5,138,1,5,119,2,7,125,7,5,0,0,5,122,2
105,5,7,5.2,0.2,0,387,103.8,35.7899,0,7,1.5,30.6712,5,141,2,5,387,1,5,0,0,5,0,0,5,0,0,5,145,1,5,124,2,7,122,7,5,0,0,5,119,2
106,5,7,5.2,0.2,0,417,107.8,38.3194,0,7,1.5,30.6712,5,146,2,5,417,1,5,0,0,5,0,0,5,0,0,5,146,1,5,124,2,7,123,7,5,0,0,5,122,2
107,5,7,5.2,0.2,0,448,110.5,40.9556,0,7,1.5,30.6712,5,149,2,5,448,1,5,0,0,5,0,0,5,0,0,5,150,1,5,122,2,7,122,7,5,0,0,5,114,2
108,5,7,5.2,0.2,0,485,112.1,43.9436,0,6,1.4,30.7012,5,142,2,5,485,1,5,0,0,5,0,0,5,0,0,5,136,1,5,123,2,7,124,6,5,0,0,5,111,2
109,5,7,5.2,0.2,0,495,111.3,44.6757,0,7,1.5,30.6712,5,134,2,5,495,1,5,0,0,5,0,0,5,0,0,5,125,1,5,122,2,7,121,7,5,0,0,5,116,2
110,5,7,5.2,0.2,0,536,114.3,48.3057,0,7,1.5,30.6712,5,137,2,5,536,1,5,0,0,5,0,0,5,0,0,5,116,1,5,122,2,7,114,7,5,0,0,5,118,2
111,5,7,5.2,0.2,0,573,117.2,51.62,0,7,1.5,30.6712,5,128,2,5,573,1,5,0,0,5,0,0,5,0,0,5,112,1,5,126,2,7,114,7,5,0,0,5,119,2
112,5,7,5.2,0.2,0,583,117.2,52.4884,0,7,1.5,30.6712,5,115,2,5,583,1,5,0,0,5,0,0,5,0,0,5,113,1,5,124,2,7,120,7,5,0,0,5,117,2
113,5,7,5.2,0.2,0,537,111.9,48.2835,0,7,1.5,30.6712,5,115,2,5,537,1,5,0,0,5,0,0,5,0,0,5,108,1,5,124,2,7,122,7,5,0,0,5,113,2
114,5,7,5.2,0.2,0,412,98.2,37.3196,0,7,1.5,30.6712,5,115,2,5,412,1,5,0,0,5,0,0,5,0,0,5,105,1,5,117,2,7,120,7,5,0,0,5,113,2
115,5,7,5.2,0.2,0,327,88.1,30.5646,0,7,1.5,30.6712,5,108,2,5,327,1,5,0,0,5,0,0,5,0,0,5,95,1,5,118,2,7,115,7,5,0,0,5,118,2
116,5,7,5.2,0.2,0,193,76.3,22.648,0,7,1.5,30.6712,5,107,2,5,193,1,5,0,0,5,0,0,5,0,0,5,94,1,5,121,2,7,120,7,5,0,0,5,128,2
117,5,7,5.2,0.2,0,130,66.8,20.724,0,7,1.5,30.6712,5,101,2,5,93,1,5,0,0,5,0,0,5,0,0,5,99,1,5,124,2,7,121,7,5,0,0,5,130,2
118,5,7,5.2,0.2,0,125,64.7,20.8197,0,7,1.5,30.6712,5,105,2,5,72,1,5,0,0,5,0,0,5,0,0,5,104,1,5,118,2,7,123,7,5,0,0,5,125,2
119,5,7,5.2,0.2,0,123,65,20.8111,0,7,1.5,30.6712,5,108,2,5,71,1,5,0,0,5,0,0,5,0,0,5,111,1,5,118,2,7,123,7,5,0,0,5,119,2
120,5,7,5.2,0.2,0,123,64.7,20.9179,0,7,1.5,30.6712,5,111,2,5,65,1,5,0,0,5,0,0,5,0,0,5,111,1,5,118,2,7,123,7,5,0,0,5,119,2
121,5,7,5.2,0.2,0,121,63.8,21.0346,0,7,1.5,30.6712,5,118,2,5,58,1,5,0,0,5,0,0,5,0,0,5,115,1,5,113,2,7,121,7,5,0,0,5,113,2
122,5,7,5.2,0.2,0,120,64.2,21.1215,0,7,1.5,30.6712,5,120,2,5,56,1,5,0,0,5,0,0,5,0,0,5,119,1,5,110,2,7,120,7,5,0,0,5,117,2
123,5,8,5.3,0.3,0,124,64.8,21.1408,0,10,1.8,30.583,5,124,2,5,57,1,5,0,0,5,0,0,5,0,0,5,118,1,5,115,2,8,113,10,5,0,0,5,121,2
124,5,8,5.3,0.3,0,126,66.3,21.1553,0,10,1.8,30.583,5,124,2,5,61,1,5,0,0,5,0,0,5,0,0,5,126,1,5,119,2,8,115,10,5,0,0,5,118,2
125,5,8,5.3,0.3,0,135,67.8,21.2325,0,10,1.8,30.583,5,126,2,5,65,1,5,0,0,5,0,0,5,0,0,5,135,1,5,116,2,8,114,10,5,0,0,5,122,2
126,5,8,5.3,0.3,0,129,66.9,20.9585,0,10,1.8,30.583,5,120,2,5,72,1,5,0,0,5,0,0,5,0,0,5,129,1,5,120,2,8,110,10,5,0,0,5,118,2
127,5,8,5.3,0.3,0,131,68.5,20.9214,0,10,1.8,30.583,5,123,2,5,81,1,5,0,0,5,0,0,5,0,0,5,131,1,5,120,2,8,117,10,5,0,0,5,113,2
128,5,8,5.3,0.3,0,123,68.4,20.7698,0,10,1.8,30.583,5,123,2,5,88,1,5,0,0,5,0,0,5,0,0,5,119,1,5,120,2,8,122,10,5,0,0,5,112,2
129,5,8,5.3,0.3,0,121,67.9,20.7174,0,10,1.8,30.583,5,119,2,5,89,1,5,0,0,5,0,0,5,0,0,5,120,1,5,121,2,8,120,10,5,0,0,5,110,2
130,5,8,5.3,0.3,0,122,68.1,20.6523,0,10,1.8,30.583,5,118,2,5,97,1,5,0,0,5,0,0,5,0,0,5,122,1,5,110,2,8,122,10,5,0,0,5,112,2
131,5,8,5.3,0.3,0,126,69.3,20.6726,0,10,1.8,30.583,5,116,2,5,104,1,5,0,0,5,0,0,5,0,0,5,116,1,5,117,2,8,126,10,5,0,0,5,114,2
132,5,8,5.3,0.3,0,121,68.8,20.6131,0,9,1.7,30.6121,5,115,2,5,110,1,5,0,0,5,0,0,5,0,0,5,115,1,5,117,2,8,121,9,5,0,0,5,110,2
133,5,8,5.3,0.3,0,124,67.8,20.5881,0,9,1.7,30.6121,5,105,2,5,103,1,5,0,0,5,0,0,5,0,0,5,116,1,5,116,2,8,124,9,5,0,0,5,114,2
134,5,8,5.3,0.3,0,120,67.9,20.565,0,9,1.7,30.6121,5,105,2,5,113,1,5,0,0,5,0,0,5,0,0,5,111,1,5,118,2,8,120,9,5,0,0,5,112,2
135,5,8,5.3,0.3,0,125,70,20.7118,0,9,1.7,30.6121,5,107,2,5,125,1,5,0,0,5,0,0,5,0,0,5,113,1,5,118,2,8,116,9,5,0,0,5,121,2
136,5,8,5.3,0.3,0,136,71.8,20.934,0,9,1.7,30.6121,5,111,2,5,136,1,5,0,0,5,0,0,5,0,0,5,119,1,5,125,2,8,115,9,5,0,0,5,112,2
137,5,8,5.3,0.3,0,135,71.4,20.9104,0,9,1.7,30.6121,5,103,2,5,135,1,5,0,0,5,0,0,5,0,0,5,122,1,5,116,2,8,122,9,5,0,0,5,116,2
138,5,8,5.3,0.3,0,138,71.1,20.9349,0,9,1.8,30.5808,5,103,2,5,138,1,5,0,0,5,0,0,5,0,0,5,125,1,5,113,3,8,112,9,5,0,0,5,120,2
139,5,8,5.3,0.3,0,146,73.1,21.1567,0,8,1.7,30.6102,5,108,2,5,146,1,5,0,0,5,0,0,5,0,0,5,125,1,5,121,3,8,111,8,5,0,0,5,120,2
140,5,8,5.3,0.3,0,158,75.2,21.5133,0,8,1.7,30.6102,5,112,2,5,158,1,5,0,0,5,0,0,5,0,0,5,124,1,5,125,3,8,110,8,5,0,0,5,123,2
141,5,8,5.3,0.3,0,175,78.1,22.1027,0,8,1.7,30.6102,5,122,2,5,175,1,5,0,0,5,0,0,5,0,0,5,126,1,5,122,3,8,115,8,5,0,0,5,121,2
142,5,8,5.3,0.3,0,189,78.4,22.5107,0,7,1.6,30.6399,5,114,2,5,189,1,5,0,0,5,0,0,5,0,0,5,119,1,5,118,3,8,120,7,5,0,0,5,124,2
143,5,8,5.3,0.3,0,200,78.9,22.9491,0,7,1.6,30.6399,5,110,2,5,200,1,5,0,0,5,0,0,5,0,0,5,111,1,5,125,3,8,122,7,5,0,0,5,121,2
144,5,8,5.3,0.3,0,178,76.6,22.0497,0,7,1.6,30.6399,5,115,2,5,178,1,5,0,0,5,0,0,5,0,0,5,115,1,5,119,3,8,117,7,5,0,0,5,122,2
145,5,8,5.3,0.3,0,163,76.1,21.6821,0,7,1.6,30.6399,5,117,2,5,163,1,5,0,0,5,0,0,5,0,0,5,108,1,5,123,3,8,127,7,5,0,0,5,123,2
146,5,8,5.3,0.3,0,161,77.4,21.7689,0,7,1.6,30.6399,5,125,2,5,161,1,5,0,0,5,0,0,5,0,0,5,115,1,5,114,3,8,133,7,5,0,0,5,126,2
147,5,8,5.3,0.3,0,150,74.9,21.3228,0,7,1.6,30.6399,5,120,2,5,150,1,5,0,0,5,0,0,5,0,0,5,114,1,5,118,3,8,125,7,5,0,0,5,122,2
148,5,8,5.3,0.3,0,127,72.5,20.8966,0,7,1.6,30.6399,5,120,2,5,126,1,5,0,0,5,0,0,5,0,0,5,116,1,5,116,3,8,120,7,5,0,0,5,127,2
149,5,8,5.3,0.3,0,122,70.9,20.7598,0,6,1.5,30.6699,5,121,2,5,119,1,5,0,0,5,0,0,5,0,0,5,120,1,5,111,3,8,116,6,5,0,0,5,122,2
150,5,8,5.3,0.3,0,129,70.7,20.767,0,6,1.5,30.6699,5,115,2,5,118,1,5,0,0,5,0,0,5,0,0,5,120,1,5,108,3,8,117,6,5,0,0,5,129,2
151,5,8,5.3,0.3,0,121,68.9,20.6178,0,5,1.4,30.7002,5,112,2,5,117,1,5,0,0,5,0,0,5,0,0,5,118,1,5,110,3,8,111,5,5,0,0,5,121,2
152,5,8,5.3,0.3,0,119,68.4,20.5777,0,5,1.4,30.7002,5,110,2,5,111,1,5,0,0,5,0,0,5,0,0,5,116,1,5,119,3,8,111,5,5,0,0,5,117,2
153,5,8,5.3,0.3,0,122,69.4,20.6513,0,5,1.4,30.7002,5,119,2,5,111,1,5,0,0,5,0,0,5,0,0,5,114,1,5,122,3,8,114,5,5,0,0,5,114,2
154,5,8,5.3,0.3,0,125,70.8,20.7736,0,5,1.4,30.7002,5,125,2,5,118,1,5,0,0,5,0,0,5,0,0,5,114,1,5,122,3,8,110,5,5,0,0,5,119,2
155,5,8,5.3,0.3,0,121,71.1,20.7679,0,5,1.4,30.7002,5,121,2,5,120,1,5,0,0,5,0,0,5,0,0,5,119,1,5,113,3,8,117,5,5,0,0,5,121,2
156,5,8,5.3,0.3,0,124,70.3,20.7345,0,5,1.4,30.7002,5,113,2,5,124,1,5,0,0,5,0,0,5,0,0,5,123,1,5,110,3,8,117,5,5,0,0,5,116,2
157,5,8,5.3,0.3,0,125,69.1,20.6542,0,5,1.4,30.7002,5,112,2,5,125,1,5,0,0,5,0,0,5,0,0,5,117,1,5,110,3,8,112,5,5,0,0,5,115,2
158,5,8,5.3,0.3,0,137,69.8,20.8117,0,5,1.4,30.7002,5,108,2,5,137,1,5,0,0,5,0,0,5,0,0,5,118,1,5,110,3,8,110,5,5,0,0,5,115,2
159,5,8,5.3,0.3,0,131,68.9,20.729,0,5,1.4,30.7002,5,104,2,5,131,1,5,0,0,5,0,0,5,0,0,5,119,1,5,108,3,8,107,5,5,0,0,5,120,2
160,5,8,5.3,0.3,0,132,69,20.7409,0,5,1.4,30.7002,5,101,2,5,132,1,5,0,0,5,0,0,5,0,0,5,119,1,5,116,3,8,110,5,5,0,0,5,112,2
161,5,8,5.3,0.3,0,123,68.4,20.6543,0,5,1.4,30.7002,5,102,2,5,122,1,5,0,0,5,0,0,5,0,0,5,123,1,5,117,3,8,112,5,5,0,0,5,108,2
162,5,8,5.3,0.3,0,123,69.5,20.6972,0,5,1.4,30.7002,5,110,2,5,123,1,5,0,0,5,0,0,5,0,0,5,118,1,5,122,3,8,115,5,5,0,0,5,107,2
163,5,8,5.3,0.3,0,126,69.7,20.7639,0,5,1.4,30.7002,5,112,2,5,126,1,5,0,0,5,0,0,5,0,0,5,123,1,5,111,3,8,122,5,5,0,0,5,103,2
164,5,8,5.3,0.3,0,120,69.2,20.6851,0,5,1.4,30.7002,5,117,2,5,120,1,5,0,0,5,0,0,5,0,0,5,119,1,5,120,3,8,112,5,5,0,0,5,104,2
165,5,8,5.3,0.3,0,122,68.2,20.5953,0,5,1.4,30.7002,5,114,2,5,110,1,5,0,0,5,0,0,5,0,0,5,122,1,5,117,3,8,111,5,5,0,0,5,108,2
166,5,8,5.3,0.3,0,117,67.5,20.5271,0,5,1.4,30.7002,5,112,2,5,112,1,5,0,0,5,0,0,5,0,0,5,117,1,5,111,3,8,111,5,5,0,0,5,112,2
167,5,8,5.3,0.3,0,117,68,20.556,0,5,1.4,30.7002,5,117,2,5,111,1,5,0,0,5,0,0,5,0,0,5,114,1,5,111,3,8,115,5,5,0,0,5,112,2
168,5,8,5.3,0.3,0,121,70.2,20.6895,0,5,1.4,30.7002,5,114,2,5,115,1,5,0,0,5,0,0,5,0,0,5,121,1,5,115,3,8,117,5,5,0,0,5,120,2
169,5,8,5.3,0.3,0,121,69.6,20.6647,0,5,1.4,30.7002,5,108,2,5,116,1,5,0,0,5,0,0,5,0,0,5,121,1,5,113,3,8,121,5,5,0,0,5,117,2
170,5,8,5.3,0.3,0,121,68.5,20.5982,0,5,1.4,30.7002,5,107,2,5,118,1,5,0,0,5,0,0,5,0,0,5,110,1,5,114,3,8,121,5,5,0,0,5,115,2
171,5,8,5.3,0.3,0,128,71.1,20.8043,0,5,1.4,30.7002,5,110,2,5,128,1,5,0,0,5,0,0,5,0,0,5,117,1,5,116,3,8,124,5,5,0,0,5,116,2
172,5,8,5.3,0.3,0,127,72,20.8518,0,5,1.4,30.7002,5,115,2,5,127,1,5,0,0,5,0,0,5,0,0,5,120,1,5,118,3,8,122,5,5,0,0,5,118,2
173,5,8,5.3,0.3,0,137,73.8,21.0697,0,5,1.4,30.7002,5,114,2,5,137,1,5,0,0,5,0,0,5,0,0,5,118,1,5,123,3,8,123,5,5,0,0,5,123,2
174,5,8,5.3,0.3,0,134,72.8,20.9829,0,5,1.4,30.7002,5,123,2,5,134,1,5,0,0,5,0,0,5,0,0,5,118,1,5,119,3,8,111,5,5,0,0,5,123,2
175,5,8,5.3,0.3,0,132,74,21.0818,0,5,1.4,30.7002,5,127,2,5,132,1,5,0,0,5,0,0,5,0,0,5,114,1,5,121,3,8,117,5,5,0,0,5,129,2
176,5,8,5.3,0.3,0,129,73.7,21.0178,0,5,1.4,30.7002,5,126,2,5,129,1,5,0,0,5,0,0,5,0,0,5,116,1,5,122,3,8,120,5,5,0,0,5,124,2
177,5,8,5.3,0.3,0,129,72.2,20.9048,0,5,1.4,30.7002,5,129,2,5,125,1,5,0,0,5,0,0,5,0,0,5,112,1,5,119,3,8,115,5,5,0,0,5,122,2
178,5,8,5.3,0.3,0,126,71.9,20.851,0,5,1.4,30.7002,5,123,2,5,126,1,5,0,0,5,0,0,5,0,0,5,114,1,5,116,3,8,118,5,5,0,0,5,122,2
179,5,8,5.3,0.3,0,123,70.5,20.7345,0,5,1.4,30.7002,5,121,2,5,123,1,5,0,0,5,0,0,5,0,0,5,114,1,5,113,3,8,116,5,5,0,0,5,118,2
180,5,8,5.3,0.3,0,125,71,20.786,0,5,1.3,30.7315,5,120,2,5,122,1,5,0,0,5,0,0,5,0,0,5,116,1,5,108,2,8,119,5,5,0,0,5,125,2
181,5,8,5.3,0.3,0,125,70.3,20.7333,0,5,1.3,30.7315,5,121,2,5,119,1,5,0,0,5,0,0,5,0,0,5,115,1,5,108,2,8,115,5,5,0,0,5,125,2
182,5,8,5.3,0.3,0,129,69.7,20.7492,0,5,1.3,30.7315,5,129,2,5,112,1,5,0,0,5,0,0,5,0,0,5,119,1,5,103,2,8,115,5,5,0,0,5,119,2
183,5,8,5.3,0.3,0,123,71.1,20.7937,0,5,1.3,30.7315,5,122,2,5,111,1,5,0,0,5,0,0,5,0,0,5,123,1,5,110,2,8,122,5,5,0,0,5,123,2
184,5,8,5.3,0.3,0,125,71,20.7762,0,5,1.3,30.7315,5,122,2,5,114,1,5,0,0,5,0,0,5,0,0,5,125,1,5,112,2,8,117,5,5,0,0,5,120,2
185,5,8,5.3,0.3,0,128,72,20.888,0,5,1.2,30.763,5,128,2,5,123,1,5,0,0,5,0,0,5,0,0,5,121,1,5,112,1,8,122,5,5,0,0,5,114,2
186,5,8,5.3,0.3,0,129,72.8,20.9531,0,5,1.2,30.763,5,114,2,5,126,1,5,0,0,5,0,0,5,0,0,5,129,1,5,118,1,8,126,5,5,0,0,5,115,2
187,5,8,5.3,0.3,0,129,72,20.8823,0,5,1.2,30.763,5,114,2,5,116,1,5,0,0,5,0,0,5,0,0,5,125,1,5,124,1,8,129,5,5,0,0,5,112,2
188,5,8,5.3,0.3,0,131,73.1,21.0025,0,5,1.2,30.763,5,107,2,5,131,1,5,0,0,5,0,0,5,0,0,5,123,1,5,119,1,8,128,5,5,0,0,5,123,2
189,5,8,5.3,0.3,0,124,70.9,20.7519,0,5,1.2,30.763,5,113,2,5,114,1,5,0,0,5,0,0,5,0,0,5,116,1,5,123,1,8,124,5,5,0,0,5,119,2
190,5,8,5.3,0.3,0,127,71.6,20.8184,0,5,1.2,30.763,5,112,2,5,120,1,5,0,0,5,0,0,5,0,0,5,121,1,5,127,1,8,117,5,5,0,0,5,119,2
191,5,8,5.3,0.3,0,127,71.2,20.803,0,5,1.2,30.763,5,113,2,5,113,1,5,0,0,5,0,0,5,0,0,5,126,1,5,127,1,8,116,5,5,0,0,5,117,2
192,5,8,5.3,0.3,0,129,71.1,20.8133,0,5,1.2,30.763,5,113,2,5,110,1,5,0,0,5,0,0,5,0,0,5,126,1,5,129,1,8,114,5,5,0,0,5,119,2
193,5,8,5.3,0.3,0,133,71,20.8316,0,5,1.2,30.763,5,108,2,5,118,1,5,0,0,5,0,0,5,0,0,5,133,1,5,120,1,8,111,5,5,0,0,5,120,2
194,5,8,5.3,0.3,0,130,72.1,20.9235,0,5,1.2,30.763,5,115,2,5,127,1,5,0,0,5,0,0,5,0,0,5,130,1,5,123,1,8,116,5,5,0,0,5,110,2
195,5,8,5.3,0.3,0,130,70.7,20.8441,0,5,1.2,30.763,5,110,2,5,129,1,5,0,0,5,0,0,5,0,0,5,130,1,5,116,1,8,113,5,5,0,0,5,109,2
196,5,8,5.3,0.3,0,123,70.8,20.7603,0,5,1.2,30.763,5,109,2,5,123,1,5,0,0,5,0,0,5,0,0,5,122,1,5,120,1,8,118,5,5,0,0,5,116,2
197,5,8,5.3,0.3,0,121,68.7,20.6157,0,5,1.2,30.763,5,109,2,5,121,1,5,0,0,5,0,0,5,0,0,5,115,1,5,114,1,8,118,5,5,0,0,5,110,2
198,5,8,5.3,0.3,0,118,69,20.6102,0,5,1.2,30.763,5,114,2,5,116,1,5,0,0,5,0,0,5,0,0,5,113,1,5,116,1,8,118,5,5,0,0,5,113,2
199,5,8,5.3,0.3,0,125,70.5,20.7877,0,5,1.2,30.763,5,125,2,5,124,1,5,0,0,5,0,0,5,0,0,5,109,1,5,113,1,8,123,5,5,0,0,5,111,2
200,5,8,5.3,0.3,0,123,70,20.7058,0,5,1.2,30.763,5,123,2,5,116,1,5,0,0,5,0,0,5,0,0,5,110,1,5,114,1,8,122,5,5,0,0,5,115,2
201,5,8,5.3,0.3,0,125,69.2,20.6603,0,5,1.2,30.763,5,125,2,5,114,1,5,0,0,5,0,0,5,0,0,5,116,1,5,111,1,8,113,5,5,0,0,5,113,2
202,5,8,5.3,0.3,0,129,69.3,20.7,0,5,1.2,30.763,5,129,2,5,107,1,5,0,0,5,0,0,5,0,0,5,117,1,5,111,1,8,113,5,5,0,0,5,116,2
203,5,8,5.3,0.3,0,129,70.4,20.7728,0,5,1.2,30.763,5,129,2,5,110,1,5,0,0,5,0,0,5,0,0,5,118,1,5,116,1,8,109,5,5,0,0,5,122,2
204,5,8,5.3,0.3,0,132,71.4,20.852,0,5,1.2,30.763,5,132,2,5,109,1,5,0,0,5,0,0,5,0,0,5,116,1,5,115,1,8,120,5,5,0,0,5,122,2
205,5,8,5.3,0.3,0,127,71.8,20.8358,0,5,1.2,30.763,5,124,2,5,112,1,5,0,0,5,0,0,5,0,0,5,117,1,5,120,1,8,118,5,5,0,0,5,127,2
206,5,8,5.3,0.3,0,130,74.4,21.0781,0,5,1.2,30.763,5,118,2,5,123,1,5,0,0,5,0,0,5,0,0,5,117,1,5,127,1,8,129,5,5,0,0,5,130,2
207,5,8,5.3,0.3,0,138,76.5,21.3547,0,5,1.2,30.763,5,122,2,5,124,1,5,0,0,5,0,0,5,0,0,5,126,1,5,137,1,8,118,5,5,0,0,5,138,2
208,5,8,5.3,0.3,0,133,75.4,21.192,0,5,1.2,30.763,5,118,2,5,120,1,5,0,0,5,0,0,5,0,0,5,123,1,5,133,1,8,131,5,5,0,0,5,129,2
209,5,8,5.3,0.3,0,130,73.5,20.9952,0,5,1.2,30.763,5,115,2,5,122,1,5,0,0,5,0,0,5,0,0,5,121,1,5,130,1,8,118,5,5,0,0,5,129,2
210,5,8,5.3,0.3,0,130,71.7,20.8683,0,5,1.2,30.763,5,110,2,5,116,1,5,0,0,5,0,0,5,0,0,5,126,1,5,130,1,8,112,5,5,0,0,5,123,2
211,5,8,5.3,0.3,0,126,70.8,20.7801,0,4,1.1,30.7935,5,116,2,5,113,1,5,0,0,5,0,0,5,0,0,5,120,1,5,126,1,8,108,4,5,0,0,5,125,2
212,5,8,5.3,0.3,0,124,70.1,20.7096,0,4,1.1,30.7935,5,119,2,5,118,1,5,0,0,5,0,0,5,0,0,5,111,1,5,124,1,8,112,4,5,0,0,5,117,2
213,5,8,5.3,0.3,0,127,69.8,20.7225,0,4,1.1,30.7935,5,115,2,5,127,1,5,0,0,5,0,0,5,0,0,5,106,1,5,120,1,8,114,4,5,0,0,5,116,2
214,5,8,5.3,0.3,0,124,70.2,20.7169,0,4,1.1,30.7935,5,108,2,5,124,1,5,0,0,5,0,0,5,0,0,5,114,1,5,120,1,8,117,4,5,0,0,5,119,2
215,5,8,5.3,0.3,0,123,70.9,20.7601,0,4,1.1,30.7935,5,113,2,5,122,1,5,0,0,5,0,0,5,0,0,5,112,1,5,123,1,8,117,4,5,0,0,5,122,2
216,5,8,5.3,0.3,0,120,70.1,20.6836,0,4,1.1,30.7935,5,114,2,5,117,1,5,0,0,5,0,0,5,0,0,5,120,1,5,118,1,8,114,4,5,0,0,5,118,2
217,5,8,5.3,0.3,0,123,70.4,20.727,0,4,1.1,30.7935,5,120,2,5,123,1,5,0,0,5,0,0,5,0,0,5,114,1,5,115,1,8,118,4,5,0,0,5,114,2
218,5,8,5.3,0.3,0,123,70.2,20.7208,0,4,1.1,30.7935,5,114,2,5,119,1,5,0,0,5,0,0,5,0,0,5,114,1,5,122,1,8,123,4,5,0,0,5,110,2
219,5,8,5.3,0.3,0,131,71.3,20.8198,0,4,1.1,30.7935,5,121,2,5,114,1,5,0,0,5,0,0,5,0,0,5,118,1,5,113,1,8,131,4,5,0,0,5,116,2
220,5,8,5.3,0.3,0,123,70.7,20.7513,0,4,1.1,30.7935,5,123,2,5,117,1,5,0,0,5,0,0,5,0,0,5,115,1,5,119,1,8,121,4,5,0,0,5,112,2
221,5,8,5.3,0.3,0,125,71.3,20.8343,0,4,1.1,30.7935,5,124,2,5,119,1,5,0,0,5,0,0,5,0,0,5,109,1,5,124,1,8,125,4,5,0,0,5,112,2
222,5,8,5.3,0.3,0,127,70.9,20.8042,0,4,1.1,30.7935,5,124,2,5,118,1,5,0,0,5,0,0,5,0,0,5,109,1,5,127,1,8,119,4,5,0,0,5,112,2
223,5,8,5.3,0.3,0,126,71.4,20.8255,0,4,1.1,30.7935,5,126,2,5,119,1,5,0,0,5,0,0,5,0,0,5,117,1,5,124,1,8,116,4,5,0,0,5,112,2
224,5,8,5.3,0.3,0,129,71.8,20.8569,0,3,1,30.8244,5,129,2,5,116,1,5,0,0,5,0,0,5,0,0,5,116,1,5,121,1,8,113,3,5,0,0,5,123,2
225,5,8,5.3,0.3,0,135,73.5,21.0465,0,3,1,30.8244,5,128,2,5,118,1,5,0,0,5,0,0,5,0,0,5,121,1,5,123,1,8,110,3,5,0,0,5,135,2
226,5,8,5.3,0.3,0,128,72.2,20.8684,0,3,1,30.8244,5,123,2,5,117,1,5,0,0,5,0,0,5,0,0,5,120,1,5,120,1,8,114,3,5,0,0,5,128,2
227,5,8,5.3,0.3,0,128,73.7,21.0253,0,3,1,30.8244,5,126,2,5,128,1,5,0,0,5,0,0,5,0,0,5,121,1,5,121,1,8,114,3,5,0,0,5,127,2
228,5,8,5.3,0.3,0,126,73,20.9315,0,3,1,30.8244,5,120,2,5,126,1,5,0,0,5,0,0,5,0,0,5,117,1,5,121,1,8,120,3,5,0,0,5,126,2
229,5,8,5.3,0.3,0,128,72.1,20.8748,0,3,1,30.8244,5,120,2,5,128,1,5,0,0,5,0,0,5,0,0,5,122,1,5,113,1,8,119,3,5,0,0,5,119,2
230,5,8,5.3,0.3,0,130,71.6,20.8554,0,3,1,30.8244,5,119,2,5,130,1,5,0,0,5,0,0,5,0,0,5,121,1,5,114,1,8,119,3,5,0,0,5,113,2
231,5,8,5.3,0.3,0,124,70.5,20.7303,0,3,1,30.8244,5,120,2,5,115,1,5,0,0,5,0,0,5,0,0,5,124,1,5,113,1,8,115,3,5,0,0,5,118,2
232,5,8,5.3,0.3,0,124,71.5,20.8056,0,3,1,30.8244,5,124,2,5,117,1,5,0,0,5,0,0,5,0,0,5,119,1,5,114,1,8,117,3,5,0,0,5,124,2
233,5,8,5.3,0.3,0,125,70.5,20.7604,0,3,1,30.8244,5,125,2,5,116,1,5,0,0,5,0,0,5,0,0,5,108,1,5,118,1,8,113,3,5,0,0,5,125,2
234,5,8,5.3,0.3,0,127,71.1,20.8102,0,3,1,30.8244,5,126,2,5,114,1,5,0,0,5,0,0,5,0,0,5,108,1,5,119,1,8,117,3,5,0,0,5,127,2
235,5,8,5.3,0.3,0,127,70.2,20.7197,0,3,1,30.8244,5,121,2,5,114,1,5,0,0,5,0,0,5,0,0,5,114,1,5,111,1,8,115,3,5,0,0,5,127,2
236,5,8,5.3,0.3,0,122,70.1,20.7141,0,3,1,30.8244,5,122,2,5,115,1,5,0,0,5,0,0,5,0,0,5,117,1,5,107,1,8,119,3,5,0,0,5,121,2
237,5,8,5.3,0.3,0,122,70.8,20.751,0,3,1,30.8244,5,114,2,5,122,1,5,0,0,5,0,0,5,0,0,5,120,1,5,119,1,8,120,3,5,0,0,5,113,2
238,5,8,5.3,0.3,0,120,69.2,20.6323,0,3,1,30.8244,5,112,2,5,120,1,5,0,0,5,0,0,5,0,0,5,110,1,5,116,1,8,118,3,5,0,0,5,116,2
239,5,8,5.3,0.3,0,120,68.9,20.624,0,3,1,30.8244,5,115,2,5,114,1,5,0,0,5,0,0,5,0,0,5,120,1,5,118,1,8,113,3,5,0,0,5,109,2
240,5,8,5.3,0.3,0,120,69.5,20.6561,0,3,1,30.8244,5,112,2,5,118,1,5,0,0,5,0,0,5,0,0,5,120,1,5,117,1,8,117,3,5,0,0,5,111,2
241,5,8,5.3,0.3,0,117,68,20.5714,0,3,1,30.8244,5,114,2,5,115,1,5,0,0,5,0,0,5,0,0,5,117,1,5,107,1,8,117,3,5,0,0,5,110,2
242,5,8,5.4,0.316228,0,123,70.8,20.77,0,3,1,30.8244,5,120,2,6,123,1,5,0,0,5,0,0,5,0,0,5,123,1,5,111,1,8,114,3,5,0,0,5,117,2
243,5,8,5.4,0.316228,0,131,72.2,20.9113,0,3,1,30.8244,5,120,2,6,131,1,5,0,0,5,0,0,5,0,0,5,123,1,5,111,1,8,116,3,5,0,0,5,121,2
244,5,8,5.4,0.316228,0,125,70.5,20.7439,0,3,1,30.8244,5,125,2,6,119,1,5,0,0,5,0,0,5,0,0,5,115,1,5,111,1,8,115,3,5,0,0,5,120,2
245,5,8,5.4,0.316228,0,130,70.9,20.8066,0,3,1,30.8244,5,130,2,6,117,1,5,0,0,5,0,0,5,0,0,5,114,1,5,114,1,8,111,3,5,0,0,5,123,2
246,5,8,5.4,0.316228,0,126,71.5,20.8566,0,3,1,30.8244,5,123,2,6,122,1,5,0,0,5,0,0,5,0,0,5,108,1,5,125,1,8,111,3,5,0,0,5,126,2
247,5,8,5.4,0.316228,0,128,71.4,20.8709,0,3,1,30.8244,5,122,2,6,128,1,5,0,0,5,0,0,5,0,0,5,106,1,5,123,1,8,111,3,5,0,0,5,124,2
248,5,8,5.4,0.316228,0,126,71.2,20.8023,0,3,1,30.8244,5,126,2,6,122,1,5,0,0,5,0,0,5,0,0,5,111,1,5,116,1,8,118,3,5,0,0,5,119,2
249,5,8,5.5,0.331662,0,124,70.6,20.7595,0,3,1,30.8244,5,121,2,6,121,1,5,0,0,5,0,0,5,0,0,6,108,1,5,117,1,8,124,3,5,0,0,5,115,2
250,5,8,5.5,0.331662,0,125,71.2,20.7968,0,3,1,30.8244,5,125,2,6,123,1,5,0,0,5,0,0,5,0,0,6,114,1,5,115,1,8,118,3,5,0,0,5,117,2
251,5,8,5.5,0.331662,0,123,71.4,20.8077,0,3,1,30.8244,5,121,2,6,123,1,5,0,0,5,0,0,5,0,0,6,121,1,5,118,1,8,111,3,5,0,0,5,120,2
252,5,8,5.5,0.331662,0,130,71.7,20.9015,0,3,1,30.8244,5,122,2,6,123,1,5,0,0,5,0,0,5,0,0,6,130,1,5,120,1,8,105,3,5,0,0,5,117,2
253,5,8,5.5,0.331662,0,121,69,20.6586,0,3,1,30.8244,5,117,2,6,121,1,5,0,0,5,0,0,5,0,0,6,121,1,5,108,1,8,108,3,5,0,0,5,115,2
254,5,8,5.5,0.331662,0,124,68.1,20.6203,0,3,1,30.8244,5,115,2,6,124,1,5,0,0,5,0,0,5,0,0,6,110,1,5,107,1,8,106,3,5,0,0,5,119,2
255,5,8,5.5,0.331662,0,123,69,20.6526,0,3,1,30.8244,5,117,2,6,123,1,5,0,0,5,0,0,5,0,0,6,109,1,5,108,1,8,113,3,5,0,0,5,120,2
256,5,8,5.5,0.331662,0,126,69.7,20.6767,0,3,1,30.8244,5,114,2,6,116,1,5,0,0,5,0,0,5,0,0,6,112,1,5,112,1,8,126,3,5,0,0,5,117,2
257,5,8,5.5,0.331662,0,125,71.1,20.7798,0,3,1,30.8244,5,123,2,6,113,1,5,0,0,5,0,0,5,0,0,6,118,1,5,114,1,8,125,3,5,0,0,5,118,2
258,5,8,5.5,0.331662,0,135,71.9,20.8933,0,3,1,30.8244,5,119,2,6,115,1,5,0,0,5,0,0,5,0,0,6,121,1,5,111,1,8,135,3,5,0,0,5,118,2
259,5,8,5.5,0.331662,0,126,70.6,20.7688,0,3,1,30.8244,5,115,2,6,115,1,5,0,0,5,0,0,5,0,0,6,123,1,5,106,1,8,126,3,5,0,0,5,121,2
260,5,8,5.5,0.331662,0,130,71.7,20.8926,0,3,1,30.8244,5,122,2,6,113,1,5,0,0,5,0,0,5,0,0,6,130,1,5,106,1,8,126,3,5,0,0,5,120,2
261,5,8,5.5,0.331662,0,127,71.6,20.8473,0,3,1,30.8244,5,121,2,6,116,1,5,0,0,5,0,0,5,0,0,6,127,1,5,113,1,8,126,3,5,0,0,5,113,2
262,5,8,5.5,0.331662,0,125,70.9,20.7773,0,3,1,30.8244,5,115,2,6,118,1,5,0,0,5,0,0,5,0,0,6,125,1,5,112,1,8,125,3,5,0,0,5,114,2
263,5,8,5.5,0.331662,0,125,71.5,20.7966,0,3,1,30.8244,5,114,2,6,120,1,5,0,0,5,0,0,5,0,0,6,118,1,5,120,1,8,125,3,5,0,0,5,118,2
264,5,8,5.5,0.331662,0,125,71.2,20.7695,0,3,1,30.8244,5,118,2,6,115,1,5,0,0,5,0,0,5,0,0,6,116,1,5,118,1,8,125,3,5,0,0,5,120,2
265,5,8,5.5,0.331662,0,123,70.6,20.7484,0,3,1,30.8244,5,123,2,6,109,1,5,0,0,5,0,0,5,0,0,6,123,1,5,117,1,8,115,3,5,0,0,5,119,2
266,5,8,5.5,0.331662,0,126,70.5,20.7486,0,3,1,30.8244,5,122,2,6,112,1,5,0,0,5,0,0,5,0,0,6,126,1,5,114,1,8,113,3,5,0,0,5,118,2
267,5,8,5.5,0.331662,0,123,67.9,20.5961,0,3,1,30.8244,5,119,2,6,104,1,5,0,0,5,0,0,5,0,0,6,116,1,5,109,1,8,108,3,5,0,0,5,123,2
268,5,8,5.5,0.331662,0,122,69.7,20.6667,0,3,1,30.8244,5,118,2,6,109,1,5,0,0,5,0,0,5,0,0,6,117,1,5,118,1,8,113,3,5,0,0,5,122,2
269,5,8,5.5,0.331662,0,117,68,20.5632,0,3,1,30.8244,5,116,2,6,117,1,5,0,0,5,0,0,5,0,0,6,108,1,5,113,1,8,113,3,5,0,0,5,113,2
270,5,8,5.5,0.331662,0,121,69.5,20.6657,0,3,1,30.8244,5,121,2,6,114,1,5,0,0,5,0,0,5,0,0,6,107,1,5,115,1,8,118,3,5,0,0,5,120,2
271,5,8,5.5,0.331662,0,126,71.1,20.7984,0,3,1.1,30.7929,5,126,2,6,121,2,5,0,0,5,0,0,5,0,0,6,109,1,5,117,1,8,118,3,5,0,0,5,120,2
272,5,8,5.5,0.331662,0,129,71.1,20.8051,0,3,1,30.8244,5,129,2,6,120,1,5,0,0,5,0,0,5,0,0,6,115,1,5,116,1,8,115,3,5,0,0,5,116,2
273,5,8,5.5,0.331662,0,120,70,20.6825,0,3,1,30.8244,5,118,2,6,120,1,5,0,0,5,0,0,5,0,0,6,113,1,5,117,1,8,115,3,5,0,0,5,117,2
274,5,8,5.5,0.331662,0,125,71.4,20.7896,0,3,1,30.8244,5,119,2,6,120,1,5,0,0,5,0,0,5,0,0,6,119,1,5,116,1,8,115,3,5,0,0,5,125,2
275,5,8,5.5,0.331662,0,125,69.5,20.6639,0,3,1.1,30.7929,5,118,2,6,116,2,5,0,0,5,0,0,5,0,0,6,113,1,5,111,1,8,112,3,5,0,0,5,125,2
276,5,8,5.5,0.331662,0,124,68.2,20.6034,0,3,1,30.8244,5,117,2,6,114,1,5,0,0,5,0,0,5,0,0,6,113,1,5,106,1,8,108,3,5,0,0,5,124,2
277,5,8,5.5,0.331662,0,124,68.6,20.6586,0,3,1,30.8244,5,124,2,6,116,1,5,0,0,5,0,0,5,0,0,6,113,1,5,102,1,8,111,3,5,0,0,5,120,2
278,5,8,5.5,0.331662,0,126,70.3,20.7581,0,3,1,30.8244,5,126,2,6,121,1,5,0,0,5,0,0,5,0,0,6,114,1,5,109,1,8,111,3,5,0,0,5,122,2
279,5,8,5.5,0.331662,0,128,71.3,20.8377,0,3,1,30.8244,5,128,2,6,124,1,5,0,0,5,0,0,5,0,0,6,117,1,5,114,1,8,110,3,5,0,0,5,120,2
280,5,8,5.5,0.331662,0,128,70.3,20.7661,0,3,1,30.8244,5,128,2,6,115,1,5,0,0,5,0,0,5,0,0,6,121,1,5,115,1,8,107,3,5,0,0,5,117,2
281,5,8,5.5,0.331662,0,130,72.4,20.9086,0,3,1,30.8244,5,124,2,6,116,1,5,0,0,5,0,0,5,0,0,6,121,1,5,122,1,8,111,3,5,0,0,5,130,2
282,5,8,5.5,0.331662,0,124,71.8,20.8432,0,3,1,30.8244,5,119,2,6,124,1,5,0,0,5,0,0,5,0,0,6,121,1,5,123,1,8,111,3,5,0,0,5,120,2
283,5,9,5.6,0.424264,0,123,71,20.7802,0,4,1.1,30.7935,5,123,2,6,120,1,5,0,0,5,0,0,5,0,0,6,119,1,5,121,1,9,115,4,5,0,0,5,112,2
284,5,9,5.6,0.424264,0,121,71.3,20.781,0,4,1.1,30.7935,5,120,2,6,121,1,5,0,0,5,0,0,5,0,0,6,116,1,5,120,1,9,120,4,5,0,0,5,116,2
285,5,9,5.6,0.424264,0,126,72,20.8529,0,5,1.2,30.763,5,121,2,6,121,1,5,0,0,5,0,0,5,0,0,6,112,1,5,126,1,9,120,5,5,0,0,5,120,2
286,5,9,5.6,0.424264,0,128,72.1,20.9037,0,5,1.2,30.763,5,128,2,6,128,1,5,0,0,5,0,0,5,0,0,6,112,1,5,118,1,9,116,5,5,0,0,5,119,2
287,5,9,5.6,0.424264,0,132,72.6,20.9394,0,5,1.2,30.763,5,116,2,6,132,1,5,0,0,5,0,0,5,0,0,6,116,1,5,125,1,9,115,5,5,0,0,5,122,2
288,5,9,5.6,0.424264,0,132,73,20.9773,0,5,1.2,30.763,5,110,2,6,132,1,5,0,0,5,0,0,5,0,0,6,121,1,5,118,1,9,123,5,5,0,0,5,126,2
289,5,9,5.6,0.424264,0,128,72.4,20.8889,0,5,1.2,30.763,5,114,2,6,125,1,5,0,0,5,0,0,5,0,0,6,122,1,5,116,1,9,119,5,5,0,0,5,128,2
290,5,9,5.6,0.424264,0,127,72,20.8584,0,5,1.2,30.763,5,119,2,6,116,1,5,0,0,5,0,0,5,0,0,6,127,1,5,112,1,9,121,5,5,0,0,5,125,2
291,5,9,5.6,0.424264,0,128,73.2,20.9613,0,5,1.2,30.763,5,124,2,6,119,1,5,0,0,5,0,0,5,0,0,6,128,1,5,115,1,9,123,5,5,0,0,5,123,2
292,5,9,5.6,0.424264,0,123,72.5,20.8789,0,5,1.2,30.763,5,115,2,6,123,1,5,0,0,5,0,0,5,0,0,6,122,1,5,121,1,9,123,5,5,0,0,5,121,2
293,5,9,5.6,0.424264,0,133,71.3,20.8417,0,5,1.2,30.763,5,117,2,6,121,1,5,0,0,5,0,0,5,0,0,6,117,1,5,112,1,9,133,5,5,0,0,5,113,2
294,5,9,5.6,0.424264,0,134,70.8,20.8137,0,5,1.2,30.763,5,114,2,6,121,1,5,0,0,5,0,0,5,0,0,6,111,1,5,114,1,9,134,5,5,0,0,5,114,2
295,5,9,5.6,0.424264,0,135,72.5,20.9761,0,5,1.2,30.763,5,121,2,6,127,1,5,0,0,5,0,0,5,0,0,6,110,1,5,118,1,9,135,5,5,0,0,5,114,2
296,5,9,5.6,0.424264,0,128,71.1,20.8654,0,4,1.1,30.7935,5,128,2,6,124,1,5,0,0,5,0,0,5,0,0,6,108,1,5,116,1,9,126,4,5,0,0,5,109,2
297,5,9,5.6,0.424264,0,129,71.2,20.8643,0,3,1,30.8244,5,126,2,6,124,1,5,0,0,5,0,0,5,0,0,6,111,1,5,110,1,9,129,3,5,0,0,5,112,2
298,5,9,5.6,0.424264,0,129,70.8,20.7806,0,3,1,30.8244,5,122,2,6,116,1,5,0,0,5,0,0,5,0,0,6,111,1,5,114,1,9,129,3,5,0,0,5,116,2
299,5,9,5.6,0.424264,0,126,69.1,20.6656,0,2,0.9,30.8555,5,114,2,6,118,1,5,0,0,5,0,0,5,0,0,6,105,1,5,111,1,9,126,2,5,0,0,5,117,2
300,5,9,5.6,0.424264,0,126,68.3,20.6141,0,2,0.9,30.8555,5,110,2,6,117,1,5,0,0,5,0,0,5,0,0,6,107,1,5,111,1,9,126,2,5,0,0,5,112,2
301,5,9,5.6,0.424264,0,122,70.6,20.7303,0,2,0.9,30.8555,5,118,2,6,122,1,5,0,0,5,0,0,5,0,0,6,119,1,5,115,1,9,115,2,5,0,0,5,117,2
302,5,9,5.6,0.424264,0,124,70.5,20.7402,0,2,0.9,30.8555,5,117,2,6,120,1,5,0,0,5,0,0,5,0,0,6,108,1,5,124,1,9,118,2,5,0,0,5,118,2
303,5,9,5.6,0.424264,0,120,69.7,20.6606,0,2,0.9,30.8555,5,117,2,6,112,1,5,0,0,5,0,0,5,0,0,6,111,1,5,120,1,9,117,2,5,0,0,5,120,2
304,5,9,5.6,0.424264,0,125,69.2,20.6779,0,2,0.9,30.8555,5,117,2,6,106,1,5,0,0,5,0,0,5,0,0,6,113,1,5,125,1,9,108,2,5,0,0,5,123,2
305,5,9,5.6,0.424264,0,128,70.3,20.7684,0,2,0.9,30.8555,5,119,2,6,102,1,5,0,0,5,0,0,5,0,0,6,114,1,5,128,1,9,118,2,5,0,0,5,122,2
306,5,9,5.6,0.424264,0,128,71.7,20.8625,0,2,0.9,30.8555,5,116,2,6,105,1,5,0,0,5,0,0,5,0,0,6,119,1,5,128,1,9,124,2,5,0,0,5,125,2
307,5,9,5.6,0.424264,0,133,72.4,20.91,0,2,0.9,30.8555,5,116,2,6,112,1,5,0,0,5,0,0,5,0,0,6,115,1,5,125,1,9,123,2,5,0,0,5,133,2
308,5,9,5.6,0.424264,0,129,71.7,20.8441,0,2,0.9,30.8555,5,116,2,6,109,1,5,0,0,5,0,0,5,0,0,6,115,1,5,123,1,9,125,2,5,0,0,5,129,2
309,5,9,5.6,0.424264,0,127,70.5,20.7402,0,2,0.9,30.8555,5,117,2,6,112,1,5,0,0,5,0,0,5,0,0,6,114,1,5,112,1,9,127,2,5,0,0,5,123,2
310,5,9,5.6,0.424264,0,123,68.3,20.6034,0,2,0.9,30.8555,5,116,2,6,109,1,5,0,0,5,0,0,5,0,0,6,114,1,5,105,1,9,123,2,5,0,0,5,116,2
311,5,9,5.6,0.424264,0,122,68.2,20.616,0,2,0.9,30.8555,5,118,2,6,111,1,5,0,0,5,0,0,5,0,0,6,116,1,5,102,1,9,122,2,5,0,0,5,113,2
312,5,9,5.6,0.424264,0,127,69.2,20.7763,0,2,0.9,30.8555,5,115,2,6,124,1,5,0,0,5,0,0,5,0,0,6,119,1,5,96,1,9,127,2,5,0,0,5,111,2
313,5,9,5.6,0.424264,0,123,70.1,20.7308,0,2,0.9,30.8555,5,117,2,6,123,1,5,0,0,5,0,0,5,0,0,6,119,1,5,105,1,9,120,2,5,0,0,5,117,2
314,5,9,5.6,0.424264,0,126,71.4,20.8294,0,2,0.9,30.8555,5,122,2,6,126,1,5,0,0,5,0,0,5,0,0,6,119,1,5,111,1,9,122,2,5,0,0,5,114,2
315,5,9,5.6,0.424264,0,129,71.4,20.8453,0,2,0.9,30.8555,5,121,2,6,129,1,5,0,0,5,0,0,5,0,0,6,119,1,5,112,1,9,121,2,5,0,0,5,112,2
316,5,9,5.6,0.424264,0,128,70.6,20.8108,0,2,0.9,30.8555,5,124,2,6,128,1,5,0,0,5,0,0,5,0,0,6,121,1,5,110,1,9,111,2,5,0,0,5,112,2
317,5,9,5.6,0.424264,0,129,71.7,20.9043,0,2,0.8,30.8869,5,122,2,6,129,1,5,0,0,5,0,0,5,0,0,6,128,1,5,115,1,9,109,1,5,0,0,5,114,2
318,5,10,5.7,0.519615,0,127,71.2,20.8066,0,4,1.1,30.7935,5,115,2,6,121,1,5,0,0,5,0,0,5,0,0,6,127,1,5,122,1,10,114,4,5,0,0,5,113,2
319,5,10,5.7,0.519615,0,128,71.2,20.8305,0,4,1.1,30.7935,5,113,2,6,121,1,5,0,0,5,0,0,5,0,0,6,125,1,5,128,1,10,115,4,5,0,0,5,110,2
320,5,10,5.7,0.519615,0,128,72.9,20.9463,0,4,1.1,30.7935,5,114,2,6,120,1,5,0,0,5,0,0,5,0,0,6,127,1,5,128,1,10,124,4,5,0,0,5,116,2
321,5,10,5.7,0.519615,0,126,71.5,20.8328,0,4,1.1,30.7935,5,118,2,6,120,1,5,0,0,5,0,0,5,0,0,6,120,1,5,122,1,10,126,4,5,0,0,5,109,2
322,5,10,5.7,0.519615,0,124,70.7,20.7838,0,4,1.1,30.7935,5,111,2,6,117,1,5,0,0,5,0,0,5,0,0,6,123,1,5,124,1,10,124,4,5,0,0,5,108,2
323,5,10,5.7,0.519615,0,125,69.5,20.7416,0,4,1.1,30.7935,5,110,2,6,113,1,5,0,0,5,0,0,5,0,0,6,125,1,5,121,1,10,124,4,5,0,0,5,102,2
324,5,10,5.7,0.519615,0,127,68.7,20.6732,0,4,1.1,30.7935,5,108,2,6,113,1,5,0,0,5,0,0,5,0,0,6,127,1,5,115,1,10,120,4,5,0,0,5,104,2
325,5,10,5.7,0.519615,0,124,69.5,20.6985,0,4,1.1,30.7935,5,112,2,6,121,1,5,0,0,5,0,0,5,0,0,6,124,1,5,119,1,10,111,4,5,0,0,5,108,2
326,5,10,5.7,0.519615,0,124,69.5,20.707,0,4,1.1,30.7935,5,116,2,6,119,1,5,0,0,5,0,0,5,0,0,6,113,1,5,124,1,10,119,4,5,0,0,5,104,2
327,5,10,5.7,0.519615,0,126,70,20.7732,0,4,1.1,30.7935,5,120,2,6,121,1,5,0,0,5,0,0,5,0,0,6,118,1,5,126,1,10,112,4,5,0,0,5,103,2
328,5,10,5.7,0.519615,0,123,68.8,20.659,0,4,1.1,30.7935,5,123,2,6,116,1,5,0,0,5,0,0,5,0,0,6,111,1,5,119,1,10,114,4,5,0,0,5,105,2
329,5,10,5.7,0.519615,0,121,68.2,20.6031,0,4,1.1,30.7935,5,121,2,6,111,1,5,0,0,5,0,0,5,0,0,6,109,1,5,117,1,10,117,4,5,0,0,5,107,2
330,5,10,5.7,0.519615,0,116,67.6,20.544,0,4,1.1,30.7935,5,115,2,6,111,1,5,0,0,5,0,0,5,0,0,6,113,1,5,116,1,10,114,4,5,0,0,5,107,2
331,5,10,5.7,0.519615,0,118,69.2,20.6349,0,4,1.1,30.7935,5,115,2,6,118,1,5,0,0,5,0,0,5,0,0,6,116,1,5,115,1,10,118,4,5,0,0,5,110,2
332,5,10,5.7,0.519615,0,122,71.1,20.7698,0,4,1.1,30.7935,5,120,2,6,121,1,5,0,0,5,0,0,5,0,0,6,116,1,5,113,1,10,122,4,5,0,0,5,119,2
333,5,10,5.7,0.519615,0,132,73.6,21.0022,0,4,1.1,30.7935,5,122,2,6,123,1,5,0,0,5,0,0,5,0,0,6,119,1,5,120,1,10,132,4,5,0,0,5,120,2
334,5,10,5.7,0.519615,0,121,71.8,20.8127,0,4,1.1,30.7935,5,119,2,6,121,1,5,0,0,5,0,0,5,0,0,6,118,1,5,118,1,10,121,4,5,0,0,5,121,2
335,5,10,5.7,0.519615,0,121,70.9,20.7569,0,4,1.1,30.7935,5,121,2,6,119,1,5,0,0,5,0,0,5,0,0,6,116,1,5,121,1,10,112,4,5,0,0,5,120,2
336,5,10,5.7,0.519615,0,124,71.1,20.7712,0,5,1.2,30.763,5,113,2,6,124,1,5,0,0,5,0,0,5,0,0,6,114,1,5,119,1,10,119,5,5,0,0,5,122,2
337,5,10,5.7,0.519615,0,122,70.4,20.7212,0,5,1.2,30.763,5,112,2,6,122,1,5,0,0,5,0,0,5,0,0,6,117,1,5,112,1,10,122,5,5,0,0,5,119,2
338,5,10,5.7,0.519615,0,128,70.9,20.7962,0,5,1.2,30.763,5,110,2,6,128,1,5,0,0,5,0,0,5,0,0,6,121,1,5,110,1,10,119,5,5,0,0,5,121,2
339,5,10,5.7,0.519615,0,122,69.3,20.6554,0,5,1.2,30.763,5,116,2,6,120,1,5,0,0,5,0,0,5,0,0,6,112,1,5,111,1,10,122,5,5,0,0,5,112,2
340,5,10,5.7,0.519615,0,125,70.8,20.755,0,5,1.2,30.763,5,118,2,6,120,1,5,0,0,5,0,0,5,0,0,6,117,1,5,114,1,10,125,5,5,0,0,5,114,2
341,5,10,5.7,0.519615,0,124,70.3,20.7114,0,5,1.2,30.763,5,120,2,6,114,1,5,0,0,5,0,0,5,0,0,6,113,1,5,115,1,10,124,5,5,0,0,5,117,2
342,5,10,5.7,0.519615,0,127,70.3,20.7389,0,5,1.2,30.763,5,117,2,6,111,1,5,0,0,5,0,0,5,0,0,6,118,1,5,120,1,10,127,5,5,0,0,5,110,2
343,5,10,5.7,0.519615,0,121,69.9,20.6879,0,5,1.2,30.763,5,110,2,6,119,1,5,0,0,5,0,0,5,0,0,6,117,1,5,120,1,10,121,5,5,0,0,5,112,2
344,5,10,5.7,0.519615,0,126,71.1,20.8158,0,5,1.2,30.763,5,114,2,6,126,1,5,0,0,5,0,0,5,0,0,6,124,1,5,117,1,10,121,5,5,0,0,5,109,2
345,5,10,5.7,0.519615,0,128,70.1,20.7777,0,5,1.2,30.763,5,113,2,6,128,1,5,0,0,5,0,0,5,0,0,6,121,1,5,119,1,10,116,5,5,0,0,5,104,2
346,5,10,5.7,0.519615,0,122,70.3,20.7122,0,5,1.2,30.763,5,118,2,6,122,1,5,0,0,5,0,0,5,0,0,6,116,1,5,113,1,10,119,5,5,0,0,5,115,2
347,5,10,5.7,0.519615,0,124,70.8,20.7732,0,5,1.2,30.763,5,120,2,6,124,1,5,0,0,5,0,0,5,0,0,6,119,1,5,120,1,10,114,5,5,0,0,5,111,2
348,5,10,5.7,0.519615,0,124,69.2,20.6821,0,5,1.2,30.763,5,107,2,6,124,1,5,0,0,5,0,0,5,0,0,6,122,1,5,108,1,10,118,5,5,0,0,5,113,2
349,5,10,5.7,0.519615,0,126,69.8,20.721,0,5,1.2,30.763,5,114,2,6,126,1,5,0,0,5,0,0,5,0,0,6,117,1,5,105,1,10,115,5,5,0,0,5,121,2
350,5,10,5.7,0.519615,0,132,70,20.7981,0,5,1.2,30.763,5,110,2,6,132,1,5,0,0,5,0,0,5,0,0,6,118,1,5,103,1,10,114,5,5,0,0,5,123,2
351,5,10,5.7,0.519615,0,134,72.1,20.9421,0,5,1.2,30.763,5,114,2,6,134,1,5,0,0,5,0,0,5,0,0,6,122,1,5,109,1,10,115,5,5,0,0,5,127,2
352,5,10,5.7,0.519615,0,127,70.9,20.7967,0,5,1.2,30.763,5,113,2,6,127,1,5,0,0,5,0,0,5,0,0,6,125,1,5,111,1,10,114,5,5,0,0,5,119,2
353,5,10,5.7,0.519615,0,125,71,20.791,0,5,1.2,30.763,5,119,2,6,122,1,5,0,0,5,0,0,5,0,0,6,120,1,5,107,1,10,117,5,5,0,0,5,125,2
354,5,10,5.7,0.519615,0,126,72.1,20.8935,0,5,1.2,30.763,5,124,2,6,123,1,5,0,0,5,0,0,5,0,0,6,123,1,5,108,1,10,117,5,5,0,0,5,126,2
355,5,10,5.7,0.519615,0,125,71.2,20.8114,0,5,1.2,30.763,5,119,2,6,125,1,5,0,0,5,0,0,5,0,0,6,120,1,5,107,1,10,121,5,5,0,0,5,120,2
356,5,10,5.7,0.519615,0,127,71.1,20.8294,0,5,1.2,30.763,5,127,2,6,122,1,5,0,0,5,0,0,5,0,0,6,114,1,5,108,1,10,114,5,5,0,0,5,126,2
357,5,10,5.7,0.519615,0,126,71.4,20.8356,0,5,1.2,30.763,5,126,2,6,121,1,5,0,0,5,0,0,5,0,0,6,111,1,5,110,1,10,123,5,5,0,0,5,123,2
358,5,10,5.7,0.519615,0,122,70.6,20.7296,0,5,1.2,30.763,5,120,2,6,118,1,5,0,0,5,0,0,5,0,0,6,111,1,5,116,1,10,119,5,5,0,0,5,122,2
359,5,10,5.7,0.519615,0,123,71,20.7711,0,5,1.2,30.763,5,123,2,6,118,1,5,0,0,5,0,0,5,0,0,6,110,1,5,119,1,10,121,5,5,0,0,5,119,2
360,5,10,5.7,0.519615,0,123,70.5,20.7553,0,5,1.2,30.763,5,122,2,6,115,1,5,0,0,5,0,0,5,0,0,6,108,1,5,123,1,10,123,5,5,0,0,5,114,2
361,5,10,5.7,0.519615,0,128,71.5,20.8146,0,5,1.2,30.763,5,120,2,6,114,1,5,0,0,5,0,0,5,0,0,6,115,1,5,128,1,10,121,5,5,0,0,5,117,2
362,5,10,5.7,0.519615,0,126,71.4,20.8171,0,5,1.2,30.763,5,122,2,6,117,1,5,0,0,5,0,0,5,0,0,6,117,1,5,121,1,10,126,5,5,0,0,5,111,2
363,5,10,5.7,0.519615,0,129,71.5,20.8162,0,5,1.2,30.763,5,120,2,6,115,1,5,0,0,5,0,0,5,0,0,6,119,1,5,116,1,10,129,5,5,0,0,5,116,2
364,5,10,5.7,0.519615,0,121,71.2,20.7678,0,4,1.1,30.7935,5,120,2,6,116,1,5,0,0,5,0,0,5,0,0,6,117,1,5,121,1,10,121,4,5,0,0,5,117,2
365,5,10,5.7,0.519615,0,127,72.1,20.8633,0,4,1.1,30.7935,5,120,2,6,117,1,5,0,0,5,0,0,5,0,0,6,113,1,5,125,1,10,127,4,5,0,0,5,119,2
366,5,10,5.7,0.519615,0,126,71.5,20.8163,0,4,1.1,30.7935,5,121,2,6,119,1,5,0,0,5,0,0,5,0,0,6,110,1,5,120,1,10,126,4,5,0,0,5,119,2
367,5,10,5.7,0.519615,0,133,71.4,20.8888,0,4,1.1,30.7935,5,115,2,6,126,1,5,0,0,5,0,0,5,0,0,6,112,1,5,106,1,10,133,4,5,0,0,5,122,2
368,5,10,5.7,0.519615,0,127,69.9,20.7435,0,4,1.1,30.7935,5,114,2,6,121,1,5,0,0,5,0,0,5,0,0,6,109,1,5,105,1,10,127,4,5,0,0,5,123,2
369,5,10,5.7,0.519615,0,126,70.7,20.8151,0,4,1.1,30.7935,5,115,2,6,126,1,5,0,0,5,0,0,5,0,0,6,112,1,5,104,1,10,126,4,5,0,0,5,124,2
370,5,10,5.7,0.519615,0,132,71.4,20.8688,0,4,1.1,30.7935,5,113,2,6,132,1,5,0,0,5,0,0,5,0,0,6,118,1,5,107,1,10,120,4,5,0,0,5,124,2
371,5,10,5.7,0.519615,0,131,73.5,21.0193,0,4,1.1,30.7935,5,117,2,6,127,1,5,0,0,5,0,0,5,0,0,6,131,1,5,113,1,10,125,4,5,0,0,5,122,2
372,5,10,5.7,0.519615,0,131,73.8,21.0229,0,4,1.1,30.7935,5,115,2,6,127,1,5,0,0,5,0,0,5,0,0,6,124,1,5,119,1,10,122,4,5,0,0,5,131,2
373,5,10,5.7,0.519615,0,129,73.4,20.99,0,4,1.1,30.7935,5,114,2,6,129,1,5,0,0,5,0,0,5,0,0,6,122,1,5,118,1,10,122,4,5,0,0,5,129,2
374,5,10,5.7,0.519615,0,128,70.9,20.7591,0,4,1.1,30.7935,5,112,2,6,115,1,5,0,0,5,0,0,5,0,0,6,119,1,5,120,1,10,115,4,5,0,0,5,128,2
375,5,10,5.7,0.519615,0,124,69.3,20.6515,0,4,1.1,30.7935,5,112,2,6,111,1,5,0,0,5,0,0,5,0,0,6,117,1,5,120,1,10,109,4,5,0,0,5,124,2
376,5,10,5.7,0.519615,0,123,69.4,20.6524,0,4,1.1,30.7935,5,117,2,6,110,1,5,0,0,5,0,0,5,0,0,6,116,1,5,123,1,10,112,4,5,0,0,5,116,2
377,5,10,5.7,0.519615,0,122,69.3,20.6456,0,4,1.1,30.7935,5,115,2,6,112,1,5,0,0,5,0,0,5,0,0,6,122,1,5,118,1,10,110,4,5,0,0,5,116,2
378,5,10,5.7,0.519615,0,120,69.2,20.6667,0,4,1.1,30.7935,5,113,2,6,120,1,5,0,0,5,0,0,5,0,0,6,119,1,5,120,1,10,114,4,5,0,0,5,106,2
379,5,10,5.7,0.519615,0,125,70.3,20.7352,0,4,1.1,30.7935,5,118,2,6,120,1,5,0,0,5,0,0,5,0,0,6,114,1,5,125,1,10,116,4,5,0,0,5,110,2
380,5,10,5.7,0.519615,0,125,70.1,20.7417,0,4,1.1,30.7935,5,120,2,6,117,1,5,0,0,5,0,0,5,0,0,6,118,1,5,125,1,10,115,4,5,0,0,5,106,2
381,5,10,5.7,0.519615,0,121,69.3,20.6542,0,4,1.1,30.7935,5,115,2,6,113,1,5,0,0,5,0,0,5,0,0,6,118,1,5,121,1,10,118,4,5,0,0,5,108,2
382,5,10,5.7,0.519615,0,117,68.3,20.5729,0,3,1,30.8244,5,115,2,6,114,1,5,0,0,5,0,0,5,0,0,6,111,1,5,117,1,10,115,3,5,0,0,5,111,2
383,5,10,5.7,0.519615,0,121,68.1,20.5952,0,3,1,30.8244,5,118,2,6,114,1,5,0,0,5,0,0,5,0,0,6,105,1,5,121,1,10,110,3,5,0,0,5,113,2
384,5,10,5.7,0.519615,0,122,68.5,20.6105,0,3,1,30.8244,5,114,2,6,114,1,5,0,0,5,0,0,5,0,0,6,108,1,5,122,1,10,118,3,5,0,0,5,109,2
385,5,10,5.7,0.519615,0,126,70.3,20.7581,0,3,1,30.8244,5,108,2,6,121,1,5,0,0,5,0,0,5,0,0,6,108,1,5,126,1,10,124,3,5,0,0,5,116,2
386,5,10,5.7,0.519615,0,126,70.5,20.7772,0,2,0.9,30.8555,5,112,2,6,125,1,5,0,0,5,0,0,5,0,0,6,110,1,5,126,1,10,121,2,5,0,0,5,111,2
387,5,10,5.7,0.519615,0,130,71.3,20.8131,0,2,0.9,30.8555,5,113,2,6,120,1,5,0,0,5,0,0,5,0,0,6,111,1,5,120,1,10,130,2,5,0,0,5,119,2
388,5,10,5.7,0.519615,0,132,73,21.01,0,2,0.9,30.8555,5,115,2,6,127,1,5,0,0,5,0,0,5,0,0,6,107,1,5,120,1,10,132,2,5,0,0,5,129,2
389,5,10,5.7,0.519615,0,124,72.3,20.8828,0,2,0.9,30.8555,5,120,2,6,122,1,5,0,0,5,0,0,5,0,0,6,110,1,5,123,1,10,124,2,5,0,0,5,124,2
390,5,10,5.7,0.519615,0,124,72.3,20.8741,0,2,0.9,30.8555,5,124,2,6,119,1,5,0,0,5,0,0,5,0,0,6,113,1,5,119,1,10,124,2,5,0,0,5,124,2
391,5,10,5.7,0.519615,0,130,73.1,20.9657,0,2,0.9,30.8555,5,127,2,6,120,1,5,0,0,5,0,0,5,0,0,6,118,1,5,118,1,10,130,2,5,0,0,5,118,2
392,5,10,5.7,0.519615,0,121,70.2,20.708,0,2,0.9,30.8555,5,119,2,6,115,1,5,0,0,5,0,0,5,0,0,6,121,1,5,118,1,10,118,2,5,0,0,5,111,2
393,5,10,5.7,0.519615,0,125,70.8,20.7554,0,2,0.9,30.8555,5,117,2,6,117,1,5,0,0,5,0,0,5,0,0,6,125,1,5,116,1,10,120,2,5,0,0,5,113,2
394,5,10,5.7,0.519615,0,119,70.5,20.7075,0,2,0.9,30.8555,5,116,2,6,118,1,5,0,0,5,0,0,5,0,0,6,116,1,5,119,1,10,117,2,5,0,0,5,119,2
395,5,10,5.7,0.519615,0,123,70.6,20.737,0,2,0.9,30.8555,5,117,2,6,119,1,5,0,0,5,0,0,5,0,0,6,116,1,5,123,1,10,119,2,5,0,0,5,112,2
396,5,10,5.7,0.519615,0,125,70.1,20.7237,0,2,0.9,30.8555,5,125,2,6,118,1,5,0,0,5,0,0,5,0,0,6,112,1,5,120,1,10,113,2,5,0,0,5,113,2
397,5,10,5.7,0.519615,0,123,70.5,20.7385,0,2,0.9,30.8555,5,119,2,6,115,1,5,0,0,5,0,0,5,0,0,6,123,1,5,122,1,10,112,2,5,0,0,5,114,2
398,5,10,5.7,0.519615,0,131,72.6,20.9851,0,2,0.9,30.8555,5,130,2,6,118,1,5,0,0,5,0,0,5,0,0,6,123,1,5,131,1,10,111,2,5,0,0,5,113,2
399,5,10,5.7,0.519615,0,134,72.7,21.0227,0,2,0.9,30.8555,5,134,2,6,117,1,5,0,0,5,0,0,5,0,0,6,127,1,5,126,1,10,107,2,5,0,0,5,116,2
400,5,10,5.7,0.519615,0,128,72.9,20.9642,0,2,0.9,30.8555,5,127,2,6,122,1,5,0,0,5,0,0,5,0,0,6,121,1,5,128,1,10,111,2,5,0,0,5,120,2
401,5,10,5.7,0.519615,0,133,72.6,20.9641,0,2,0.9,30.8555,5,117,2,6,133,1,5,0,0,5,0,0,5,0,0,6,115,1,5,128,1,10,113,2,5,0,0,5,120,2
402,5,10,5.7,0.519615,0,133,70.9,20.8379,0,2,0.9,30.8555,5,117,2,6,133,1,5,0,0,5,0,0,5,0,0,6,108,1,5,121,1,10,116,2,5,0,0,5,114,2
403,5,10,5.7,0.519615,0,130,71.6,20.8906,0,2,0.9,30.8555,5,121,2,6,130,1,5,0,0,5,0,0,5,0,0,6,107,1,5,125,1,10,120,2,5,0,0,5,113,2
404,5,10,5.7,0.519615,0,126,69.5,20.7191,0,2,0.9,30.8555,5,119,2,6,126,1,5,0,0,5,0,0,5,0,0,6,108,1,5,109,1,10,122,2,5,0,0,5,111,2
405,5,10,5.7,0.519615,0,122,69.2,20.6994,0,2,0.9,30.8555,5,122,2,6,122,1,5,0,0,5,0,0,5,0,0,6,105,1,5,115,1,10,120,2,5,0,0,5,108,2
406,5,10,5.7,0.519615,0,126,69.2,20.6887,0,2,0.9,30.8555,5,113,2,6,126,1,5,0,0,5,0,0,5,0,0,6,107,1,5,117,1,10,120,2,5,0,0,5,109,2
407,5,10,5.7,0.519615,0,126,70.1,20.7356,0,2,0.9,30.8555,5,118,2,6,122,1,5,0,0,5,0,0,5,0,0,6,111,1,5,114,1,10,126,2,5,0,0,5,110,2
408,5,10,5.7,0.519615,0,123,70.8,20.7594,0,2,0.9,30.8555,5,121,2,6,117,1,5,0,0,5,0,0,5,0,0,6,114,1,5,121,1,10,123,2,5,0,0,5,112,2
409,5,10,5.7,0.519615,0,126,71.5,20.8225,0,2,0.9,30.8555,5,124,2,6,119,1,5,0,0,5,0,0,5,0,0,6,112,1,5,118,1,10,126,2,5,0,0,5,116,2
410,5,10,5.7,0.519615,0,121,70.7,20.7374,0,2,0.9,30.8555,5,117,2,6,119,1,5,0,0,5,0,0,5,0,0,6,110,1,5,120,1,10,120,2,5,0,0,5,121,2
411,5,10,5.7,0.519615,0,127,70.4,20.7423,0,2,0.9,30.8555,5,114,2,6,118,1,5,0,0,5,0,0,5,0,0,6,107,1,5,118,1,10,127,2,5,0,0,5,120,2
412,5,10,5.7,0.519615,0,124,71.9,20.8417,0,2,0.9,30.8555,5,117,2,6,121,1,5,0,0,5,0,0,5,0,0,6,111,1,5,124,1,10,123,2,5,0,0,5,123,2
413,5,10,5.7,0.519615,0,128,72.1,20.8557,0,2,0.9,30.8555,5,115,2,6,121,1,5,0,0,5,0,0,5,0,0,6,115,1,5,120,1,10,128,2,5,0,0,5,122,2
414,5,10,5.7,0.519615,0,123,70.2,20.705,0,2,0.9,30.8555,5,117,2,6,117,1,5,0,0,5,0,0,5,0,0,6,110,1,5,114,1,10,123,2,5,0,0,5,121,2
415,5,10,5.7,0.519615,0,125,69.5,20.6851,0,2,0.9,30.8555,5,125,2,6,116,1,5,0,0,5,0,0,5,0,0,6,113,1,5,116,1,10,108,2,5,0,0,5,117,2
416,5,10,5.7,0.519615,0,120,69.1,20.6546,0,2,0.9,30.8555,5,119,2,6,120,1,5,0,0,5,0,0,5,0,0,6,117,1,5,110,1,10,107,2,5,0,0,5,118,2
417,5,10,5.7,0.519615,0,122,69.4,20.6891,0,2,0.9,30.8555,5,120,2,6,122,1,5,0,0,5,0,0,5,0,0,6,119,1,5,107,1,10,109,2,5,0,0,5,117,2
418,5,10,5.7,0.519615,0,125,69.6,20.7428,0,2,0.9,30.8555,5,125,2,6,119,1,5,0,0,5,0,0,5,0,0,6,122,1,5,102,1,10,111,2,5,0,0,5,117,2
419,5,10,5.7,0.519615,0,123,68.4,20.6685,0,2,0.9,30.8555,5,119,2,6,121,1,5,0,0,5,0,0,5,0,0,6,123,1,5,103,1,10,109,2,5,0,0,5,109,2
420,5,10,5.7,0.519615,0,121,69,20.6735,0,2,0.9,30.8555,5,121,2,6,119,1,5,0,0,5,0,0,5,0,0,6,120,1,5,103,1,10,114,2,5,0,0,5,113,2
421,5,10,5.7,0.519615,0,122,68.2,20.6038,0,2,0.9,30.8555,5,122,2,6,105,1,5,0,0,5,0,0,5,0,0,6,118,1,5,109,1,10,113,2,5,0,0,5,115,2
422,5,10,5.7,0.519615,0,121,68.6,20.6123,0,2,0.9,30.8555,5,118,2,6,104,1,5,0,0,5,0,0,5,0,0,6,117,1,5,112,1,10,114,2,5,0,0,5,121,2
423,5,10,5.7,0.519615,0,119,67.3,20.5224,0,2,0.9,30.8555,5,108,2,6,108,1,5,0,0,5,0,0,5,0,0,6,119,1,5,112,1,10,113,2,5,0,0,5,113,2
424,5,10,5.7,0.519615,0,124,68.1,20.5745,0,2,0.9,30.8555,5,110,2,6,109,1,5,0,0,5,0,0,5,0,0,6,116,1,5,110,1,10,112,2,5,0,0,5,124,2
425,5,10,5.7,0.519615,0,121,69.8,20.6687,0,2,0.9,30.8555,5,116,2,6,113,1,5,0,0,5,0,0,5,0,0,6,121,1,5,112,1,10,119,2,5,0,0,5,117,2
426,5,10,5.7,0.519615,0,121,70.5,20.7157,0,2,0.9,30.8555,5,120,2,6,116,1,5,0,0,5,0,0,5,0,0,6,118,1,5,116,1,10,114,2,5,0,0,5,121,2
427,5,10,5.7,0.519615,0,122,71.7,20.8057,0,2,0.9,30.8555,5,120,2,6,118,1,5,0,0,5,0,0,5,0,0,6,116,1,5,122,1,10,119,2,5,0,0,5,122,2
428,5,10,5.7,0.519615,0,127,71.2,20.7793,0,2,0.9,30.8555,5,113,2,6,116,1,5,0,0,5,0,0,5,0,0,6,118,1,5,127,1,10,118,2,5,0,0,5,120,2
429,5,10,5.7,0.519615,0,134,73.4,21.0001,0,2,0.9,30.8555,5,117,2,6,120,1,5,0,0,5,0,0,5,0,0,6,122,1,5,134,1,10,116,2,5,0,0,5,125,2
430,5,10,5.8,0.52915,0,133,73.3,21.0112,0,2,0.9,30.8555,5,125,2,6,114,1,5,0,0,5,0,0,5,0,0,6,115,1,5,133,1,10,117,2,5,0,0,6,129,2
431,5,10,5.8,0.52915,0,132,72.9,20.9498,0,2,0.9,30.8555,5,120,2,6,122,1,5,0,0,5,0,0,5,0,0,6,117,1,5,132,1,10,115,2,5,0,0,6,123,2
432,5,10,5.9,0.538516,0,125,72.2,20.8622,0,2,0.9,30.8555,5,120,2,6,121,1,5,0,0,5,0,0,5,0,0,6,120,1,6,125,1,10,114,2,5,0,0,6,122,2
433,5,10,5.9,0.538516,0,131,73.4,21.013,0,2,0.9,30.8555,5,116,2,6,124,1,5,0,0,5,0,0,5,0,0,6,125,1,6,127,1,10,111,2,5,0,0,6,131,2
434,5,10,5.9,0.538516,0,126,71.8,20.8558,0,2,0.9,30.8555,5,109,2,6,126,1,5,0,0,5,0,0,5,0,0,6,119,1,6,124,1,10,115,2,5,0,0,6,125,2
435,5,10,5.9,0.538516,0,131,72.6,20.9216,0,2,0.9,30.8555,5,118,2,6,131,1,5,0,0,5,0,0,5,0,0,6,116,1,6,122,1,10,118,2,5,0,0,6,121,2
436,5,10,5.9,0.538516,0,133,73.9,21.0909,0,2,0.9,30.8555,5,128,2,6,133,1,5,0,0,5,0,0,5,0,0,6,119,1,6,126,1,10,120,2,5,0,0,6,113,2
437,5,10,5.9,0.538516,0,132,72,20.9138,0,2,0.9,30.8555,5,120,2,6,132,1,5,0,0,5,0,0,5,0,0,6,117,1,6,117,1,10,124,2,5,0,0,6,110,2
438,5,10,5.9,0.538516,0,136,72.7,21.0109,0,2,0.9,30.8555,5,124,2,6,136,1,5,0,0,5,0,0,5,0,0,6,117,1,6,111,1,10,125,2,5,0,0,6,114,2
439,5,10,5.9,0.538516,0,126,69,20.7096,0,2,0.9,30.8555,5,120,2,6,126,1,5,0,0,5,0,0,5,0,0,6,115,1,6,104,1,10,118,2,5,0,0,6,107,2
440,5,11,6,0.632456,0,130,70.7,20.8349,0,5,1.2,30.763,5,124,2,6,130,1,5,0,0,5,0,0,5,0,0,6,116,1,6,114,1,11,117,5,5,0,0,6,106,2
441,5,11,6,0.632456,0,132,72,20.9868,0,6,1.3,30.7328,5,126,2,6,132,1,5,0,0,5,0,0,5,0,0,6,122,1,6,120,1,11,118,6,5,0,0,6,102,2
442,5,11,6,0.632456,0,126,72,20.8725,0,6,1.3,30.7328,5,126,2,6,123,1,5,0,0,5,0,0,5,0,0,6,119,1,6,123,1,11,115,6,5,0,0,6,114,2
443,5,11,6,0.632456,0,127,72.2,20.8889,0,6,1.3,30.7328,5,127,2,6,119,1,5,0,0,5,0,0,5,0,0,6,125,1,6,120,1,11,117,6,5,0,0,6,114,2
444,5,11,6,0.632456,0,127,71.9,20.8703,0,5,1.2,30.763,5,125,2,6,120,1,5,0,0,5,0,0,5,0,0,6,127,1,6,112,1,11,114,5,5,0,0,6,121,2
445,5,11,6,0.632456,0,130,71.4,20.8451,0,5,1.2,30.763,5,118,2,6,121,1,5,0,0,5,0,0,5,0,0,6,130,1,6,118,1,11,108,5,5,0,0,6,119,2
446,5,11,6,0.632456,0,127,71.7,20.8828,0,5,1.2,30.763,5,127,2,6,121,1,5,0,0,5,0,0,5,0,0,6,124,1,6,116,1,11,106,5,5,0,0,6,123,2
447,5,11,6,0.632456,0,132,73.1,21.0023,0,5,1.2,30.763,5,132,2,6,115,1,5,0,0,5,0,0,5,0,0,6,127,1,6,123,1,11,112,5,5,0,0,6,122,2
448,5,11,6,0.632456,0,127,72,20.8795,0,5,1.2,30.763,5,127,2,6,114,1,5,0,0,5,0,0,5,0,0,6,125,1,6,123,1,11,112,5,5,0,0,6,119,2
449,5,11,6,0.632456,0,130,70.9,20.8243,0,5,1.2,30.763,5,124,2,6,108,1,5,0,0,5,0,0,5,0,0,6,121,1,6,130,1,11,113,5,5,0,0,6,113,2
450,5,11,6.1,0.655744,0,128,70.3,20.7819,0,5,1.6,30.6386,5,122,2,6,112,1,5,0,0,5,0,0,5,0,0,6,118,1,7,128,5,11,118,5,5,0,0,6,105,2
451,5,11,6.1,0.655744,0,125,70.7,20.7825,0,5,1.7,30.6073,5,119,2,6,117,1,5,0,0,5,0,0,5,0,0,6,120,1,7,120,5,11,125,5,5,0,0,6,106,3
452,5,11,6.1,0.655744,0,126,70.9,20.8049,0,5,1.6,30.6386,5,118,2,6,116,1,5,0,0,5,0,0,5,0,0,6,121,1,7,126,5,11,122,5,5,0,0,6,106,2
453,5,11,6.1,0.655744,0,122,70.4,20.747,0,5,1.6,30.6386,5,118,2,6,117,1,5,0,0,5,0,0,5,0,0,6,122,1,7,121,5,11,119,5,5,0,0,6,107,2
454,5,11,6.1,0.655744,0,119,69.1,20.6353,0,5,1.7,30.6073,5,115,2,6,118,1,5,0,0,5,0,0,5,0,0,6,113,1,7,119,5,11,117,5,5,0,0,6,109,3
455,5,11,6.1,0.655744,0,121,68.9,20.643,0,5,1.7,30.6073,5,118,2,6,116,1,5,0,0,5,0,0,5,0,0,6,114,1,7,121,5,11,114,5,5,0,0,6,106,3
456,5,11,6.1,0.655744,0,123,69.3,20.6894,0,5,1.7,30.6073,5,122,2,6,115,1,5,0,0,5,0,0,5,0,0,6,116,1,7,123,5,11,110,5,5,0,0,6,107,3
457,5,11,6.1,0.655744,0,125,71.7,20.8695,0,5,1.7,30.6073,5,125,2,6,117,1,5,0,0,5,0,0,5,0,0,6,124,1,7,124,5,11,119,5,5,0,0,6,108,3
458,5,11,6.1,0.655744,0,125,72,20.8633,0,5,1.7,30.6073,5,121,2,6,122,1,5,0,0,5,0,0,5,0,0,6,125,1,7,120,5,11,120,5,5,0,0,6,112,3
459,5,11,6.1,0.655744,0,128,72.2,20.8738,0,5,1.7,30.6073,5,118,2,6,124,1,5,0,0,5,0,0,5,0,0,6,119,1,7,116,5,11,128,5,5,0,0,6,117,3
460,5,11,6.1,0.655744,0,126,70.6,20.7511,0,5,1.7,30.6073,5,115,2,6,121,1,5,0,0,5,0,0,5,0,0,6,118,1,7,110,5,11,126,5,5,0,0,6,116,3
461,5,11,6.1,0.655744,0,126,69.4,20.7007,0,5,1.7,30.6073,5,119,2,6,118,1,5,0,0,5,0,0,5,0,0,6,114,1,7,104,5,11,126,5,5,0,0,6,113,3
462,5,11,6.1,0.655744,0,120,68.4,20.6037,0,6,1.8,30.5769,5,109,2,6,120,1,5,0,0,5,0,0,5,0,0,6,115,1,7,106,6,11,119,5,5,0,0,6,115,3
463,5,11,6.1,0.655744,0,119,67,20.562,0,6,1.8,30.5769,5,106,2,6,116,1,5,0,0,5,0,0,5,0,0,6,118,1,7,100,6,11,119,5,5,0,0,6,111,3
464,5,11,6.1,0.655744,0,118,67,20.5493,0,5,1.7,30.6073,5,108,2,6,118,1,5,0,0,5,0,0,5,0,0,6,118,1,7,101,5,11,113,5,5,0,0,6,112,3
465,5,11,6.1,0.655744,0,122,68.1,20.596,0,5,1.7,30.6073,5,104,2,6,117,1,5,0,0,5,0,0,5,0,0,6,122,1,7,108,5,11,114,5,5,0,0,6,116,3
466,5,11,6.1,0.655744,0,125,69.1,20.6472,0,5,1.7,30.6073,5,111,2,6,125,1,5,0,0,5,0,0,5,0,0,6,112,1,7,115,5,11,114,5,5,0,0,6,114,3
467,5,11,6.1,0.655744,0,120,68.6,20.5988,0,5,1.7,30.6073,5,116,2,6,115,1,5,0,0,5,0,0,5,0,0,6,109,1,7,110,5,11,120,5,5,0,0,6,116,3
468,5,11,6.1,0.655744,0,125,69.7,20.6898,0,5,1.7,30.6073,5,118,2,6,118,1,5,0,0,5,0,0,5,0,0,6,107,1,7,117,5,11,112,5,5,0,0,6,125,3
469,5,11,6.1,0.655744,0,119,69.2,20.6306,0,5,1.7,30.6073,5,119,2,6,113,1,5,0,0,5,0,0,5,0,0,6,110,1,7,117,5,11,114,5,5,0,0,6,119,3
470,5,11,6.1,0.655744,0,124,69.6,20.6865,0,5,1.6,30.638,5,124,2,6,111,1,5,0,0,5,0,0,5,0,0,6,110,1,7,117,4,11,121,5,5,0,0,6,113,3
471,5,11,6.1,0.655744,0,124,71.9,20.8355,0,5,1.6,30.638,5,123,2,6,114,1,5,0,0,5,0,0,5,0,0,6,117,1,7,124,4,11,122,5,5,0,0,6,119,3
472,5,11,6.1,0.655744,0,125,71.3,20.8102,0,5,1.6,30.638,5,125,2,6,115,1,5,0,0,5,0,0,5,0,0,6,111,1,7,125,4,11,120,5,5,0,0,6,117,3
473,5,11,6.1,0.655744,0,120,69.7,20.6587,0,5,1.6,30.638,5,110,2,6,113,1,5,0,0,5,0,0,5,0,0,6,120,1,7,119,4,11,117,5,5,0,0,6,118,3
474,5,11,6.1,0.655744,0,122,69,20.6305,0,5,1.6,30.638,5,115,2,6,109,1,5,0,0,5,0,0,5,0,0,6,122,1,7,116,4,11,117,5,5,0,0,6,111,3
475,5,11,6.1,0.655744,0,121,70,20.6899,0,5,1.6,30.638,5,119,2,6,112,1,5,0,0,5,0,0,5,0,0,6,121,1,7,116,4,11,119,5,5,0,0,6,113,3
476,5,11,6.1,0.655744,0,125,71.5,20.8134,0,5,1.6,30.638,5,121,2,6,119,1,5,0,0,5,0,0,5,0,0,6,112,1,7,122,4,11,125,5,5,0,0,6,116,3
477,5,11,6.1,0.655744,0,119,69.5,20.6456,0,5,1.6,30.638,5,111,2,6,116,1,5,0,0,5,0,0,5,0,0,6,111,1,7,119,4,11,119,5,5,0,0,6,119,3
478,5,11,6.1,0.655744,0,121,68.8,20.6017,0,5,1.6,30.638,5,114,2,6,116,1,5,0,0,5,0,0,5,0,0,6,113,1,7,112,4,11,112,5,5,0,0,6,121,3
479,5,11,6.1,0.655744,0,123,72.2,20.853,0,5,1.6,30.638,5,121,2,6,120,1,5,0,0,5,0,0,5,0,0,6,123,1,7,119,4,11,121,5,5,0,0,6,118,3
480,5,11,6.1,0.655744,0,127,71.6,20.819,0,5,1.6,30.638,5,114,2,6,115,1,5,0,0,5,0,0,5,0,0,6,127,1,7,118,4,11,124,5,5,0,0,6,118,3
481,5,11,6.1,0.655744,0,127,69.7,20.6839,0,5,1.6,30.638,5,113,2,6,112,1,5,0,0,5,0,0,5,0,0,6,127,1,7,114,4,11,115,5,5,0,0,6,116,3
482,5,11,6.1,0.655744,0,121,70.3,20.6971,0,5,1.6,30.638,5,115,2,6,116,1,5,0,0,5,0,0,5,0,0,6,121,1,7,118,4,11,116,5,5,0,0,6,117,3
483,5,11,6.1,0.655744,0,124,70.6,20.7382,0,5,1.6,30.638,5,118,2,6,119,1,5,0,0,5,0,0,5,0,0,6,124,1,7,115,4,11,113,5,5,0,0,6,117,3
484,5,11,6.1,0.655744,0,126,70.9,20.7731,0,5,1.6,30.638,5,114,2,6,122,1,5,0,0,5,0,0,5,0,0,6,126,1,7,115,4,11,118,5,5,0,0,6,114,3
485,5,11,6.1,0.655744,0,129,70.1,20.7423,0,5,1.6,30.638,5,117,2,6,116,1,5,0,0,5,0,0,5,0,0,6,129,1,7,115,4,11,115,5,5,0,0,6,109,3
486,5,11,6.1,0.655744,0,131,70.8,20.7984,0,5,1.6,30.638,5,117,2,6,117,1,5,0,0,5,0,0,5,0,0,6,131,1,7,116,4,11,117,5,5,0,0,6,110,3
487,5,11,6.1,0.655744,0,123,70.7,20.7404,0,5,1.6,30.638,5,116,2,6,112,1,5,0,0,5,0,0,5,0,0,6,123,1,7,121,4,11,120,5,5,0,0,6,115,3
488,5,11,6.1,0.655744,0,129,73.5,20.9897,0,5,1.5,30.669,5,121,2,6,121,1,5,0,0,5,0,0,5,0,0,6,129,1,7,126,3,11,119,5,5,0,0,6,119,3
489,5,11,6.1,0.655744,0,125,70.8,20.7456,0,5,1.5,30.669,5,117,2,6,114,1,5,0,0,5,0,0,5,0,0,6,125,1,7,118,3,11,116,5,5,0,0,6,118,3
490,5,11,6.1,0.655744,0,118,70.4,20.7009,0,5,1.5,30.669,5,118,2,6,114,1,5,0,0,5,0,0,5,0,0,6,118,1,7,118,3,11,118,5,5,0,0,6,118,3
491,5,11,6.1,0.655744,0,129,70,20.7241,0,5,1.5,30.669,5,118,2,6,112,1,5,0,0,5,0,0,5,0,0,6,111,1,7,110,3,11,129,5,5,0,0,6,120,3
492,5,11,6.1,0.655744,0,125,70.3,20.7078,0,5,1.5,30.669,5,116,2,6,114,1,5,0,0,5,0,0,5,0,0,6,113,1,7,118,3,11,125,5,5,0,0,6,117,3
493,5,11,6.1,0.655744,0,126,70.1,20.7139,0,5,1.5,30.669,5,119,2,6,114,1,5,0,0,5,0,0,5,0,0,6,116,1,7,109,3,11,126,5,5,0,0,6,117,3
494,5,11,6.1,0.655744,0,120,70.4,20.7183,0,5,1.5,30.669,5,119,2,6,119,1,5,0,0,5,0,0,5,0,0,6,117,1,7,110,3,11,120,5,5,0,0,6,119,3
495,5,11,6.1,0.655744,0,118,69.1,20.6209,0,5,1.5,30.669,5,113,2,6,117,1,5,0,0,5,0,0,5,0,0,6,118,1,7,110,3,11,116,5,5,0,0,6,117,3
496,5,11,6.1,0.655744,0,125,69.8,20.6758,0,6,1.6,30.6386,5,111,2,6,118,1,5,0,0,5,0,0,5,0,0,6,112,1,7,114,3,11,118,6,5,0,0,6,125,3
497,5,11,6.1,0.655744,0,122,69.2,20.6659,0,6,1.6,30.6386,5,104,2,6,122,1,5,0,0,5,0,0,5,0,0,6,112,1,7,121,3,11,113,6,5,0,0,6,120,3
498,5,11,6.1,0.655744,0,120,68.7,20.605,0,5,1.5,30.669,5,106,2,6,111,1,5,0,0,5,0,0,5,0,0,6,120,1,7,114,3,11,117,5,5,0,0,6,119,3
499,5,11,6.1,0.655744,0,126,69.8,20.6976,0,5,1.5,30.669,5,111,2,6,115,1,5,0,0,5,0,0,5,0,0,6,126,1,7,110,3,11,114,5,5,0,0,6,122,3
500,5,11,6.1,0.655744,0,130,69.9,20.7062,0,5,1.4,30.7003,5,112,2,6,111,1,5,0,0,5,0,0,5,0,0,6,119,1,7,112,2,11,115,5,5,0,0,6,130,3
501,5,11,6.1,0.655744,0,122,68.7,20.6014,0,5,1.4,30.7003,5,111,2,6,116,1,5,0,0,5,0,0,5,0,0,6,110,1,7,111,2,11,117,5,5,0,0,6,122,3
502,5,11,6.1,0.655744,0,124,70.4,20.7216,0,5,1.4,30.7003,5,117,2,6,121,1,5,0,0,5,0,0,5,0,0,6,115,1,7,115,2,11,112,5,5,0,0,6,124,3
503,5,11,6.1,0.655744,0,121,70.1,20.6884,0,5,1.4,30.7003,5,114,2,6,121,1,5,0,0,5,0,0,5,0,0,6,114,1,7,115,2,11,116,5,5,0,0,6,121,3
504,5,11,6.1,0.655744,0,131,71.8,20.8622,0,5,1.4,30.7003,5,114,2,6,131,1,5,0,0,5,0,0,5,0,0,6,117,1,7,120,2,11,120,5,5,0,0,6,116,3
505,5,11,6.1,0.655744,0,129,71.5,20.8324,0,5,1.4,30.7003,5,115,2,6,129,1,5,0,0,5,0,0,5,0,0,6,122,1,7,117,2,11,117,5,5,0,0,6,115,3
506,5,11,6.1,0.655744,0,134,73.3,21.0272,0,5,1.4,30.7003,5,125,2,6,134,1,5,0,0,5,0,0,5,0,0,6,123,1,7,120,2,11,114,5,5,0,0,6,117,3
507,5,11,6.1,0.655744,0,140,73.4,21.1054,0,5,1.4,30.7003,5,123,2,6,140,1,5,0,0,5,0,0,5,0,0,6,119,1,7,126,2,11,112,5,5,0,0,6,114,3
508,5,11,6.1,0.655744,0,132,72.3,20.9845,0,5,1.4,30.7003,5,123,2,6,130,1,5,0,0,5,0,0,5,0,0,6,106,1,7,132,2,11,113,5,5,0,0,6,119,3
509,5,11,6.1,0.655744,0,129,71.5,20.8676,0,5,1.4,30.7003,5,120,2,6,129,1,5,0,0,5,0,0,5,0,0,6,107,1,7,124,2,11,113,5,5,0,0,6,122,3
510,5,11,6.1,0.655744,0,124,69.7,20.6863,0,5,1.4,30.7003,5,115,2,6,124,1,5,0,0,5,0,0,5,0,0,6,114,1,7,116,2,11,109,5,5,0,0,6,119,3
511,5,11,6.1,0.655744,0,122,69.7,20.6699,0,5,1.4,30.7003,5,115,2,6,122,1,5,0,0,5,0,0,5,0,0,6,117,1,7,115,2,11,112,5,5,0,0,6,116,3
512,5,11,6.1,0.655744,0,127,71.9,20.8485,0,5,1.4,30.7003,5,115,2,6,127,1,5,0,0,5,0,0,5,0,0,6,117,1,7,117,2,11,117,5,5,0,0,6,126,3
513,5,11,6.1,0.655744,0,128,71.4,20.8107,0,5,1.4,30.7003,5,118,2,6,119,1,5,0,0,5,0,0,5,0,0,6,119,1,7,120,2,11,110,5,5,0,0,6,128,3
514,5,11,6.1,0.655744,0,118,68.9,20.5997,0,5,1.4,30.7003,5,111,2,6,116,1,5,0,0,5,0,0,5,0,0,6,114,1,7,116,2,11,114,5,5,0,0,6,118,3
515,5,11,6.1,0.655744,0,118,67.2,20.5147,0,5,1.4,30.7003,5,110,2,6,110,1,5,0,0,5,0,0,5,0,0,6,107,1,7,116,2,11,111,5,5,0,0,6,118,3
516,5,11,6.1,0.655744,0,120,68.1,20.5732,0,6,1.5,30.67,5,112,2,6,113,1,5,0,0,5,0,0,5,0,0,6,113,1,7,120,2,11,115,6,5,0,0,6,108,3
517,5,11,6.1,0.655744,0,121,69.5,20.6772,0,5,1.4,30.7003,5,117,2,6,113,1,5,0,0,5,0,0,5,0,0,6,116,1,7,121,2,11,121,5,5,0,0,6,107,3
518,5,11,6.1,0.655744,0,127,68.6,20.6377,0,5,1.4,30.7003,5,111,2,6,114,1,5,0,0,5,0,0,5,0,0,6,127,1,7,114,2,11,111,5,5,0,0,6,109,3
519,5,11,6.1,0.655744,0,123,69.9,20.699,0,5,1.4,30.7003,5,107,2,6,113,1,5,0,0,5,0,0,5,0,0,6,123,1,7,123,2,11,117,5,5,0,0,6,116,3
520,5,11,6.1,0.655744,0,131,72,20.8936,0,5,1.4,30.7003,5,106,2,6,117,1,5,0,0,5,0,0,5,0,0,6,122,1,7,131,2,11,124,5,5,0,0,6,120,3
521,5,11,6.1,0.655744,0,125,71.2,20.7968,0,5,1.4,30.7003,5,109,2,6,112,1,5,0,0,5,0,0,5,0,0,6,118,1,7,125,2,11,125,5,5,0,0,6,123,3
522,5,11,6.1,0.655744,0,124,70.2,20.7154,0,5,1.4,30.7003,5,113,2,6,119,1,5,0,0,5,0,0,5,0,0,6,112,1,7,124,2,11,121,5,5,0,0,6,113,3
523,5,11,6.1,0.655744,0,124,69.6,20.6636,0,5,1.4,30.7003,5,111,2,6,117,1,5,0,0,5,0,0,5,0,0,6,114,1,7,124,2,11,115,5,5,0,0,6,115,3
524,5,11,6.1,0.655744,0,128,70.5,20.7403,0,5,1.4,30.7003,5,115,2,6,117,1,5,0,0,5,0,0,5,0,0,6,113,1,7,128,2,11,114,5,5,0,0,6,118,3
525,5,11,6.1,0.655744,0,124,70.5,20.7741,0,5,1.4,30.7003,5,121,2,6,120,1,5,0,0,5,0,0,5,0,0,6,121,1,7,124,2,11,110,5,5,0,0,6,109,3
526,5,11,6.1,0.655744,0,128,70.2,20.7787,0,5,1.4,30.7003,5,128,2,6,114,1,5,0,0,5,0,0,5,0,0,6,119,1,7,122,2,11,113,5,5,0,0,6,106,3
527,5,11,6.1,0.655744,0,126,66.9,20.6038,0,5,1.4,30.7003,5,126,2,6,107,1,5,0,0,5,0,0,5,0,0,6,109,1,7,114,2,11,113,5,5,0,0,6,100,3
528,5,11,6.1,0.655744,0,126,67.6,20.6511,0,5,1.4,30.7003,5,126,2,6,107,1,5,0,0,5,0,0,5,0,0,6,111,1,7,109,2,11,122,5,5,0,0,6,101,3
529,5,11,6.1,0.655744,0,122,68,20.6397,0,5,1.4,30.7003,5,122,2,6,101,1,5,0,0,5,0,0,5,0,0,6,118,1,7,114,2,11,120,5,5,0,0,6,105,3
530,5,11,6.1,0.655744,0,121,67.2,20.5676,0,5,1.4,30.7003,5,115,2,6,100,1,5,0,0,5,0,0,5,0,0,6,114,1,7,121,2,11,115,5,5,0,0,6,107,3
531,5,11,6.1,0.655744,0,118,67.3,20.5378,0,6,1.5,30.67,5,117,2,6,103,1,5,0,0,5,0,0,5,0,0,6,112,1,7,109,2,11,114,6,5,0,0,6,118,3
532,5,11,6.1,0.655744,0,123,69.2,20.654,0,6,1.5,30.67,5,115,2,6,104,1,5,0,0,5,0,0,5,0,0,6,116,1,7,113,2,11,123,6,5,0,0,6,121,3
533,5,11,6.1,0.655744,0,117,68.5,20.5967,0,6,1.5,30.67,5,117,2,6,104,1,5,0,0,5,0,0,5,0,0,6,115,1,7,117,2,11,115,6,5,0,0,6,117,3
534,5,11,6.1,0.655744,0,122,67.9,20.5888,0,6,1.5,30.67,5,115,2,6,104,1,5,0,0,5,0,0,5,0,0,6,120,1,7,109,2,11,109,6,5,0,0,6,122,3
535,5,11,6.1,0.655744,0,129,69.7,20.7481,0,6,1.5,30.67,5,120,2,6,106,1,5,0,0,5,0,0,5,0,0,6,124,1,7,111,2,11,107,6,5,0,0,6,129,3
536,5,11,6.1,0.655744,0,128,70.8,20.7753,0,6,1.5,30.67,5,120,2,6,109,1,5,0,0,5,0,0,5,0,0,6,122,1,7,117,2,11,112,6,5,0,0,6,128,3
537,5,11,6.1,0.655744,0,125,71.1,20.7803,0,6,1.5,30.67,5,121,2,6,113,1,5,0,0,5,0,0,5,0,0,6,119,1,7,111,2,11,122,6,5,0,0,6,125,3
538,5,11,6.1,0.655744,0,128,71.9,20.8299,0,6,1.5,30.67,5,119,2,6,115,1,5,0,0,5,0,0,5,0,0,6,118,1,7,118,2,11,121,6,5,0,0,6,128,3
539,5,11,6.1,0.655744,0,135,70.9,20.7998,0,6,1.5,30.67,5,115,2,6,115,1,5,0,0,5,0,0,5,0,0,6,113,1,7,117,2,11,114,6,5,0,0,6,135,3
540,5,11,6.1,0.655744,0,124,70.2,20.7025,0,6,1.5,30.67,5,120,2,6,115,1,5,0,0,5,0,0,5,0,0,6,116,1,7,113,2,11,114,6,5,0,0,6,124,3
541,5,11,6.1,0.655744,0,128,71.7,20.8184,0,6,1.5,30.67,5,117,2,6,120,1,5,0,0,5,0,0,5,0,0,6,115,1,7,116,2,11,121,6,5,0,0,6,128,3
542,5,11,6.1,0.655744,0,132,71.8,20.8919,0,6,1.5,30.67,5,114,2,6,128,1,5,0,0,5,0,0,5,0,0,6,111,1,7,112,2,11,121,6,5,0,0,6,132,3
543,5,11,6.1,0.655744,0,132,72.6,20.9295,0,6,1.5,30.67,5,113,2,6,127,1,5,0,0,5,0,0,5,0,0,6,116,1,7,117,2,11,121,6,5,0,0,6,132,3
544,5,11,6.1,0.655744,0,129,72.3,20.8906,0,6,1.5,30.67,5,124,2,6,120,1,5,0,0,5,0,0,5,0,0,6,111,1,7,118,2,11,121,6,5,0,0,6,129,3
545,5,11,6.1,0.655744,0,123,71.5,20.8101,0,6,1.5,30.67,5,123,2,6,123,1,5,0,0,5,0,0,5,0,0,6,115,1,7,116,2,11,121,6,5,0,0,6,117,3
546,5,11,6.1,0.655744,0,127,71,20.7947,0,5,1.4,30.7003,5,118,2,6,127,1,5,0,0,5,0,0,5,0,0,6,118,1,7,113,2,11,111,5,5,0,0,6,123,3
547,5,11,6.1,0.655744,0,128,71.3,20.8112,0,5,1.4,30.7003,5,120,2,6,123,1,5,0,0,5,0,0,5,0,0,6,116,1,7,114,2,11,112,5,5,0,0,6,128,3
548,5,11,6.1,0.655744,0,133,71.8,20.9282,0,5,1.4,30.7003,5,116,2,6,133,1,5,0,0,5,0,0,5,0,0,6,112,1,7,125,2,11,107,5,5,0,0,6,125,3
549,5,11,6.1,0.655744,0,131,72.9,20.9338,0,5,1.4,30.7003,5,118,2,6,122,1,5,0,0,5,0,0,5,0,0,6,118,1,7,124,2,11,116,5,5,0,0,6,131,3
550,5,11,6.1,0.655744,0,126,72.3,20.8636,0,5,1.4,30.7003,5,121,2,6,117,1,5,0,0,5,0,0,5,0,0,6,115,1,7,122,2,11,122,5,5,0,0,6,126,3
551,5,11,6.1,0.655744,0,125,71.9,20.8415,0,5,1.4,30.7003,5,123,2,6,113,1,5,0,0,5,0,0,5,0,0,6,119,1,7,115,2,11,125,5,5,0,0,6,124,3
552,5,11,6.1,0.655744,0,127,71.9,20.8702,0,5,1.4,30.7003,5,127,2,6,113,1,5,0,0,5,0,0,5,0,0,6,120,1,7,111,2,11,126,5,5,0,0,6,122,3
553,5,11,6.1,0.655744,0,131,72.1,20.941,0,5,1.4,30.7003,5,128,2,6,109,1,5,0,0,5,0,0,5,0,0,6,131,1,7,109,2,11,120,5,5,0,0,6,124,3
554,5,11,6.1,0.655744,0,130,72.3,20.9174,0,5,1.4,30.7003,5,130,2,6,111,1,5,0,0,5,0,0,5,0,0,6,125,1,7,115,2,11,117,5,5,0,0,6,125,3
555,5,11,6.1,0.655744,0,127,71.8,20.8448,0,5,1.4,30.7003,5,127,2,6,112,1,5,0,0,5,0,0,5,0,0,6,123,1,7,118,2,11,119,5,5,0,0,6,119,3
556,5,11,6.1,0.655744,0,123,71.1,20.7794,0,5,1.4,30.7003,5,123,2,6,111,1,5,0,0,5,0,0,5,0,0,6,120,1,7,123,2,11,117,5,5,0,0,6,117,3
557,5,11,6.1,0.655744,0,125,72,20.8605,0,5,1.4,30.7003,5,125,2,6,112,1,5,0,0,5,0,0,5,0,0,6,123,1,7,124,2,11,119,5,5,0,0,6,117,3
558,5,11,6.1,0.655744,0,128,72.2,20.8961,0,5,1.4,30.7003,5,125,2,6,115,1,5,0,0,5,0,0,5,0,0,6,117,1,7,128,2,11,124,5,5,0,0,6,113,3
559,5,11,6.1,0.655744,0,123,70,20.7343,0,5,1.4,30.7003,5,123,2,6,119,1,5,0,0,5,0,0,5,0,0,6,113,1,7,115,2,11,123,5,5,0,0,6,107,3
560,5,11,6.1,0.655744,0,125,70.5,20.7421,0,5,1.4,30.7003,5,125,2,6,119,1,5,0,0,5,0,0,5,0,0,6,117,1,7,116,2,11,113,5,5,0,0,6,115,3
561,5,11,6.1,0.655744,0,130,71.2,20.8204,0,5,1.4,30.7003,5,130,2,6,113,1,5,0,0,5,0,0,5,0,0,6,121,1,7,116,2,11,113,5,5,0,0,6,119,3
562,5,11,6.1,0.655744,0,123,70.5,20.7403,0,5,1.4,30.7003,5,123,2,6,109,1,5,0,0,5,0,0,5,0,0,6,113,1,7,116,2,11,123,5,5,0,0,6,121,3
563,5,11,6.1,0.655744,0,129,70.9,20.7746,0,5,1.4,30.7003,5,117,2,6,112,1,5,0,0,5,0,0,5,0,0,6,118,1,7,119,2,11,129,5,5,0,0,6,114,3
564,5,12,6.2,0.748331,0,131,71.5,20.8279,0,6,1.5,30.67,5,112,2,6,116,1,5,0,0,5,0,0,5,0,0,6,121,1,7,119,2,12,131,6,5,0,0,6,116,3
565,5,12,6.2,0.748331,0,131,72.7,20.9243,0,6,1.5,30.67,5,116,2,6,115,1,5,0,0,5,0,0,5,0,0,6,123,1,7,124,2,12,131,6,5,0,0,6,118,3
566,5,12,6.2,0.748331,0,135,73.4,21.0544,0,6,1.5,30.67,5,115,2,6,116,1,5,0,0,5,0,0,5,0,0,6,135,1,7,132,2,12,122,6,5,0,0,6,114,3
567,5,12,6.2,0.748331,0,130,72,20.913,0,6,1.5,30.67,5,117,2,6,123,1,5,0,0,5,0,0,5,0,0,6,130,1,7,121,2,12,122,6,5,0,0,6,107,3
568,5,12,6.2,0.748331,0,125,71.2,20.8116,0,6,1.5,30.67,5,117,2,6,119,1,5,0,0,5,0,0,5,0,0,6,124,1,7,125,2,12,118,6,5,0,0,6,109,3
569,5,12,6.2,0.748331,0,130,72.3,20.9319,0,5,1.4,30.7003,5,119,2,6,123,1,5,0,0,5,0,0,5,0,0,6,130,1,7,126,2,12,114,5,5,0,0,6,111,3
570,5,12,6.2,0.748331,0,132,72.7,20.9775,0,5,1.4,30.7003,5,125,2,6,122,1,5,0,0,5,0,0,5,0,0,6,132,1,7,118,2,12,108,5,5,0,0,6,122,3
571,5,12,6.2,0.748331,0,129,72.9,20.9894,0,5,1.4,30.7003,5,124,2,6,128,1,5,0,0,5,0,0,5,0,0,6,129,1,7,118,2,12,109,5,5,0,0,6,121,3
572,5,12,6.2,0.748331,0,126,71,20.8254,0,5,1.4,30.7003,5,125,2,6,117,1,5,0,0,5,0,0,5,0,0,6,124,1,7,107,2,12,111,5,5,0,0,6,126,3
573,5,12,6.2,0.748331,0,128,71.7,20.8539,0,5,1.4,30.7003,5,122,2,6,118,1,5,0,0,5,0,0,5,0,0,6,125,1,7,111,2,12,113,5,5,0,0,6,128,3
574,5,12,6.2,0.748331,0,122,70,20.698,0,5,1.4,30.7003,5,121,2,6,116,1,5,0,0,5,0,0,5,0,0,6,118,1,7,110,2,12,113,5,5,0,0,6,122,3
575,5,12,6.2,0.748331,0,127,72.4,20.8816,0,5,1.4,30.7003,5,114,2,6,118,1,5,0,0,5,0,0,5,0,0,6,125,1,7,123,2,12,117,5,5,0,0,6,127,3
576,5,12,6.2,0.748331,0,125,71.5,20.8403,0,5,1.4,30.7003,5,104,2,6,120,1,5,0,0,5,0,0,5,0,0,6,125,1,7,119,2,12,122,5,5,0,0,6,125,3
577,5,12,6.2,0.748331,0,124,71,20.7658,0,6,1.5,30.67,5,109,2,6,120,1,5,0,0,5,0,0,5,0,0,6,118,1,7,117,2,12,124,6,5,0,0,6,122,3
578,5,12,6.2,0.748331,0,121,69.8,20.662,0,5,1.4,30.7003,5,111,2,6,115,1,5,0,0,5,0,0,5,0,0,6,117,1,7,117,2,12,121,5,5,0,0,6,117,3
579,5,12,6.3,0.754983,0,122,68.4,20.5946,0,5,1.5,30.669,6,113,3,6,109,1,5,0,0,5,0,0,5,0,0,6,112,1,7,118,2,12,122,5,5,0,0,6,110,3
580,5,12,6.3,0.754983,0,120,67.8,20.5758,0,5,1.5,30.669,6,115,3,6,110,1,5,0,0,5,0,0,5,0,0,6,109,1,7,120,2,12,118,5,5,0,0,6,106,3
581,5,12,6.4,0.774597,0,125,69.5,20.6783,0,5,1.6,30.6381,6,112,3,6,114,1,5,0,0,5,0,0,5,0,0,6,111,1,7,125,2,12,122,5,5,0,0,7,111,4
582,5,12,6.4,0.774597,0,126,71.5,20.8037,0,5,1.6,30.6381,6,117,3,6,119,1,5,0,0,5,0,0,5,0,0,6,116,1,7,126,2,12,121,5,5,0,0,7,116,4
583,5,12,6.4,0.774597,0,127,71.7,20.8624,0,5,1.6,30.6381,6,125,3,6,118,1,5,0,0,5,0,0,5,0,0,6,110,1,7,127,2,12,123,5,5,0,0,7,114,4
584,5,12,6.4,0.774597,0,126,71,20.7944,0,5,1.6,30.6381,6,126,3,6,123,1,5,0,0,5,0,0,5,0,0,6,111,1,7,118,2,12,115,5,5,0,0,7,117,4
585,5,12,6.4,0.774597,0,130,70.9,20.8097,0,5,1.6,30.6381,6,130,3,6,117,1,5,0,0,5,0,0,5,0,0,6,112,1,7,122,2,12,115,5,5,0,0,7,113,4
586,5,12,6.4,0.774597,0,132,72.9,20.9655,0,5,1.6,30.6381,6,132,3,6,119,1,5,0,0,5,0,0,5,0,0,6,114,1,7,121,2,12,125,5,5,0,0,7,118,4
587,5,12,6.4,0.774597,0,128,71.1,20.8049,0,5,1.6,30.6381,6,128,3,6,117,1,5,0,0,5,0,0,5,0,0,6,111,1,7,118,2,12,122,5,5,0,0,7,115,4
588,5,12,6.4,0.774597,0,123,72.1,20.8406,0,5,1.6,30.6381,6,120,3,6,119,1,5,0,0,5,0,0,5,0,0,6,118,1,7,123,2,12,122,5,5,0,0,7,119,4
589,5,12,6.4,0.774597,0,121,70.5,20.724,0,5,1.6,30.6381,6,121,3,6,117,1,5,0,0,5,0,0,5,0,0,6,120,1,7,117,2,12,116,5,5,0,0,7,114,4
590,5,12,6.4,0.774597,0,123,70.9,20.781,0,5,1.6,30.6381,6,121,3,6,121,1,5,0,0,5,0,0,5,0,0,6,116,1,7,123,2,12,108,5,5,0,0,7,120,4
591,5,12,6.4,0.774597,0,129,71.1,20.8401,0,5,1.6,30.6381,6,123,3,6,121,1,5,0,0,5,0,0,5,0,0,6,116,1,7,129,2,12,106,5,5,0,0,7,116,4
592,5,12,6.4,0.774597,0,125,70.7,20.7972,0,5,1.6,30.6381,6,123,3,6,120,1,5,0,0,5,0,0,5,0,0,6,111,1,7,125,2,12,106,5,5,0,0,7,122,4
593,5,12,6.4,0.774597,0,121,68.1,20.6218,0,5,1.6,30.6381,6,121,3,6,113,1,5,0,0,5,0,0,5,0,0,6,106,1,7,121,2,12,104,5,5,0,0,7,116,4
594,5,12,6.4,0.774597,0,121,67.9,20.574,0,5,1.6,30.6381,6,121,3,6,112,1,5,0,0,5,0,0,5,0,0,6,106,1,7,114,2,12,113,5,5,0,0,7,113,4
595,5,12,6.4,0.774597,0,120,69.3,20.6551,0,5,1.6,30.6381,6,120,3,6,118,1,5,0,0,5,0,0,5,0,0,6,108,1,7,115,2,12,119,5,5,0,0,7,113,4
596,5,12,6.4,0.774597,0,120,68.5,20.6104,0,5,1.6,30.6381,6,120,3,6,109,1,5,0,0,5,0,0,5,0,0,6,115,1,7,107,2,12,120,5,5,0,0,7,114,4
597,5,12,6.4,0.774597,0,124,69,20.6648,0,5,1.7,30.6074,6,124,3,6,118,1,5,0,0,5,0,0,5,0,0,6,106,1,7,110,2,12,118,5,5,0,0,7,114,5
598,5,12,6.4,0.774597,0,128,72.3,20.8965,0,5,1.6,30.6381,6,123,3,6,128,1,5,0,0,5,0,0,5,0,0,6,115,1,7,118,2,12,123,5,5,0,0,7,116,4
599,5,12,6.4,0.774597,0,133,70.5,20.8006,0,5,1.6,30.6381,6,115,3,6,133,1,5,0,0,5,0,0,5,0,0,6,117,1,7,114,2,12,115,5,5,0,0,7,111,4
600,5,12,6.4,0.774597,0,128,70.7,20.7777,0,5,1.6,30.6381,6,113,3,6,128,1,5,0,0,5,0,0,5,0,0,6,119,1,7,116,2,12,120,5,5,0,0,7,111,4
601,5,12,6.4,0.774597,0,134,72.8,20.9779,0,5,1.6,30.6381,6,118,3,6,122,1,5,0,0,5,0,0,5,0,0,6,134,1,7,120,2,12,123,5,5,0,0,7,111,4
602,5,12,6.4,0.774597,0,128,71.5,20.8662,0,5,1.6,30.6381,6,112,3,6,128,1,5,0,0,5,0,0,5,0,0,6,122,1,7,123,2,12,122,5,5,0,0,7,108,4
603,5,12,6.4,0.774597,0,129,73.9,21.063,0,5,1.6,30.6381,6,126,3,6,126,1,5,0,0,5,0,0,5,0,0,6,126,1,7,119,2,12,129,5,5,0,0,7,113,4
604,5,12,6.4,0.774597,0,125,72.4,20.8918,0,5,1.7,30.6074,6,115,3,6,124,1,5,0,0,5,0,0,5,0,0,6,125,1,7,121,2,12,124,5,5,0,0,7,115,5
605,5,12,6.4,0.774597,0,126,71.1,20.7915,0,5,1.8,30.5764,6,111,4,6,119,1,5,0,0,5,0,0,5,0,0,6,118,1,7,124,2,12,126,5,5,0,0,7,113,5
606,5,12,6.4,0.774597,0,125,68,20.5907,0,5,1.8,30.5764,6,109,4,6,114,1,5,0,0,5,0,0,5,0,0,6,109,1,7,125,2,12,108,5,5,0,0,7,115,5
607,5,12,6.4,0.774597,0,121,67.9,20.5836,0,5,1.8,30.5764,6,112,4,6,115,1,5,0,0,5,0,0,5,0,0,6,104,1,7,119,2,12,108,5,5,0,0,7,121,5
608,5,12,6.4,0.774597,0,125,67.5,20.5963,0,5,1.8,30.5764,6,108,4,6,115,1,5,0,0,5,0,0,5,0,0,6,102,1,7,125,2,12,107,5,5,0,0,7,118,5
609,5,12,6.4,0.774597,0,118,67.8,20.5453,0,5,1.8,30.5764,6,111,4,6,114,1,5,0,0,5,0,0,5,0,0,6,108,1,7,118,2,12,113,5,5,0,0,7,114,5
610,5,12,6.4,0.774597,0,119,70.2,20.6947,0,5,1.8,30.5764,6,117,4,6,119,1,5,0,0,5,0,0,5,0,0,6,118,1,7,118,2,12,113,5,5,0,0,7,117,5
611,5,12,6.4,0.774597,0,120,70,20.6996,0,5,1.8,30.5764,6,120,4,6,120,1,5,0,0,5,0,0,5,0,0,6,119,1,7,116,2,12,111,5,5,0,0,7,114,5
612,5,12,6.4,0.774597,0,124,70.2,20.7257,0,5,1.7,30.607,6,124,4,6,108,1,5,0,0,5,0,0,5,0,0,6,121,1,7,117,2,12,113,5,5,0,0,7,119,4
613,5,12,6.4,0.774597,0,122,69.7,20.708,0,5,1.7,30.607,6,122,4,6,106,1,5,0,0,5,0,0,5,0,0,6,122,1,7,120,2,12,109,5,5,0,0,7,118,4
614,5,12,6.4,0.774597,0,122,70.6,20.7545,0,5,1.7,30.607,6,122,4,6,108,1,5,0,0,5,0,0,5,0,0,6,122,1,7,122,2,12,113,5,5,0,0,7,119,4
615,5,12,6.4,0.774597,0,120,70.3,20.697,0,5,1.7,30.607,6,119,4,6,114,1,5,0,0,5,0,0,5,0,0,6,118,1,7,117,2,12,115,5,5,0,0,7,120,4
616,5,12,6.4,0.774597,0,126,71.7,20.8158,0,5,1.7,30.607,6,117,4,6,121,1,5,0,0,5,0,0,5,0,0,6,121,1,7,116,2,12,116,5,5,0,0,7,126,4
617,5,12,6.4,0.774597,0,124,71.8,20.8128,0,5,1.7,30.607,6,116,4,6,118,1,5,0,0,5,0,0,5,0,0,6,117,1,7,122,2,12,121,5,5,0,0,7,124,4
618,5,12,6.4,0.774597,0,124,72.6,20.8919,0,5,1.7,30.607,6,123,4,6,124,1,5,0,0,5,0,0,5,0,0,6,119,1,7,120,2,12,119,5,5,0,0,7,121,4
619,5,12,6.4,0.774597,0,128,72.5,20.9273,0,5,1.7,30.607,6,122,4,6,128,1,5,0,0,5,0,0,5,0,0,6,124,1,7,111,2,12,123,5,5,0,0,7,117,4
620,5,12,6.4,0.774597,0,127,72.6,20.9395,0,5,1.6,30.6381,6,127,3,6,124,1,5,0,0,5,0,0,5,0,0,6,127,1,7,113,2,12,119,5,5,0,0,7,116,4
621,5,12,6.4,0.774597,0,128,72.3,20.8971,0,5,1.6,30.6381,6,120,3,6,128,1,5,0,0,5,0,0,5,0,0,6,125,1,7,116,2,12,118,5,5,0,0,7,116,4
622,5,12,6.4,0.774597,0,122,71.5,20.8039,0,5,1.6,30.6381,6,122,3,6,121,1,5,0,0,5,0,0,5,0,0,6,121,1,7,115,2,12,115,5,5,0,0,7,121,4
623,5,12,6.4,0.774597,0,126,68.7,20.6399,0,5,1.6,30.6381,6,113,3,6,126,1,5,0,0,5,0,0,5,0,0,6,114,1,7,109,2,12,111,5,5,0,0,7,114,4
624,5,12,6.4,0.774597,0,118,69.2,20.6287,0,5,1.6,30.6381,6,118,3,6,118,1,5,0,0,5,0,0,5,0,0,6,113,1,7,113,2,12,114,5,5,0,0,7,116,4
625,5,12,6.4,0.774597,0,116,67.8,20.5477,0,5,1.6,30.6381,6,114,3,6,116,1,5,0,0,5,0,0,5,0,0,6,108,1,7,115,2,12,112,5,5,0,0,7,113,4
626,5,12,6.4,0.774597,0,117,67.5,20.5217,0,5,1.6,30.6381,6,111,3,6,109,1,5,0,0,5,0,0,5,0,0,6,110,1,7,112,2,12,116,5,5,0,0,7,117,4
627,5,12,6.4,0.774597,0,130,68.7,20.6626,0,5,1.6,30.6381,6,111,3,6,106,1,5,0,0,5,0,0,5,0,0,6,106,1,7,113,2,12,121,5,5,0,0,7,130,4
628,5,12,6.4,0.774597,0,129,71,20.7704,0,5,1.6,30.6381,6,115,3,6,115,1,5,0,0,5,0,0,5,0,0,6,112,1,7,119,2,12,120,5,5,0,0,7,129,4
629,5,12,6.4,0.774597,0,124,71.2,20.7778,0,5,1.6,30.6381,6,115,3,6,119,1,5,0,0,5,0,0,5,0,0,6,112,1,7,118,2,12,124,5,5,0,0,7,124,4
630,5,12,6.4,0.774597,0,127,71,20.7951,0,5,1.6,30.6381,6,122,3,6,120,1,5,0,0,5,0,0,5,0,0,6,107,1,7,118,2,12,116,5,5,0,0,7,127,4
631,5,12,6.4,0.774597,0,129,71.7,20.8446,0,5,1.6,30.6381,6,123,3,6,120,1,5,0,0,5,0,0,5,0,0,6,113,1,7,112,2,12,120,5,5,0,0,7,129,4
632,5,12,6.4,0.774597,0,129,72.6,20.9022,0,5,1.6,30.6381,6,124,3,6,116,1,5,0,0,5,0,0,5,0,0,6,121,1,7,119,2,12,117,5,5,0,0,7,129,4
633,5,12,6.4,0.774597,0,125,72.2,20.8675,0,5,1.6,30.6381,6,125,3,6,116,1,5,0,0,5,0,0,5,0,0,6,122,1,7,119,2,12,115,5,5,0,0,7,125,4
634,5,12,6.4,0.774597,0,126,73.7,20.9893,0,5,1.6,30.6381,6,123,3,6,119,1,5,0,0,5,0,0,5,0,0,6,126,1,7,123,2,12,122,5,5,0,0,7,124,4
635,5,12,6.4,0.774597,0,122,70.6,20.726,0,5,1.6,30.6381,6,113,3,6,122,1,5,0,0,5,0,0,5,0,0,6,116,1,7,115,2,12,120,5,5,0,0,7,120,4
636,5,12,6.4,0.774597,0,123,70.6,20.7347,0,5,1.6,30.6381,6,110,3,6,123,1,5,0,0,5,0,0,5,0,0,6,119,1,7,116,2,12,117,5,5,0,0,7,121,4
637,5,12,6.4,0.774597,0,124,71.1,20.7969,0,5,1.6,30.6381,6,107,3,6,123,1,5,0,0,5,0,0,5,0,0,6,124,1,7,122,2,12,118,5,5,0,0,7,117,4
638,5,12,6.5,0.793725,0,122,70.2,20.7124,0,8,2.1,30.4859,7,108,8,6,121,1,5,0,0,5,0,0,5,0,0,6,119,1,7,119,2,12,113,5,5,0,0,7,122,4
639,5,12,6.5,0.793725,0,122,71,20.7584,0,8,2.1,30.4859,7,119,8,6,120,1,5,0,0,5,0,0,5,0,0,6,113,1,7,122,2,12,118,5,5,0,0,7,118,4
640,5,12,6.5,0.793725,0,124,70.9,20.7555,0,8,2.1,30.4859,7,124,8,6,116,1,5,0,0,5,0,0,5,0,0,6,116,1,7,117,2,12,115,5,5,0,0,7,121,4
641,5,12,6.5,0.793725,0,125,71,20.7812,0,9,2.2,30.4564,7,121,9,6,125,1,5,0,0,5,0,0,5,0,0,6,111,1,7,115,2,12,117,5,5,0,0,7,121,4
642,5,12,6.5,0.793725,0,132,74.3,21.0984,0,9,2.2,30.4564,7,132,9,6,124,1,5,0,0,5,0,0,5,0,0,6,118,1,7,115,2,12,128,5,5,0,0,7,126,4
643,5,12,6.5,0.793725,0,133,72.8,20.9761,0,9,2.2,30.4564,7,133,9,6,119,1,5,0,0,5,0,0,5,0,0,6,118,1,7,112,2,12,127,5,5,0,0,7,119,4
644,5,12,6.6,0.812404,0,128,71.3,20.8198,0,9,2.3,30.4245,7,122,9,6,121,1,5,0,0,5,0,0,5,0,0,7,116,2,7,113,2,12,128,5,5,0,0,7,113,4
645,5,12,6.6,0.812404,0,120,68.8,20.6127,0,9,2.3,30.4245,7,120,9,6,113,1,5,0,0,5,0,0,5,0,0,7,115,2,7,111,2,12,117,5,5,0,0,7,112,4
646,5,12,6.6,0.812404,0,120,69.9,20.6719,0,9,2.3,30.4245,7,117,9,6,115,1,5,0,0,5,0,0,5,0,0,7,118,2,7,115,2,12,120,5,5,0,0,7,114,4
647,5,12,6.6,0.812404,0,122,70.1,20.686,0,10,2.4,30.3952,7,112,10,6,113,1,5,0,0,5,0,0,5,0,0,7,118,2,7,119,2,12,122,5,5,0,0,7,117,4
648,5,12,6.6,0.812404,0,119,69.8,20.6641,0,10,2.4,30.3952,7,116,10,6,116,1,5,0,0,5,0,0,5,0,0,7,117,2,7,119,2,12,112,5,5,0,0,7,118,4
649,5,12,6.6,0.812404,0,122,69.8,20.6848,0,10,2.4,30.3952,7,113,10,6,119,1,5,0,0,5,0,0,5,0,0,7,122,2,7,117,2,12,109,5,5,0,0,7,118,4
650,5,12,6.6,0.812404,0,121,69.1,20.6431,0,9,2.3,30.4245,7,111,9,6,117,1,5,0,0,5,0,0,5,0,0,7,121,2,7,118,2,12,107,5,5,0,0,7,117,4
651,5,12,6.6,0.812404,0,118,67.8,20.5646,0,9,2.3,30.4245,7,108,9,6,118,1,5,0,0,5,0,0,5,0,0,7,118,2,7,110,2,12,115,5,5,0,0,7,109,4
652,5,12,6.6,0.812404,0,123,69.6,20.6751,0,9,2.3,30.4245,7,111,9,6,123,1,5,0,0,5,0,0,5,0,0,7,120,2,7,115,2,12,114,5,5,0,0,7,113,4
653,5,12,6.6,0.812404,0,127,69.4,20.6801,0,10,2.4,30.3952,7,112,10,6,127,1,5,0,0,5,0,0,5,0,0,7,116,2,7,113,2,12,112,5,5,0,0,7,114,4
654,5,12,6.6,0.812404,0,122,69.5,20.6658,0,10,2.4,30.3952,7,111,10,6,116,1,5,0,0,5,0,0,5,0,0,7,115,2,7,121,2,12,122,5,5,0,0,7,110,4
655,5,12,6.6,0.812404,0,120,69.5,20.6433,0,10,2.4,30.3952,7,114,10,6,115,1,5,0,0,5,0,0,5,0,0,7,114,2,7,120,2,12,118,5,5,0,0,7,114,4
656,5,12,6.6,0.812404,0,120,69.2,20.6301,0,10,2.4,30.3952,7,118,10,6,111,1,5,0,0,5,0,0,5,0,0,7,116,2,7,112,2,12,120,5,5,0,0,7,115,4
657,5,12,6.6,0.812404,0,119,68.6,20.5988,0,10,2.3,30.4261,7,111,10,6,114,1,5,0,0,5,0,0,5,0,0,7,116,2,7,119,2,12,117,4,5,0,0,7,109,4
658,5,12,6.6,0.812404,0,125,70.8,20.7543,0,10,2.3,30.4261,7,115,10,6,116,1,5,0,0,5,0,0,5,0,0,7,117,2,7,125,2,12,122,4,5,0,0,7,113,4
659,5,12,6.6,0.812404,0,122,70.1,20.6864,0,10,2.3,30.4261,7,114,10,6,114,1,5,0,0,5,0,0,5,0,0,7,118,2,7,120,2,12,113,4,5,0,0,7,122,4
660,5,12,6.6,0.812404,0,129,71.2,20.7923,0,9,2.2,30.4554,7,113,9,6,116,1,5,0,0,5,0,0,5,0,0,7,115,2,7,124,2,12,115,4,5,0,0,7,129,4
661,5,12,6.6,0.812404,0,133,73.3,20.9924,0,9,2.2,30.4554,7,111,9,6,121,1,5,0,0,5,0,0,5,0,0,7,119,2,7,128,2,12,121,4,5,0,0,7,133,4
662,5,12,6.6,0.812404,0,133,72.6,20.915,0,8,2.1,30.4849,7,112,8,6,117,1,5,0,0,5,0,0,5,0,0,7,120,2,7,122,2,12,122,4,5,0,0,7,133,4
663,5,12,6.6,0.812404,0,132,73.3,20.9825,0,8,2.1,30.4849,7,111,8,6,122,1,5,0,0,5,0,0,5,0,0,7,125,2,7,120,2,12,123,4,5,0,0,7,132,4
664,5,12,6.6,0.812404,0,128,71.9,20.8671,0,8,2.1,30.4849,7,119,8,6,118,1,5,0,0,5,0,0,5,0,0,7,127,2,7,110,2,12,117,4,5,0,0,7,128,4
665,5,12,6.6,0.812404,0,136,72.7,21.0342,0,8,2,30.5167,7,116,8,6,121,1,5,0,0,5,0,0,5,0,0,7,136,2,7,104,1,12,119,4,5,0,0,7,131,4
666,5,12,6.6,0.812404,0,131,73.3,21.0191,0,8,2,30.5167,7,119,8,6,127,1,5,0,0,5,0,0,5,0,0,7,131,2,7,109,1,12,121,4,5,0,0,7,126,4
667,5,12,6.6,0.812404,0,124,72.2,20.8684,0,8,2,30.5167,7,122,8,6,124,1,5,0,0,5,0,0,5,0,0,7,120,2,7,113,1,12,119,4,5,0,0,7,124,4
668,5,12,6.6,0.812404,0,121,70.3,20.7253,0,8,2,30.5167,7,119,8,6,120,1,5,0,0,5,0,0,5,0,0,7,121,2,7,108,1,12,116,4,5,0,0,7,119,4
669,5,12,6.6,0.812404,0,128,71.2,20.8009,0,8,2,30.5167,7,116,8,6,128,1,5,0,0,5,0,0,5,0,0,7,117,2,7,112,1,12,118,4,5,0,0,7,121,4
670,5,12,6.6,0.812404,0,129,71.1,20.8098,0,8,2,30.5167,7,115,8,6,129,1,5,0,0,5,0,0,5,0,0,7,121,2,7,117,1,12,117,4,5,0,0,7,112,4
671,5,12,6.6,0.812404,0,122,69.2,20.6419,0,8,2,30.5167,7,114,8,6,117,1,5,0,0,5,0,0,5,0,0,7,122,2,7,113,1,12,115,4,5,0,0,7,111,4
672,5,12,6.6,0.812404,0,120,67.8,20.563,0,8,2,30.5167,7,120,8,6,110,1,5,0,0,5,0,0,5,0,0,7,115,2,7,110,1,12,113,4,5,0,0,7,110,4
673,5,12,6.6,0.812404,0,121,68.8,20.6334,0,8,2,30.5167,7,121,8,6,108,1,5,0,0,5,0,0,5,0,0,7,119,2,7,118,1,12,111,4,5,0,0,7,111,4
674,5,12,6.6,0.812404,0,128,69.7,20.7678,0,8,2,30.5167,7,128,8,6,112,1,5,0,0,5,0,0,5,0,0,7,112,2,7,127,1,12,105,4,5,0,0,7,113,4
675,5,12,6.6,0.812404,0,122,68.3,20.6099,0,8,2,30.5167,7,122,8,6,116,1,5,0,0,5,0,0,5,0,0,7,107,2,7,115,1,12,108,4,5,0,0,7,115,4
676,5,12,6.6,0.812404,0,123,69.3,20.6543,0,8,2,30.5167,7,123,8,6,111,1,5,0,0,5,0,0,5,0,0,7,112,2,7,113,1,12,113,4,5,0,0,7,121,4
677,5,12,6.6,0.812404,0,129,70.5,20.7677,0,8,2,30.5167,7,129,8,6,115,1,5,0,0,5,0,0,5,0,0,7,117,2,7,117,1,12,110,4,5,0,0,7,117,4
678,5,12,6.6,0.812404,0,128,72.3,20.8981,0,8,2,30.5167,7,128,8,6,114,1,5,0,0,5,0,0,5,0,0,7,118,2,7,127,1,12,116,4,5,0,0,7,120,4
679,5,12,6.6,0.812404,0,127,73.1,20.955,0,8,2,30.5167,7,127,8,6,121,1,5,0,0,5,0,0,5,0,0,7,126,2,7,120,1,12,117,4,5,0,0,7,120,4
680,5,12,6.6,0.812404,0,127,71.3,20.839,0,8,2,30.5167,7,127,8,6,114,1,5,0,0,5,0,0,5,0,0,7,127,2,7,117,1,12,117,4,5,0,0,7,111,4
681,5,12,6.6,0.812404,0,129,73,20.9374,0,8,2,30.5167,7,122,8,6,117,1,5,0,0,5,0,0,5,0,0,7,129,2,7,119,1,12,122,4,5,0,0,7,121,4
682,5,12,6.6,0.812404,0,132,71.7,20.854,0,8,2,30.5167,7,109,8,6,120,1,5,0,0,5,0,0,5,0,0,7,123,2,7,117,1,12,116,4,5,0,0,7,132,4
683,5,12,6.6,0.812404,0,133,72.4,20.9115,0,8,1.9,30.5478,7,109,8,6,118,1,5,0,0,5,0,0,5,0,0,7,119,2,7,120,1,12,125,4,5,0,0,7,133,3
684,5,12,6.6,0.812404,0,125,71.3,20.7993,0,8,1.9,30.5478,7,111,8,6,124,1,5,0,0,5,0,0,5,0,0,7,116,2,7,115,1,12,125,4,5,0,0,7,122,3
685,5,12,6.6,0.812404,0,124,69.4,20.6678,0,8,1.9,30.5478,7,109,8,6,120,1,5,0,0,5,0,0,5,0,0,7,117,2,7,111,1,12,124,4,5,0,0,7,113,3
686,5,12,6.6,0.812404,0,125,70.4,20.7279,0,8,1.9,30.5478,7,110,8,6,115,1,5,0,0,5,0,0,5,0,0,7,121,2,7,112,1,12,125,4,5,0,0,7,121,3
687,5,12,6.6,0.812404,0,125,70.2,20.6972,0,8,1.9,30.5478,7,117,8,6,115,1,5,0,0,5,0,0,5,0,0,7,115,2,7,113,1,12,117,4,5,0,0,7,125,3
688,5,12,6.6,0.812404,0,124,70.4,20.7216,0,8,1.9,30.5478,7,116,8,6,114,1,5,0,0,5,0,0,5,0,0,7,111,2,7,115,1,12,124,4,5,0,0,7,124,3
689,5,12,6.6,0.812404,0,125,69.2,20.6436,0,8,1.9,30.5478,7,110,8,6,114,1,5,0,0,5,0,0,5,0,0,7,109,2,7,114,1,12,120,4,5,0,0,7,125,3
690,5,12,6.6,0.812404,0,119,68.3,20.5698,0,8,1.9,30.5478,7,112,8,6,112,1,5,0,0,5,0,0,5,0,0,7,116,2,7,109,1,12,115,4,5,0,0,7,119,3
691,5,12,6.6,0.812404,0,121,69.4,20.6412,0,8,1.9,30.5478,7,110,8,6,111,1,5,0,0,5,0,0,5,0,0,7,120,2,7,115,1,12,117,4,5,0,0,7,121,3
692,5,12,6.6,0.812404,0,123,69.1,20.6542,0,8,1.9,30.5478,7,102,8,6,113,1,5,0,0,5,0,0,5,0,0,7,114,2,7,118,1,12,121,4,5,0,0,7,123,3
693,5,12,6.7,0.830662,0,128,70.8,20.7808,0,8,1.9,30.5478,7,105,8,7,117,1,5,0,0,5,0,0,5,0,0,7,114,2,7,122,1,12,122,4,5,0,0,7,128,3
694,5,12,6.7,0.830662,0,128,70.9,20.8154,0,8,1.9,30.5478,7,106,8,7,119,1,5,0,0,5,0,0,5,0,0,7,108,2,7,122,1,12,128,4,5,0,0,7,126,3
695,5,12,6.7,0.830662,0,125,70.8,20.7729,0,8,1.9,30.5478,7,111,8,7,125,1,5,0,0,5,0,0,5,0,0,7,109,2,7,121,1,12,120,4,5,0,0,7,122,3
696,5,12,6.8,0.860233,0,129,72.6,20.9212,0,8,2,30.5163,7,115,8,7,125,1,5,0,0,5,0,0,5,0,0,8,113,3,7,126,1,12,118,4,5,0,0,7,129,3
697,5,12,6.8,0.860233,0,128,73.1,20.9552,0,7,1.9,30.5461,7,122,7,7,128,1,5,0,0,5,0,0,5,0,0,8,114,3,7,122,1,12,123,4,5,0,0,7,122,3
698,5,12,6.8,0.860233,0,122,72,20.8275,0,7,1.9,30.5461,7,120,7,7,118,1,5,0,0,5,0,0,5,0,0,8,119,3,7,119,1,12,122,4,5,0,0,7,122,3
699,5,12,6.8,0.860233,0,126,72.4,20.8983,0,7,1.9,30.5461,7,124,7,7,123,1,5,0,0,5,0,0,5,0,0,8,126,3,7,117,1,12,114,4,5,0,0,7,120,3
700,5,12,6.8,0.860233,0,126,71.3,20.826,0,7,1.9,30.5461,7,121,7,7,124,1,5,0,0,5,0,0,5,0,0,8,126,3,7,110,1,12,114,4,5,0,0,7,118,3
701,5,12,6.8,0.860233,0,125,70.9,20.7902,0,7,1.9,30.5461,7,125,7,7,117,1,5,0,0,5,0,0,5,0,0,8,123,3,7,110,1,12,112,4,5,0,0,7,122,3
702,5,12,6.8,0.860233,0,123,70.6,20.7622,0,7,1.9,30.5461,7,122,7,7,115,1,5,0,0,5,0,0,5,0,0,8,121,3,7,106,1,12,119,4,5,0,0,7,123,3
703,5,12,6.8,0.860233,0,126,70.4,20.7703,0,7,1.9,30.5461,7,124,7,7,108,1,5,0,0,5,0,0,5,0,0,8,126,3,7,110,1,12,121,4,5,0,0,7,115,3
704,5,12,6.8,0.860233,0,124,70.3,20.7229,0,7,1.9,30.5461,7,124,7,7,112,1,5,0,0,5,0,0,5,0,0,8,120,3,7,115,1,12,118,4,5,0,0,7,114,3
705,5,12,6.8,0.860233,0,125,69.4,20.6591,0,7,1.9,30.5461,7,117,7,7,112,1,5,0,0,5,0,0,5,0,0,8,111,3,7,116,1,12,125,4,5,0,0,7,113,3
706,5,12,6.8,0.860233,0,126,70,20.7233,0,7,1.9,30.5461,7,116,7,7,121,1,5,0,0,5,0,0,5,0,0,8,109,3,7,117,1,12,126,4,5,0,0,7,111,3
707,5,12,6.8,0.860233,0,121,69.2,20.6658,0,7,1.9,30.5461,7,117,7,7,116,1,5,0,0,5,0,0,5,0,0,8,102,3,7,119,1,12,117,4,5,0,0,7,121,3
708,5,12,6.8,0.860233,0,120,67.7,20.5949,0,7,1.9,30.5461,7,115,7,7,120,1,5,0,0,5,0,0,5,0,0,8,100,3,7,113,1,12,110,4,5,0,0,7,119,3
709,5,12,6.8,0.860233,0,120,67.3,20.5659,0,6,1.8,30.5762,7,120,6,7,114,1,5,0,0,5,0,0,5,0,0,8,101,3,7,114,1,12,109,4,5,0,0,7,115,3
710,5,12,6.8,0.860233,0,122,69.3,20.6824,0,6,1.8,30.5762,7,122,6,7,118,1,5,0,0,5,0,0,5,0,0,8,103,3,7,115,1,12,114,4,5,0,0,7,121,3
711,5,12,6.8,0.860233,0,127,71,20.7897,0,6,1.8,30.5762,7,116,6,7,116,1,5,0,0,5,0,0,5,0,0,8,107,3,7,124,1,12,120,4,5,0,0,7,127,3
712,5,12,6.8,0.860233,0,134,71,20.8116,0,6,1.8,30.5762,7,115,6,7,116,1,5,0,0,5,0,0,5,0,0,8,112,3,7,111,1,12,122,4,5,0,0,7,134,3
713,5,12,6.8,0.860233,0,132,70.8,20.8052,0,6,1.8,30.5762,7,114,6,7,117,1,5,0,0,5,0,0,5,0,0,8,107,3,7,113,1,12,125,4,5,0,0,7,132,3
714,5,12,6.8,0.860233,0,132,71.7,20.8468,0,6,1.8,30.5762,7,117,6,7,119,1,5,0,0,5,0,0,5,0,0,8,110,3,7,118,1,12,121,4,5,0,0,7,132,3
715,5,12,6.8,0.860233,0,125,68.7,20.6084,0,5,1.7,30.6066,7,112,5,7,112,1,5,0,0,5,0,0,5,0,0,8,109,3,7,116,1,12,113,4,5,0,0,7,125,3
716,5,12,6.8,0.860233,0,122,68.4,20.5996,0,5,1.7,30.6066,7,112,5,7,106,1,5,0,0,5,0,0,5,0,0,8,108,3,7,120,1,12,116,4,5,0,0,7,122,3
717,5,12,6.8,0.860233,0,127,71.1,20.7785,0,5,1.7,30.6066,7,117,5,7,111,1,5,0,0,5,0,0,5,0,0,8,114,3,7,118,1,12,124,4,5,0,0,7,127,3
718,5,12,6.8,0.860233,0,127,71.3,20.8217,0,5,1.7,30.6066,7,127,5,7,113,1,5,0,0,5,0,0,5,0,0,8,111,3,7,116,1,12,126,4,5,0,0,7,120,3
719,5,12,6.8,0.860233,0,122,70.4,20.7137,0,5,1.7,30.6066,7,118,5,7,119,1,5,0,0,5,0,0,5,0,0,8,112,3,7,116,1,12,122,4,5,0,0,7,117,3
720,5,12,6.8,0.860233,0,121,70.2,20.7005,0,5,1.7,30.6066,7,117,5,7,119,1,5,0,0,5,0,0,5,0,0,8,121,3,7,112,1,12,116,4,5,0,0,7,117,3
721,5,12,6.8,0.860233,0,123,69.5,20.6904,0,5,1.7,30.6066,7,109,5,7,123,1,5,0,0,5,0,0,5,0,0,8,122,3,7,112,1,12,119,4,5,0,0,7,110,3
722,5,12,6.8,0.860233,0,122,69.9,20.6882,0,5,1.7,30.6066,7,117,5,7,122,1,5,0,0,5,0,0,5,0,0,8,118,3,7,113,1,12,116,4,5,0,0,7,113,3
723,5,12,6.8,0.860233,0,120,69.8,20.6669,0,5,1.7,30.6066,7,115,5,7,118,1,5,0,0,5,0,0,5,0,0,8,112,3,7,118,1,12,120,4,5,0,0,7,115,3
724,5,12,6.8,0.860233,0,119,69.8,20.6631,0,4,1.6,30.6373,7,117,4,7,114,1,5,0,0,5,0,0,5,0,0,8,119,3,7,117,1,12,113,4,5,0,0,7,118,3
725,5,12,6.8,0.860233,0,127,70.8,20.764,0,4,1.6,30.6373,7,111,4,7,114,1,5,0,0,5,0,0,5,0,0,8,127,3,7,121,1,12,114,4,5,0,0,7,121,3
726,5,12,6.8,0.860233,0,123,70.8,20.7487,0,4,1.6,30.6373,7,110,4,7,121,1,5,0,0,5,0,0,5,0,0,8,121,3,7,117,1,12,116,4,5,0,0,7,123,3
727,5,12,6.8,0.860233,0,128,71.5,20.8103,0,4,1.6,30.6373,7,115,4,7,116,1,5,0,0,5,0,0,5,0,0,8,128,3,7,115,1,12,120,4,5,0,0,7,121,3
728,5,12,6.8,0.860233,0,124,71.2,20.7884,0,4,1.6,30.6373,7,118,4,7,124,1,5,0,0,5,0,0,5,0,0,8,121,3,7,112,1,12,120,4,5,0,0,7,117,3
729,5,12,6.8,0.860233,0,126,70.2,20.7403,0,4,1.6,30.6373,7,114,4,7,126,1,5,0,0,5,0,0,5,0,0,8,116,3,7,109,1,12,123,4,5,0,0,7,114,3
730,5,12,6.8,0.860233,0,127,71.6,20.8662,0,4,1.6,30.6373,7,125,4,7,127,1,5,0,0,5,0,0,5,0,0,8,111,3,7,111,1,12,124,4,5,0,0,7,118,3
731,5,12,6.8,0.860233,0,125,71.6,20.8348,0,4,1.6,30.6373,7,125,4,7,123,1,5,0,0,5,0,0,5,0,0,8,116,3,7,111,1,12,122,4,5,0,0,7,119,3
732,5,12,6.8,0.860233,0,129,73.8,21.0224,0,4,1.6,30.6373,7,129,4,7,124,1,5,0,0,5,0,0,5,0,0,8,122,3,7,123,1,12,117,4,5,0,0,7,123,3
733,5,12,6.8,0.860233,0,135,73.5,21.0366,0,4,1.5,30.6683,7,124,3,7,121,1,5,0,0,5,0,0,5,0,0,8,135,3,7,115,1,12,115,4,5,0,0,7,125,3
734,5,12,6.8,0.860233,0,133,72,20.8896,0,4,1.5,30.6683,7,116,3,7,118,1,5,0,0,5,0,0,5,0,0,8,133,3,7,118,1,12,112,4,5,0,0,7,123,3
735,5,12,6.8,0.860233,0,125,71.4,20.8001,0,4,1.5,30.6683,7,111,3,7,120,1,5,0,0,5,0,0,5,0,0,8,124,3,7,118,1,12,116,4,5,0,0,7,125,3
736,5,12,6.8,0.860233,0,129,71.7,20.8527,0,4,1.5,30.6683,7,115,3,7,118,1,5,0,0,5,0,0,5,0,0,8,129,3,7,110,1,12,119,4,5,0,0,7,126,3
737,5,12,6.8,0.860233,0,128,71.2,20.8013,0,3,1.4,30.6993,7,117,3,7,114,1,5,0,0,5,0,0,5,0,0,8,128,3,7,113,1,12,115,3,5,0,0,7,125,3
738,5,12,6.8,0.860233,0,125,69.8,20.7302,0,3,1.4,30.6993,7,114,3,7,103,1,5,0,0,5,0,0,5,0,0,8,125,3,7,111,1,12,125,3,5,0,0,7,120,3
739,5,12,6.8,0.860233,0,129,70.3,20.7843,0,3,1.4,30.6993,7,108,3,7,104,1,5,0,0,5,0,0,5,0,0,8,124,3,7,114,1,12,129,3,5,0,0,7,124,3
740,5,12,6.8,0.860233,0,117,68.1,20.5519,0,3,1.4,30.6993,7,110,3,7,110,1,5,0,0,5,0,0,5,0,0,8,114,3,7,114,1,12,117,3,5,0,0,7,116,3
741,5,12,6.8,0.860233,0,121,68,20.573,0,3,1.4,30.6993,7,110,3,7,109,1,5,0,0,5,0,0,5,0,0,8,121,3,7,110,1,12,110,3,5,0,0,7,120,3
742,5,12,6.8,0.860233,0,122,67,20.5424,0,3,1.4,30.6993,7,110,3,7,110,1,5,0,0,5,0,0,5,0,0,8,114,3,7,113,1,12,101,3,5,0,0,7,122,3
743,5,12,6.8,0.860233,0,118,68.3,20.5892,0,4,1.5,30.6683,7,118,3,7,109,1,5,0,0,5,0,0,5,0,0,8,118,4,7,116,1,12,108,3,5,0,0,7,114,3
744,5,12,6.8,0.860233,0,124,70.4,20.7277,0,4,1.5,30.6683,7,124,3,7,113,1,5,0,0,5,0,0,5,0,0,8,116,4,7,121,1,12,114,3,5,0,0,7,116,3
745,5,12,6.8,0.860233,0,126,69.9,20.7156,0,4,1.5,30.6683,7,126,3,7,107,1,5,0,0,5,0,0,5,0,0,8,117,4,7,119,1,12,116,3,5,0,0,7,114,3
746,5,12,6.8,0.860233,0,133,71.8,20.9053,0,4,1.5,30.6683,7,133,3,7,107,1,5,0,0,5,0,0,5,0,0,8,114,4,7,119,1,12,119,3,5,0,0,7,126,3
747,5,12,6.8,0.860233,0,131,70.9,20.8101,0,4,1.4,30.6996,7,131,3,7,110,1,5,0,0,5,0,0,5,0,0,8,111,4,7,117,1,12,119,2,5,0,0,7,121,3
748,5,12,6.8,0.860233,0,127,71.4,20.8452,0,4,1.4,30.6996,7,125,3,7,108,1,5,0,0,5,0,0,5,0,0,8,110,4,7,119,1,12,127,2,5,0,0,7,125,3
749,5,12,6.8,0.860233,0,129,71.5,20.8832,0,4,1.4,30.6996,7,128,3,7,106,1,5,0,0,5,0,0,5,0,0,8,111,4,7,123,1,12,129,2,5,0,0,7,118,3
750,5,12,6.8,0.860233,0,126,70.4,20.7525,0,4,1.4,30.6996,7,126,3,7,107,1,5,0,0,5,0,0,5,0,0,8,114,4,7,117,1,12,123,2,5,0,0,7,117,3
751,5,12,6.8,0.860233,0,128,72.2,20.8719,0,4,1.4,30.6996,7,123,3,7,114,1,5,0,0,5,0,0,5,0,0,8,117,4,7,128,1,12,121,2,5,0,0,7,119,3
752,5,12,6.8,0.860233,0,130,71.5,20.8415,0,4,1.4,30.6996,7,123,3,7,110,1,5,0,0,5,0,0,5,0,0,8,116,4,7,121,1,12,130,2,5,0,0,7,115,3
753,5,12,6.8,0.860233,0,126,70.3,20.7263,0,4,1.4,30.6996,7,120,3,7,109,1,5,0,0,5,0,0,5,0,0,8,114,4,7,114,1,12,126,2,5,0,0,7,120,3
754,5,12,6.8,0.860233,0,127,70.7,20.7588,0,4,1.5,30.6683,7,122,3,7,114,1,5,0,0,5,0,0,5,0,0,8,115,4,7,114,1,12,127,3,5,0,0,7,115,3
755,5,12,6.8,0.860233,0,122,68.3,20.5974,0,4,1.5,30.6683,7,118,3,7,111,1,5,0,0,5,0,0,5,0,0,8,112,4,7,107,1,12,122,3,5,0,0,7,113,3
756,5,12,6.8,0.860233,0,127,69.6,20.7024,0,4,1.5,30.6683,7,121,3,7,115,1,5,0,0,5,0,0,5,0,0,8,111,4,7,111,1,12,127,3,5,0,0,7,111,3
757,5,12,6.9,0.888819,0,122,69.5,20.6634,0,4,1.7,30.6053,7,122,3,8,111,3,5,0,0,5,0,0,5,0,0,8,113,4,7,113,1,12,121,3,5,0,0,7,115,3
758,5,12,6.9,0.888819,0,125,70.5,20.7492,0,4,1.7,30.6053,7,120,3,8,114,3,5,0,0,5,0,0,5,0,0,8,113,4,7,125,1,12,122,3,5,0,0,7,111,3
759,5,12,6.9,0.888819,0,122,69.8,20.6812,0,4,1.7,30.6053,7,110,3,8,115,3,5,0,0,5,0,0,5,0,0,8,119,4,7,122,1,12,120,3,5,0,0,7,112,3
760,5,12,6.9,0.888819,0,118,68.4,20.5762,0,4,1.7,30.6053,7,110,3,8,115,3,5,0,0,5,0,0,5,0,0,8,114,4,7,118,1,12,115,3,5,0,0,7,112,3
761,5,12,6.9,0.888819,0,117,68.1,20.5843,0,4,1.7,30.6053,7,117,3,8,117,3,5,0,0,5,0,0,5,0,0,8,105,4,7,116,1,12,110,3,5,0,0,7,116,3
762,5,12,6.9,0.888819,0,123,67,20.5629,0,4,1.7,30.6053,7,114,3,8,113,3,5,0,0,5,0,0,5,0,0,8,101,4,7,123,1,12,107,3,5,0,0,7,112,3
763,5,12,6.9,0.888819,0,124,68.1,20.5986,0,4,1.7,30.6053,7,114,3,8,115,3,5,0,0,5,0,0,5,0,0,8,106,4,7,124,1,12,111,3,5,0,0,7,111,3
764,5,12,6.9,0.888819,0,116,66.7,20.5019,0,4,1.7,30.6053,7,113,3,8,115,3,5,0,0,5,0,0,5,0,0,8,106,4,7,109,1,12,108,3,5,0,0,7,116,3
765,5,12,6.9,0.888819,0,120,68.3,20.6208,0,4,1.7,30.6053,7,118,3,8,119,3,5,0,0,5,0,0,5,0,0,8,111,4,7,120,1,12,106,3,5,0,0,7,109,3
766,5,12,6.9,0.888819,0,120,68.6,20.6199,0,4,1.7,30.6053,7,111,3,8,118,3,5,0,0,5,0,0,5,0,0,8,117,4,7,120,1,12,105,3,5,0,0,7,115,3
767,5,12,6.9,0.888819,0,125,68.5,20.6436,0,4,1.7,30.6053,7,108,3,8,115,3,5,0,0,5,0,0,5,0,0,8,125,4,7,119,1,12,104,3,5,0,0,7,114,3
768,5,12,7,0.916515,0,123,69.9,20.6782,0,4,1.8,30.5743,7,111,3,8,113,3,5,0,0,5,0,0,5,0,0,8,119,4,7,123,1,12,116,3,5,0,0,8,117,4
769,5,12,7,0.916515,0,128,72.6,20.8937,0,4,1.8,30.5743,7,117,3,8,117,3,5,0,0,5,0,0,5,0,0,8,122,4,7,128,1,12,120,3,5,0,0,8,122,4
770,5,12,7,0.916515,0,131,72.7,20.9205,0,4,1.8,30.5743,7,116,3,8,117,3,5,0,0,5,0,0,5,0,0,8,121,4,7,131,1,12,117,3,5,0,0,8,125,4
771,5,12,7,0.916515,0,126,72.2,20.8539,0,4,1.8,30.5743,7,117,3,8,119,3,5,0,0,5,0,0,5,0,0,8,121,4,7,126,1,12,118,3,5,0,0,8,121,4
772,5,12,7,0.916515,0,124,72,20.8366,0,4,1.8,30.5743,7,121,3,8,117,3,5,0,0,5,0,0,5,0,0,8,124,4,7,117,1,12,121,3,5,0,0,8,120,4
773,5,12,7,0.916515,0,123,72.4,20.8633,0,4,1.8,30.5743,7,120,3,8,119,3,5,0,0,5,0,0,5,0,0,8,119,4,7,122,1,12,123,3,5,0,0,8,121,4
774,5,12,7,0.916515,0,121,71.3,20.7862,0,4,1.9,30.5433,7,121,3,8,121,4,5,0,0,5,0,0,5,0,0,8,113,4,7,121,1,12,116,3,5,0,0,8,121,4
775,5,12,7,0.916515,0,124,71.1,20.7817,0,4,1.9,30.5433,7,120,3,8,124,4,5,0,0,5,0,0,5,0,0,8,113,4,7,117,1,12,114,3,5,0,0,8,123,4
776,5,12,7,0.916515,0,120,70,20.6831,0,4,1.9,30.5433,7,115,3,8,120,4,5,0,0,5,0,0,5,0,0,8,119,4,7,112,1,12,116,3,5,0,0,8,118,4
777,5,12,7,0.916515,0,125,70.3,20.7434,0,5,2,30.5125,7,108,3,8,125,5,5,0,0,5,0,0,5,0,0,8,122,4,7,111,1,12,120,3,5,0,0,8,117,4
778,5,12,7,0.916515,0,127,70.1,20.7411,0,5,2,30.5125,7,105,3,8,121,5,5,0,0,5,0,0,5,0,0,8,127,4,7,113,1,12,119,3,5,0,0,8,116,4
779,5,12,7,0.916515,0,126,70.6,20.7688,0,5,2,30.5125,7,110,3,8,122,5,5,0,0,5,0,0,5,0,0,8,126,4,7,109,1,12,121,3,5,0,0,8,118,4
780,5,12,7.1,0.953939,0,126,71.1,20.8098,0,7,2.3,30.4209,7,108,3,8,119,5,5,0,0,5,0,0,5,0,0,9,124,7,7,110,1,12,126,3,5,0,0,8,124,4
781,5,12,7.1,0.953939,0,129,71,20.796,0,7,2.3,30.4209,7,108,3,8,114,5,5,0,0,5,0,0,5,0,0,9,120,7,7,114,1,12,129,3,5,0,0,8,125,4
782,5,12,7.1,0.953939,0,135,71,20.8712,0,7,2.3,30.4209,7,101,3,8,122,5,5,0,0,5,0,0,5,0,0,9,116,7,7,115,1,12,135,3,5,0,0,8,121,4
783,5,12,7.1,0.953939,0,119,68.1,20.6105,0,6,2.2,30.4511,7,100,3,8,119,5,5,0,0,5,0,0,5,0,0,9,119,6,7,114,1,12,118,3,5,0,0,8,111,4
784,5,12,7.1,0.953939,0,122,67.2,20.5674,0,6,2.2,30.4511,7,106,3,8,114,5,5,0,0,5,0,0,5,0,0,9,122,6,7,109,1,12,117,3,5,0,0,8,104,4
785,5,12,7.1,0.953939,0,121,67.7,20.5694,0,6,2.2,30.4511,7,105,3,8,110,5,5,0,0,5,0,0,5,0,0,9,121,6,7,109,1,12,120,3,5,0,0,8,112,4
786,5,12,7.1,0.953939,0,124,68.7,20.643,0,5,2.1,30.4816,7,111,3,8,102,5,5,0,0,5,0,0,5,0,0,9,121,5,7,114,1,12,124,3,5,0,0,8,115,4
787,5,12,7.1,0.953939,0,125,68.8,20.6388,0,5,2.1,30.4816,7,109,3,8,105,5,5,0,0,5,0,0,5,0,0,9,125,5,7,116,1,12,118,3,5,0,0,8,115,4
788,5,12,7.1,0.953939,0,130,69,20.6806,0,5,2.1,30.4816,7,115,3,8,106,5,5,0,0,5,0,0,5,0,0,9,130,5,7,111,1,12,113,3,5,0,0,8,115,4
789,5,12,7.1,0.953939,0,124,69,20.6645,0,5,1.9,30.5435,7,116,3,8,113,5,5,0,0,5,0,0,5,0,0,9,124,4,7,111,1,12,120,3,5,0,0,8,106,3
790,5,12,7.1,0.953939,0,123,69.8,20.7071,0,4,1.8,30.5743,7,119,3,8,116,4,5,0,0,5,0,0,5,0,0,9,123,4,7,114,1,12,119,3,5,0,0,8,107,3
791,5,12,7.1,0.953939,0,123,70.6,20.7719,0,4,1.8,30.5743,7,121,3,8,123,4,5,0,0,5,0,0,5,0,0,9,117,4,7,118,1,12,120,3,5,0,0,8,107,3
792,5,12,7.1,0.953939,0,121,69.6,20.6684,0,4,1.8,30.5743,7,120,3,8,116,4,5,0,0,5,0,0,5,0,0,9,115,4,7,112,1,12,121,3,5,0,0,8,112,3
793,5,12,7.1,0.953939,0,127,71.4,20.8297,0,4,1.8,30.5743,7,127,3,8,115,4,5,0,0,5,0,0,5,0,0,9,124,4,7,112,1,12,121,3,5,0,0,8,115,3
794,5,12,7.1,0.953939,0,124,69.8,20.6887,0,4,1.8,30.5743,7,117,3,8,115,4,5,0,0,5,0,0,5,0,0,9,114,4,7,124,1,12,118,3,5,0,0,8,110,3
795,5,12,7.1,0.953939,0,124,69.3,20.6586,0,4,1.8,30.5743,7,124,3,8,112,4,5,0,0,5,0,0,5,0,0,9,111,4,7,118,1,12,114,3,5,0,0,8,114,3
796,5,12,7.1,0.953939,0,123,72.2,20.8487,0,4,1.8,30.5743,7,118,3,8,121,4,5,0,0,5,0,0,5,0,0,9,117,4,7,123,1,12,122,3,5,0,0,8,121,3
797,5,12,7.1,0.953939,0,124,71.1,20.7826,0,4,1.8,30.5743,7,118,3,8,109,4,5,0,0,5,0,0,5,0,0,9,122,4,7,124,1,12,115,3,5,0,0,8,123,3
798,5,12,7.1,0.953939,0,126,71.9,20.8467,0,4,1.7,30.6056,7,123,3,8,116,4,5,0,0,5,0,0,5,0,0,9,126,4,7,121,1,12,115,3,5,0,0,8,118,2
799,5,12,7.1,0.953939,0,127,72.6,20.9119,0,4,1.7,30.6056,7,125,3,8,112,4,5,0,0,5,0,0,5,0,0,9,127,4,7,121,1,12,120,3,5,0,0,8,121,2
800,5,12,7.1,0.953939,0,130,72.5,20.9064,0,4,1.7,30.6056,7,113,3,8,117,4,5,0,0,5,0,0,5,0,0,9,126,4,7,118,1,12,130,3,5,0,0,8,121,2
801,5,12,7.1,0.953939,0,136,71.2,20.8606,0,4,1.7,30.6056,7,111,3,8,115,4,5,0,0,5,0,0,5,0,0,9,136,4,7,121,1,12,115,3,5,0,0,8,114,2
802,5,12,7.1,0.953939,0,124,71,20.7765,0,4,1.7,30.6056,7,116,3,8,118,4,5,0,0,5,0,0,5,0,0,9,124,4,7,124,1,12,114,3,5,0,0,8,114,2
803,5,12,7.1,0.953939,0,122,69.8,20.68,0,4,1.7,30.6056,7,116,3,8,111,4,5,0,0,5,0,0,5,0,0,9,121,4,7,122,1,12,112,3,5,0,0,8,116,2
804,5,12,7.1,0.953939,0,122,70.6,20.7377,0,4,1.7,30.6056,7,121,3,8,114,4,5,0,0,5,0,0,5,0,0,9,122,4,7,120,1,12,113,3,5,0,0,8,116,2
805,5,12,7.1,0.953939,0,125,72.3,20.8709,0,4,1.7,30.6056,7,117,3,8,120,4,5,0,0,5,0,0,5,0,0,9,125,4,7,125,1,12,118,3,5,0,0,8,118,2
806,5,12,7.1,0.953939,0,129,72.1,20.8875,0,4,1.7,30.6056,7,115,3,8,126,4,5,0,0,5,0,0,5,0,0,9,129,4,7,117,1,12,119,3,5,0,0,8,115,2
807,5,12,7.1,0.953939,0,132,71.9,20.9391,0,4,1.7,30.6056,7,115,3,8,132,4,5,0,0,5,0,0,5,0,0,9,131,4,7,110,1,12,113,3,5,0,0,8,118,2
808,5,12,7.1,0.953939,0,126,71.4,20.8279,0,4,1.7,30.6056,7,118,3,8,126,4,5,0,0,5,0,0,5,0,0,9,125,4,7,113,1,12,112,3,5,0,0,8,120,2
809,5,12,7.1,0.953939,0,122,69.8,20.6919,0,4,1.7,30.6056,7,118,3,8,122,4,5,0,0,5,0,0,5,0,0,9,120,4,7,113,1,12,112,3,5,0,0,8,113,2
810,5,12,7.1,0.953939,0,124,70.2,20.7218,0,5,1.8,30.5749,7,116,3,8,119,5,5,0,0,5,0,0,5,0,0,9,124,4,7,119,1,12,110,3,5,0,0,8,114,2
811,5,12,7.1,0.953939,0,127,71.9,20.8935,0,5,1.8,30.5749,7,121,3,8,121,5,5,0,0,5,0,0,5,0,0,9,127,4,7,127,1,12,110,3,5,0,0,8,113,2
812,5,12,7.1,0.953939,0,125,70.8,20.7597,0,5,1.8,30.5749,7,113,3,8,116,5,5,0,0,5,0,0,5,0,0,9,123,4,7,125,1,12,112,3,5,0,0,8,119,2
813,5,12,7.1,0.953939,0,126,71.2,20.7834,0,5,1.8,30.5749,7,118,3,8,112,5,5,0,0,5,0,0,5,0,0,9,120,4,7,126,1,12,115,3,5,0,0,8,121,2
814,5,12,7.1,0.953939,0,130,71.6,20.8368,0,5,1.8,30.5749,7,117,3,8,115,5,5,0,0,5,0,0,5,0,0,9,121,4,7,130,1,12,112,3,5,0,0,8,121,2
815,5,12,7.1,0.953939,0,127,69.9,20.7296,0,5,1.8,30.5749,7,113,3,8,118,5,5,0,0,5,0,0,5,0,0,9,121,4,7,127,1,12,107,3,5,0,0,8,113,2
816,5,12,7.1,0.953939,0,128,71.5,20.808,0,5,1.8,30.5749,7,116,3,8,118,5,5,0,0,5,0,0,5,0,0,9,115,4,7,128,1,12,120,3,5,0,0,8,118,2
817,5,12,7.1,0.953939,0,126,72.1,20.8669,0,5,1.8,30.5749,7,126,3,8,112,5,5,0,0,5,0,0,5,0,0,9,121,4,7,124,1,12,117,3,5,0,0,8,121,2
818,5,12,7.1,0.953939,0,128,72.4,20.8968,0,5,1.8,30.5749,7,119,3,8,111,5,5,0,0,5,0,0,5,0,0,9,128,4,7,124,1,12,123,3,5,0,0,8,119,2
819,5,12,7.1,0.953939,0,130,72.8,20.9629,0,5,1.8,30.5749,7,123,3,8,109,5,5,0,0,5,0,0,5,0,0,9,130,4,7,122,1,12,127,3,5,0,0,8,117,2
820,5,12,7.1,0.953939,0,133,72.3,20.9445,0,5,1.8,30.5749,7,117,3,8,116,5,5,0,0,5,0,0,5,0,0,9,133,4,7,113,1,12,130,3,5,0,0,8,114,2
821,5,12,7.1,0.953939,0,127,72.6,20.9029,0,5,1.8,30.5749,7,115,3,8,123,5,5,0,0,5,0,0,5,0,0,9,127,4,7,116,1,12,123,3,5,0,0,8,122,2
822,5,12,7.1,0.953939,0,126,73,20.9259,0,5,1.7,30.6062,7,118,3,8,121,5,5,0,0,5,0,0,5,0,0,9,126,4,7,118,1,12,122,2,5,0,0,8,125,2
823,5,12,7.1,0.953939,0,125,70.3,20.7243,0,5,1.7,30.6062,7,117,3,8,108,5,5,0,0,5,0,0,5,0,0,9,125,4,7,119,1,12,118,2,5,0,0,8,116,2
824,5,12,7.1,0.953939,0,121,69.2,20.6391,0,5,1.7,30.6062,7,116,3,8,107,5,5,0,0,5,0,0,5,0,0,9,121,4,7,114,1,12,114,2,5,0,0,8,120,2
825,5,12,7.1,0.953939,0,126,71.8,20.8367,0,5,1.7,30.6062,7,125,3,8,117,5,5,0,0,5,0,0,5,0,0,9,113,4,7,118,1,12,119,2,5,0,0,8,126,2
826,5,12,7.1,0.953939,0,135,71.5,20.8791,0,5,1.7,30.6062,7,135,3,8,117,5,5,0,0,5,0,0,5,0,0,9,113,4,7,114,1,12,116,2,5,0,0,8,120,2
827,5,12,7.1,0.953939,0,129,69.4,20.7134,0,5,1.7,30.6062,7,129,3,8,115,5,5,0,0,5,0,0,5,0,0,9,108,4,7,108,1,12,115,2,5,0,0,8,119,2
828,5,12,7.1,0.953939,0,128,70,20.7399,0,5,1.7,30.6062,7,128,3,8,116,5,5,0,0,5,0,0,5,0,0,9,118,4,7,107,1,12,114,2,5,0,0,8,117,2
829,5,12,7.1,0.953939,0,121,68.1,20.5891,0,5,1.7,30.6062,7,121,3,8,110,5,5,0,0,5,0,0,5,0,0,9,116,4,7,106,1,12,112,2,5,0,0,8,116,2
830,5,12,7.1,0.953939,0,114,67,20.5003,0,5,1.7,30.6062,7,114,3,8,107,5,5,0,0,5,0,0,5,0,0,9,113,4,7,111,1,12,111,2,5,0,0,8,114,2
831,5,12,7.1,0.953939,0,116,67.9,20.545,0,5,1.7,30.6062,7,111,3,8,115,5,5,0,0,5,0,0,5,0,0,9,110,4,7,111,1,12,116,2,5,0,0,8,116,2
832,5,12,7.1,0.953939,0,129,71.3,20.8447,0,5,1.7,30.6062,7,113,3,8,122,5,5,0,0,5,0,0,5,0,0,9,105,4,7,119,1,12,129,2,5,0,0,8,125,2
833,5,12,7.1,0.953939,0,123,70.7,20.7537,0,5,1.7,30.6062,7,113,3,8,123,5,5,0,0,5,0,0,5,0,0,9,113,4,7,121,1,12,123,2,5,0,0,8,114,2
834,5,12,7.1,0.953939,0,120,70.7,20.7279,0,5,1.7,30.6062,7,114,3,8,120,5,5,0,0,5,0,0,5,0,0,9,118,4,7,120,1,12,118,2,5,0,0,8,117,2
835,5,12,7.1,0.953939,0,123,70.6,20.746,0,5,1.7,30.6062,7,120,3,8,120,5,5,0,0,5,0,0,5,0,0,9,117,4,7,123,1,12,113,2,5,0,0,8,113,2
836,5,12,7.1,0.953939,0,126,71.5,20.8152,0,5,1.7,30.6062,7,115,3,8,126,5,5,0,0,5,0,0,5,0,0,9,113,4,7,120,1,12,123,2,5,0,0,8,118,2
837,5,12,7.1,0.953939,0,121,70.6,20.7299,0,5,1.6,30.6373,7,117,3,8,120,5,5,0,0,5,0,0,5,0,0,9,112,3,7,120,1,12,121,2,5,0,0,8,116,2
838,5,12,7.1,0.953939,0,124,70.9,20.7696,0,5,1.6,30.6373,7,124,3,8,119,5,5,0,0,5,0,0,5,0,0,9,117,3,7,117,1,12,120,2,5,0,0,8,112,2
839,5,12,7.1,0.953939,0,131,70.5,20.7905,0,5,1.6,30.6373,7,131,3,8,115,5,5,0,0,5,0,0,5,0,0,9,111,3,7,118,1,12,119,2,5,0,0,8,111,2
840,5,12,7.1,0.953939,0,129,71.7,20.882,0,5,1.6,30.6373,7,129,3,8,125,5,5,0,0,5,0,0,5,0,0,9,108,3,7,121,1,12,116,2,5,0,0,8,118,2
841,5,12,7.1,0.953939,0,129,71.6,20.8414,0,5,1.6,30.6373,7,119,3,8,125,5,5,0,0,5,0,0,5,0,0,9,111,3,7,115,1,12,117,2,5,0,0,8,129,2
842,5,12,7.1,0.953939,0,126,72.4,20.8933,0,5,1.6,30.6373,7,122,3,8,124,5,5,0,0,5,0,0,5,0,0,9,122,3,7,117,1,12,113,2,5,0,0,8,126,2
843,5,12,7.1,0.953939,0,130,73.5,21.0395,0,5,1.6,30.6373,7,130,3,8,129,5,5,0,0,5,0,0,5,0,0,9,125,3,7,120,1,12,114,2,5,0,0,8,117,2
844,5,12,7.1,0.953939,0,123,70,20.6846,0,5,1.6,30.6373,7,113,3,8,118,5,5,0,0,5,0,0,5,0,0,9,115,3,7,123,1,12,115,2,5,0,0,8,116,2
845,5,12,7.1,0.953939,0,119,68.1,20.5883,0,5,1.6,30.6373,7,119,3,8,118,5,5,0,0,5,0,0,5,0,0,9,113,3,7,109,1,12,113,2,5,0,0,8,109,2
846,5,12,7.1,0.953939,0,120,68.8,20.6122,0,5,1.6,30.6373,7,107,3,8,114,5,5,0,0,5,0,0,5,0,0,9,120,3,7,115,1,12,119,2,5,0,0,8,113,2
847,5,12,7.1,0.953939,0,130,69.1,20.7062,0,5,1.6,30.6373,7,104,3,8,110,5,5,0,0,5,0,0,5,0,0,9,121,3,7,107,1,12,130,2,5,0,0,8,119,2
848,5,12,7.1,0.953939,0,127,69.2,20.7221,0,5,1.6,30.6373,7,104,3,8,112,5,5,0,0,5,0,0,5,0,0,9,127,3,7,105,1,12,126,2,5,0,0,8,118,2
849,5,12,7.1,0.953939,0,124,69.4,20.6709,0,5,1.6,30.6373,7,108,3,8,113,5,5,0,0,5,0,0,5,0,0,9,124,3,7,109,1,12,121,2,5,0,0,8,119,2
850,5,12,7.1,0.953939,0,122,69.1,20.6391,0,5,1.6,30.6373,7,106,3,8,113,5,5,0,0,5,0,0,5,0,0,9,122,3,7,112,1,12,119,2,5,0,0,8,119,2
851,5,12,7.1,0.953939,0,125,71.3,20.7887,0,5,1.6,30.6373,7,113,3,8,116,5,5,0,0,5,0,0,5,0,0,9,124,3,7,117,1,12,125,2,5,0,0,8,118,2
852,5,12,7.1,0.953939,0,126,71.2,20.7847,0,5,1.6,30.6373,7,117,3,8,116,5,5,0,0,5,0,0,5,0,0,9,126,3,7,114,1,12,122,2,5,0,0,8,117,2
853,5,12,7.1,0.953939,0,125,71.4,20.8131,0,5,1.6,30.6373,7,119,3,8,123,5,5,0,0,5,0,0,5,0,0,9,125,3,7,114,1,12,119,2,5,0,0,8,114,2
854,5,12,7.1,0.953939,0,125,71.5,20.8294,0,5,1.6,30.6373,7,124,3,8,114,5,5,0,0,5,0,0,5,0,0,9,125,3,7,122,1,12,111,2,5,0,0,8,119,2
855,5,12,7.1,0.953939,0,124,71.5,20.8565,0,5,1.6,30.6373,7,124,3,8,123,5,5,0,0,5,0,0,5,0,0,9,124,3,7,118,1,12,106,2,5,0,0,8,120,2
856,5,12,7.1,0.953939,0,129,72.2,20.9261,0,5,1.6,30.6373,7,124,3,8,124,5,5,0,0,5,0,0,5,0,0,9,129,3,7,115,1,12,108,2,5,0,0,8,122,2
857,5,12,7.1,0.953939,0,126,71.9,20.8607,0,5,1.6,30.6373,7,125,3,8,120,5,5,0,0,5,0,0,5,0,0,9,126,3,7,116,1,12,113,2,5,0,0,8,119,2
858,5,12,7.1,0.953939,0,127,71.8,20.8509,0,5,1.6,30.6373,7,127,3,8,121,5,5,0,0,5,0,0,5,0,0,9,121,3,7,114,1,12,114,2,5,0,0,8,121,2
859,5,12,7.1,0.953939,0,129,73.8,21.0334,0,5,1.6,30.6373,7,129,3,8,123,5,5,0,0,5,0,0,5,0,0,9,123,3,7,118,1,12,116,2,5,0,0,8,129,2
860,5,12,7.1,0.953939,0,127,71.1,20.7976,0,5,1.6,30.6373,7,127,3,8,118,5,5,0,0,5,0,0,5,0,0,9,118,3,7,110,1,12,117,2,5,0,0,8,121,2
861,5,12,7.1,0.953939,0,122,71.9,20.8231,0,5,1.6,30.6373,7,120,3,8,117,5,5,0,0,5,0,0,5,0,0,9,122,3,7,117,1,12,122,2,5,0,0,8,121,2
862,5,12,7.1,0.953939,0,122,71.6,20.7974,0,5,1.6,30.6373,7,118,3,8,117,5,5,0,0,5,0,0,5,0,0,9,119,3,7,122,1,12,122,2,5,0,0,8,118,2
863,5,12,7.1,0.953939,0,126,70,20.7086,0,5,1.6,30.6373,7,109,3,8,114,5,5,0,0,5,0,0,5,0,0,9,126,3,7,121,1,12,114,2,5,0,0,8,116,2
864,5,12,7.1,0.953939,0,124,68.7,20.6481,0,5,1.6,30.6373,7,103,3,8,112,5,5,0,0,5,0,0,5,0,0,9,121,3,7,124,1,12,109,2,5,0,0,8,118,2
865,5,12,7.1,0.953939,0,121,69,20.627,0,5,1.6,30.6373,7,111,3,8,121,5,5,0,0,5,0,0,5,0,0,9,115,3,7,118,1,12,112,2,5,0,0,8,113,2
866,5,12,7.1,0.953939,0,124,69.6,20.7004,0,5,1.6,30.6373,7,112,3,8,124,5,5,0,0,5,0,0,5,0,0,9,118,3,7,121,1,12,113,2,5,0,0,8,108,2
867,5,12,7.1,0.953939,0,122,69.3,20.6801,0,5,1.6,30.6373,7,119,3,8,119,5,5,0,0,5,0,0,5,0,0,9,116,3,7,122,1,12,107,2,5,0,0,8,110,2
868,5,12,7.1,0.953939,0,126,70.4,20.7934,0,5,1.6,30.6373,7,117,3,8,126,5,5,0,0,5,0,0,5,0,0,9,117,3,7,126,1,12,105,2,5,0,0,8,113,2
869,5,12,7.1,0.953939,0,124,70.3,20.7676,0,5,1.6,30.6373,7,118,3,8,124,5,5,0,0,5,0,0,5,0,0,9,124,3,7,117,1,12,105,2,5,0,0,8,115,2
870,5,12,7.1,0.953939,0,129,72,20.9177,0,5,1.6,30.6373,7,129,3,8,120,5,5,0,0,5,0,0,5,0,0,9,127,3,7,117,1,12,107,2,5,0,0,8,120,2
871,5,12,7.1,0.953939,0,130,71.4,20.8441,0,5,1.6,30.6373,7,130,3,8,114,5,5,0,0,5,0,0,5,0,0,9,124,3,7,117,1,12,114,2,5,0,0,8,115,2
872,5,12,7.1,0.953939,0,130,71.9,20.8831,0,5,1.6,30.6373,7,130,3,8,124,5,5,0,0,5,0,0,5,0,0,9,118,3,7,117,1,12,115,2,5,0,0,8,115,2
873,5,12,7.1,0.953939,0,120,69.9,20.6782,0,5,1.6,30.6373,7,119,3,8,120,5,5,0,0,5,0,0,5,0,0,9,113,3,7,115,1,12,115,2,5,0,0,8,117,2
874,5,12,7.1,0.953939,0,121,68.7,20.6211,0,5,1.6,30.6373,7,115,3,8,119,5,5,0,0,5,0,0,5,0,0,9,107,3,7,116,1,12,109,2,5,0,0,8,121,2
875,5,12,7.1,0.953939,0,123,70.2,20.6996,0,5,1.6,30.6373,7,118,3,8,119,5,5,0,0,5,0,0,5,0,0,9,114,3,7,114,1,12,114,2,5,0,0,8,123,2
876,5,12,7.1,0.953939,0,129,70.4,20.7738,0,5,1.6,30.6373,7,111,3,8,126,5,5,0,0,5,0,0,5,0,0,9,116,3,7,109,1,12,113,2,5,0,0,8,129,2
877,5,12,7.1,0.953939,0,130,72.2,20.908,0,5,1.6,30.6373,7,115,3,8,128,5,5,0,0,5,0,0,5,0,0,9,121,3,7,117,1,12,111,2,5,0,0,8,130,2
878,5,12,7.1,0.953939,0,135,71.5,20.8833,0,5,1.6,30.6373,7,111,3,8,123,5,5,0,0,5,0,0,5,0,0,9,123,3,7,109,1,12,114,2,5,0,0,8,135,2
879,5,12,7.1,0.953939,0,130,72.5,20.9091,0,5,1.6,30.6373,7,118,3,8,122,5,5,0,0,5,0,0,5,0,0,9,125,3,7,113,1,12,117,2,5,0,0,8,130,2
880,5,12,7.1,0.953939,0,120,69.6,20.6528,0,5,1.6,30.6373,7,112,3,8,117,5,5,0,0,5,0,0,5,0,0,9,117,3,7,111,1,12,119,2,5,0,0,8,120,2
881,5,12,7.1,0.953939,0,123,68.8,20.6192,0,5,1.6,30.6373,7,112,3,8,116,5,5,0,0,5,0,0,5,0,0,9,115,3,7,108,1,12,123,2,5,0,0,8,114,2
882,5,12,7.1,0.953939,0,120,69.7,20.6642,0,5,1.6,30.6373,7,118,3,8,111,5,5,0,0,5,0,0,5,0,0,9,119,3,7,115,1,12,120,2,5,0,0,8,114,2
883,5,12,7.1,0.953939,0,121,68.8,20.6312,0,5,1.6,30.6373,7,121,3,8,107,5,5,0,0,5,0,0,5,0,0,9,114,3,7,119,1,12,117,2,5,0,0,8,110,2
884,5,12,7.1,0.953939,0,124,69.5,20.6852,0,5,1.6,30.6373,7,124,3,8,109,5,5,0,0,5,0,0,5,0,0,9,118,3,7,120,1,12,112,2,5,0,0,8,112,2
885,5,12,7.1,0.953939,0,116,67.6,20.5489,0,5,1.6,30.6373,7,115,3,8,113,5,5,0,0,5,0,0,5,0,0,9,112,3,7,116,1,12,114,2,5,0,0,8,106,2
886,5,12,7.1,0.953939,0,122,69,20.6501,0,5,1.6,30.6373,7,122,3,8,115,5,5,0,0,5,0,0,5,0,0,9,110,3,7,120,1,12,114,2,5,0,0,8,109,2
887,5,12,7.1,0.953939,0,128,69.8,20.7181,0,5,1.6,30.6373,7,117,3,8,116,5,5,0,0,5,0,0,5,0,0,9,115,3,7,128,1,12,114,2,5,0,0,8,108,2
888,5,12,7.1,0.953939,0,125,69.5,20.7089,0,5,1.6,30.6373,7,117,3,8,120,5,5,0,0,5,0,0,5,0,0,9,115,3,7,125,1,12,113,2,5,0,0,8,105,2
889,5,12,7.1,0.953939,0,129,71.7,20.8897,0,5,1.6,30.6373,7,127,3,8,120,5,5,0,0,5,0,0,5,0,0,9,118,3,7,129,1,12,113,2,5,0,0,8,110,2
890,5,12,7.1,0.953939,0,123,70.3,20.7384,0,5,1.6,30.6373,7,119,3,8,123,5,5,0,0,5,0,0,5,0,0,9,116,3,7,122,1,12,112,2,5,0,0,8,111,2
891,5,12,7.1,0.953939,0,120,69,20.6232,0,5,1.6,30.6373,7,117,3,8,114,5,5,0,0,5,0,0,5,0,0,9,114,3,7,120,1,12,109,2,5,0,0,8,116,2
892,5,12,7.1,0.953939,0,120,68.9,20.6328,0,5,1.6,30.6373,7,120,3,8,118,5,5,0,0,5,0,0,5,0,0,9,107,3,7,111,1,12,114,2,5,0,0,8,119,2
893,5,12,7.1,0.953939,0,123,68.9,20.6367,0,5,1.6,30.6373,7,111,3,8,118,5,5,0,0,5,0,0,5,0,0,9,106,3,7,111,1,12,120,2,5,0,0,8,123,2
894,5,12,7.1,0.953939,0,121,69.8,20.6682,0,5,1.6,30.6373,7,111,3,8,119,5,5,0,0,5,0,0,5,0,0,9,113,3,7,119,1,12,115,2,5,0,0,8,121,2
895,5,12,7.1,0.953939,0,117,67.8,20.5441,0,5,1.5,30.6686,7,105,2,8,114,5,5,0,0,5,0,0,5,0,0,9,113,3,7,114,1,12,115,2,5,0,0,8,117,2
896,5,12,7.1,0.953939,0,121,69.3,20.6563,0,5,1.5,30.6686,7,109,2,8,121,5,5,0,0,5,0,0,5,0,0,9,118,3,7,115,1,12,109,2,5,0,0,8,121,2
897,5,12,7.1,0.953939,0,121,71.3,20.7745,0,5,1.5,30.6686,7,116,2,8,121,5,5,0,0,5,0,0,5,0,0,9,119,3,7,120,1,12,116,2,5,0,0,8,121,2
898,5,12,7.1,0.953939,0,126,72.5,20.8832,0,5,1.5,30.6686,7,116,2,8,118,5,5,0,0,5,0,0,5,0,0,9,121,3,7,126,1,12,118,2,5,0,0,8,126,2
899,5,12,7.1,0.953939,0,130,72.3,20.8983,0,5,1.5,30.6686,7,111,2,8,121,5,5,0,0,5,0,0,5,0,0,9,124,3,7,130,1,12,116,2,5,0,0,8,121,2
900,5,12,7.1,0.953939,0,129,69.8,20.7361,0,5,1.5,30.6686,7,114,2,8,122,5,5,0,0,5,0,0,5,0,0,9,107,3,7,129,1,12,112,2,5,0,0,8,114,2
901,5,12,7.1,0.953939,0,121,68.8,20.6264,0,5,1.5,30.6686,7,108,2,8,120,5,5,0,0,5,0,0,5,0,0,9,108,3,7,121,1,12,116,2,5,0,0,8,115,2
902,5,12,7.1,0.953939,0,120,68.6,20.6082,0,5,1.5,30.6686,7,109,2,8,120,5,5,0,0,5,0,0,5,0,0,9,107,3,7,118,1,12,116,2,5,0,0,8,116,2
903,5,12,7.1,0.953939,0,124,69.3,20.6651,0,5,1.5,30.6686,7,109,2,8,117,5,5,0,0,5,0,0,5,0,0,9,107,3,7,124,1,12,120,2,5,0,0,8,116,2
904,5,12,7.1,0.953939,0,126,71.2,20.7865,0,5,1.5,30.6686,7,112,2,8,118,5,5,0,0,5,0,0,5,0,0,9,120,3,7,126,1,12,121,2,5,0,0,8,115,2
905,5,12,7.1,0.953939,0,127,71.9,20.8429,0,5,1.5,30.6686,7,116,2,8,118,5,5,0,0,5,0,0,5,0,0,9,114,3,7,125,1,12,127,2,5,0,0,8,119,2
906,5,12,7.1,0.953939,0,128,71.8,20.8553,0,5,1.5,30.6686,7,116,2,8,122,5,5,0,0,5,0,0,5,0,0,9,115,3,7,128,1,12,124,2,5,0,0,8,113,2
907,5,12,7.1,0.953939,0,120,70.6,20.7162,0,5,1.5,30.6686,7,117,2,8,116,5,5,0,0,5,0,0,5,0,0,9,120,3,7,116,1,12,117,2,5,0,0,8,120,2
908,5,12,7.1,0.953939,0,124,70.7,20.7348,0,5,1.5,30.6686,7,115,2,8,116,5,5,0,0,5,0,0,5,0,0,9,124,3,7,115,1,12,116,2,5,0,0,8,121,2
909,5,12,7.1,0.953939,0,128,71.8,20.8517,0,5,1.5,30.6686,7,111,2,8,117,5,5,0,0,5,0,0,5,0,0,9,128,3,7,117,1,12,117,2,5,0,0,8,128,2
910,5,12,7.1,0.953939,0,130,72,20.8635,0,5,1.5,30.6686,7,116,2,8,111,5,5,0,0,5,0,0,5,0,0,9,125,3,7,117,1,12,121,2,5,0,0,8,130,2
911,5,12,7.1,0.953939,0,135,72.8,20.9724,0,5,1.5,30.6686,7,123,2,8,120,5,5,0,0,5,0,0,5,0,0,9,135,3,7,114,1,12,117,2,5,0,0,8,119,2
912,5,12,7.1,0.953939,0,129,71,20.8312,0,5,1.5,30.6686,7,115,2,8,121,5,5,0,0,5,0,0,5,0,0,9,129,3,7,104,1,12,122,2,5,0,0,8,119,2
913,5,12,7.1,0.953939,0,128,70,20.7573,0,5,1.5,30.6686,7,107,2,8,121,5,5,0,0,5,0,0,5,0,0,9,128,3,7,106,1,12,121,2,5,0,0,8,117,2
914,5,12,7.1,0.953939,0,124,70,20.7352,0,5,1.5,30.6686,7,113,2,8,120,5,5,0,0,5,0,0,5,0,0,9,124,3,7,110,1,12,124,2,5,0,0,8,109,2
915,5,12,7.1,0.953939,0,126,69.1,20.681,0,5,1.4,30.7002,7,115,2,8,115,5,5,0,0,5,0,0,5,0,0,9,126,3,7,112,1,12,118,1,5,0,0,8,105,2
916,5,12,7.1,0.953939,0,122,69.1,20.6931,0,5,1.4,30.7002,7,119,2,8,117,5,5,0,0,5,0,0,5,0,0,9,122,3,7,110,1,12,120,1,5,0,0,8,103,2
917,5,12,7.1,0.953939,0,128,70.3,20.7893,0,5,1.4,30.7002,7,117,2,8,113,5,5,0,0,5,0,0,5,0,0,9,128,3,7,111,1,12,127,1,5,0,0,8,107,2
918,5,12,7.1,0.953939,0,131,70.1,20.7551,0,5,1.4,30.7002,7,114,2,8,110,5,5,0,0,5,0,0,5,0,0,9,121,3,7,116,1,12,131,1,5,0,0,8,109,2
919,5,12,7.1,0.953939,0,128,70.9,20.7939,0,5,1.4,30.7002,7,116,2,8,117,5,5,0,0,5,0,0,5,0,0,9,120,3,7,120,1,12,128,1,5,0,0,8,108,2
920,5,12,7.1,0.953939,0,134,72.8,20.9797,0,5,1.4,30.7002,7,117,2,8,116,5,5,0,0,5,0,0,5,0,0,9,124,3,7,126,1,12,134,1,5,0,0,8,111,2
921,5,12,7.1,0.953939,0,137,73.2,21.0324,0,5,1.4,30.7002,7,128,2,8,114,5,5,0,0,5,0,0,5,0,0,9,120,3,7,118,1,12,137,1,5,0,0,8,115,2
922,5,12,7.1,0.953939,0,133,71.7,20.8703,0,5,1.4,30.7002,7,117,2,8,112,5,5,0,0,5,0,0,5,0,0,9,116,3,7,125,1,12,133,1,5,0,0,8,114,2
923,5,12,7.1,0.953939,0,128,72.4,20.888,0,5,1.4,30.7002,7,118,2,8,113,5,5,0,0,5,0,0,5,0,0,9,118,3,7,126,1,12,128,1,5,0,0,8,121,2
924,5,12,7.1,0.953939,0,136,73.8,21.0838,0,5,1.4,30.7002,7,115,2,8,119,5,5,0,0,5,0,0,5,0,0,9,112,3,7,122,1,12,136,1,5,0,0,8,134,2
925,5,12,7.1,0.953939,0,130,71.9,20.8771,0,5,1.4,30.7002,7,110,2,8,118,5,5,0,0,5,0,0,5,0,0,9,111,3,7,127,1,12,123,1,5,0,0,8,130,2
926,5,12,7.1,0.953939,0,128,72.6,20.9162,0,5,1.4,30.7002,7,112,2,8,118,5,5,0,0,5,0,0,5,0,0,9,115,3,7,127,1,12,126,1,5,0,0,8,128,2
927,5,12,7.1,0.953939,0,127,73.1,20.9399,0,5,1.4,30.7002,7,118,2,8,120,5,5,0,0,5,0,0,5,0,0,9,116,3,7,123,1,12,127,1,5,0,0,8,127,2
928,5,12,7.1,0.953939,0,127,73.6,21,0,5,1.4,30.7002,7,122,2,8,125,5,5,0,0,5,0,0,5,0,0,9,113,3,7,124,1,12,125,1,5,0,0,8,127,2
929,5,12,7.1,0.953939,0,131,70.9,20.7806,0,5,1.4,30.7002,7,115,2,8,116,5,5,0,0,5,0,0,5,0,0,9,112,3,7,117,1,12,131,1,5,0,0,8,118,2
930,5,12,7.1,0.953939,0,124,71.3,20.7794,0,5,1.4,30.7002,7,119,2,8,115,5,5,0,0,5,0,0,5,0,0,9,117,3,7,121,1,12,124,1,5,0,0,8,117,2
931,5,12,7.1,0.953939,0,120,69.1,20.6392,0,5,1.4,30.7002,7,120,2,8,112,5,5,0,0,5,0,0,5,0,0,9,113,3,7,120,1,12,116,1,5,0,0,8,110,2
932,5,12,7.1,0.953939,0,127,70.9,20.7834,0,5,1.4,30.7002,7,117,2,8,119,5,5,0,0,5,0,0,5,0,0,9,127,3,7,120,1,12,115,1,5,0,0,8,111,2
933,5,12,7.1,0.953939,0,121,68.9,20.6154,0,5,1.4,30.7002,7,108,2,8,115,5,5,0,0,5,0,0,5,0,0,9,110,3,7,115,1,12,120,1,5,0,0,8,121,2
934,5,12,7.1,0.953939,0,125,69.6,20.6933,0,5,1.4,30.7002,7,103,2,8,115,5,5,0,0,5,0,0,5,0,0,9,114,3,7,125,1,12,117,1,5,0,0,8,122,2
935,5,12,7.2,1,0,125,70.8,20.7487,0,5,1.5,30.6692,7,111,2,8,119,5,5,0,0,5,0,0,5,0,0,10,115,4,7,125,1,12,119,1,5,0,0,8,119,2
936,5,12,7.2,1,0,127,70.4,20.7385,0,5,1.5,30.6692,7,112,2,8,117,5,5,0,0,5,0,0,5,0,0,10,120,4,7,127,1,12,111,1,5,0,0,8,117,2
937,5,12,7.2,1,0,129,72.2,20.9082,0,5,1.5,30.6692,7,112,2,8,114,5,5,0,0,5,0,0,5,0,0,10,129,4,7,125,1,12,113,1,5,0,0,8,129,2
938,5,12,7.2,1,0,126,73.2,20.9378,0,5,1.5,30.6692,7,122,2,8,119,5,5,0,0,5,0,0,5,0,0,10,121,4,7,123,1,12,121,1,5,0,0,8,126,2
939,5,12,7.2,1,0,129,72.3,20.9385,0,5,1.5,30.6692,7,127,2,8,125,5,5,0,0,5,0,0,5,0,0,10,129,4,7,113,1,12,114,1,5,0,0,8,115,2
940,5,12,7.2,1,0,125,70.7,20.8072,0,5,1.5,30.6692,7,125,2,8,124,5,5,0,0,5,0,0,5,0,0,10,123,4,7,111,1,12,115,1,5,0,0,8,109,2
941,5,12,7.2,1,0,127,70.3,20.805,0,5,1.5,30.6692,7,126,2,8,127,5,5,0,0,5,0,0,5,0,0,10,119,4,7,113,1,12,111,1,5,0,0,8,107,2
942,5,12,7.2,1,0,124,69.3,20.7006,0,5,1.5,30.6692,7,124,2,8,118,5,5,0,0,5,0,0,5,0,0,10,119,4,7,117,1,12,108,1,5,0,0,8,107,2
943,5,12,7.2,1,0,117,67.5,20.5735,0,5,1.5,30.6692,7,115,2,8,115,5,5,0,0,5,0,0,5,0,0,10,117,4,7,115,1,12,111,1,5,0,0,8,102,2
944,5,12,7.2,1,0,130,69.8,20.7626,0,5,1.5,30.6692,7,117,2,8,120,5,5,0,0,5,0,0,5,0,0,10,130,4,7,113,1,12,113,1,5,0,0,8,105,2
945,5,12,7.2,1,0,127,70.8,20.7679,0,5,1.5,30.6692,7,117,2,8,120,5,5,0,0,5,0,0,5,0,0,10,127,4,7,112,1,12,115,1,5,0,0,8,117,2
946,5,12,7.2,1,0,128,72.2,20.8663,0,5,1.5,30.6692,7,121,2,8,122,5,5,0,0,5,0,0,5,0,0,10,117,4,7,119,1,12,115,1,5,0,0,8,128,2
947,5,12,7.2,1,0,124,68.7,20.6071,0,5,1.5,30.6692,7,110,2,8,116,5,5,0,0,5,0,0,5,0,0,10,110,4,7,115,1,12,112,1,5,0,0,8,124,2
948,5,12,7.2,1,0,134,68.9,20.6937,0,5,1.4,30.7002,7,110,2,8,115,5,5,0,0,5,0,0,5,0,0,10,109,3,7,114,1,12,107,1,5,0,0,8,134,2
949,5,12,7.2,1,0,128,69.5,20.6824,0,5,1.4,30.7002,7,113,2,8,113,5,5,0,0,5,0,0,5,0,0,10,116,3,7,118,1,12,107,1,5,0,0,8,128,2
950,5,12,7.2,1,0,127,70.4,20.7292,0,5,1.4,30.7002,7,114,2,8,115,5,5,0,0,5,0,0,5,0,0,10,119,3,7,119,1,12,110,1,5,0,0,8,127,2
951,5,12,7.2,1,0,125,70.6,20.7505,0,5,1.4,30.7002,7,112,2,8,125,5,5,0,0,5,0,0,5,0,0,10,112,3,7,120,1,12,114,1,5,0,0,8,123,2
952,5,12,7.2,1,0,128,70.5,20.7729,0,5,1.4,30.7002,7,104,2,8,120,5,5,0,0,5,0,0,5,0,0,10,115,3,7,124,1,12,114,1,5,0,0,8,128,2
953,5,12,7.2,1,0,124,68.9,20.6573,0,5,1.4,30.7002,7,108,2,8,120,5,5,0,0,5,0,0,5,0,0,10,108,3,7,121,1,12,108,1,5,0,0,8,124,2
954,5,12,7.2,1,0,122,68.5,20.6106,0,5,1.4,30.7002,7,104,2,8,115,5,5,0,0,5,0,0,5,0,0,10,113,3,7,122,1,12,111,1,5,0,0,8,120,2
955,5,12,7.2,1,0,124,70.2,20.7217,0,5,1.4,30.7002,7,105,2,8,118,5,5,0,0,5,0,0,5,0,0,10,119,3,7,124,1,12,117,1,5,0,0,8,119,2
956,5,12,7.2,1,0,123,70.7,20.7357,0,5,1.4,30.7002,7,111,2,8,117,5,5,0,0,5,0,0,5,0,0,10,119,3,7,122,1,12,115,1,5,0,0,8,123,2
957,5,12,7.2,1,0,130,72.4,20.8865,0,4,1.3,30.7308,7,119,2,8,118,4,5,0,0,5,0,0,5,0,0,10,119,3,7,130,1,12,119,1,5,0,0,8,119,2
958,5,12,7.2,1,0,127,71.7,20.8295,0,4,1.3,30.7308,7,116,2,8,118,4,5,0,0,5,0,0,5,0,0,10,119,3,7,127,1,12,123,1,5,0,0,8,114,2
959,5,12,7.2,1,0,129,71.8,20.8298,0,4,1.3,30.7308,7,116,2,8,117,4,5,0,0,5,0,0,5,0,0,10,119,3,7,118,1,12,129,1,5,0,0,8,119,2
960,5,12,7.2,1,0,133,72.7,20.9512,0,4,1.3,30.7308,7,123,2,8,119,4,5,0,0,5,0,0,5,0,0,10,122,3,7,117,1,12,133,1,5,0,0,8,113,2
961,5,12,7.2,1,0,126,72.1,20.8531,0,4,1.3,30.7308,7,119,2,8,113,4,5,0,0,5,0,0,5,0,0,10,123,3,7,117,1,12,126,1,5,0,0,8,123,2
962,5,12,7.2,1,0,128,73.2,20.9795,0,4,1.3,30.7308,7,127,2,8,117,4,5,0,0,5,0,0,5,0,0,10,125,3,7,113,1,12,128,1,5,0,0,8,122,2
963,5,12,7.2,1,0,125,71.8,20.8518,0,4,1.3,30.7308,7,124,2,8,119,4,5,0,0,5,0,0,5,0,0,10,119,3,7,109,1,12,125,1,5,0,0,8,122,2
964,5,12,7.2,1,0,124,70.7,20.7814,0,4,1.3,30.7308,7,124,2,8,119,4,5,0,0,5,0,0,5,0,0,10,121,3,7,114,1,12,121,1,5,0,0,8,108,2
965,5,12,7.2,1,0,121,68.8,20.6486,0,4,1.3,30.7308,7,121,2,8,121,4,5,0,0,5,0,0,5,0,0,10,116,3,7,111,1,12,110,1,5,0,0,8,109,2
966,5,12,7.2,1,0,127,69.5,20.708,0,4,1.3,30.7308,7,127,2,8,117,4,5,0,0,5,0,0,5,0,0,10,118,3,7,112,1,12,108,1,5,0,0,8,113,2
967,5,12,7.2,1,0,127,71,20.7842,0,4,1.3,30.7308,7,127,2,8,119,4,5,0,0,5,0,0,5,0,0,10,118,3,7,115,1,12,115,1,5,0,0,8,116,2
968,5,12,7.2,1,0,129,70.7,20.7811,0,4,1.3,30.7308,7,129,2,8,117,4,5,0,0,5,0,0,5,0,0,10,113,3,7,118,1,12,111,1,5,0,0,8,119,2
969,5,12,7.2,1,0,130,71.5,20.8416,0,4,1.3,30.7308,7,130,2,8,121,4,5,0,0,5,0,0,5,0,0,10,115,3,7,117,1,12,116,1,5,0,0,8,116,2
970,5,12,7.2,1,0,130,71.3,20.8388,0,4,1.3,30.7308,7,130,2,8,121,4,5,0,0,5,0,0,5,0,0,10,119,3,7,116,1,12,111,1,5,0,0,8,116,2
971,5,12,7.2,1,0,123,70.6,20.778,0,4,1.3,30.7308,7,123,2,8,122,4,5,0,0,5,0,0,5,0,0,10,121,3,7,119,1,12,107,1,5,0,0,8,114,2
972,5,12,7.2,1,0,126,71.1,20.8602,0,4,1.3,30.7308,7,126,2,8,126,4,5,0,0,5,0,0,5,0,0,10,116,3,7,117,1,12,103,1,5,0,0,8,123,2
973,5,12,7.2,1,0,126,71,20.8032,0,4,1.3,30.7308,7,126,2,8,118,4,5,0,0,5,0,0,5,0,0,10,122,3,7,115,1,12,108,1,5,0,0,8,121,2
974,5,12,7.2,1,0,119,69.2,20.6329,0,4,1.3,30.7308,7,119,2,8,108,4,5,0,0,5,0,0,5,0,0,10,117,3,7,115,1,12,114,1,5,0,0,8,119,2
975,5,12,7.2,1,0,124,70.8,20.7506,0,4,1.3,30.7308,7,111,2,8,112,4,5,0,0,5,0,0,5,0,0,10,120,3,7,124,1,12,122,1,5,0,0,8,119,2
976,5,12,7.2,1,0,128,70.9,20.788,0,4,1.3,30.7308,7,108,2,8,113,4,5,0,0,5,0,0,5,0,0,10,122,3,7,128,1,12,122,1,5,0,0,8,116,2
977,5,12,7.2,1,0,138,70.9,20.8569,0,4,1.3,30.7308,7,111,2,8,112,4,5,0,0,5,0,0,5,0,0,10,114,3,7,138,1,12,121,1,5,0,0,8,113,2
978,5,12,7.2,1,0,125,69.2,20.6459,0,4,1.3,30.7308,7,114,2,8,111,4,5,0,0,5,0,0,5,0,0,10,115,3,7,125,1,12,115,1,5,0,0,8,112,2
979,5,12,7.2,1,0,123,69.8,20.6959,0,4,1.3,30.7308,7,121,2,8,111,4,5,0,0,5,0,0,5,0,0,10,118,3,7,123,1,12,114,1,5,0,0,8,111,2
980,5,12,7.2,1,0,127,71,20.7968,0,4,1.3,30.7308,7,127,2,8,112,4,5,0,0,5,0,0,5,0,0,10,118,3,7,124,1,12,114,1,5,0,0,8,115,2
981,5,12,7.2,1,0,130,70.8,20.7925,0,4,1.3,30.7308,7,130,2,8,118,4,5,0,0,5,0,0,5,0,0,10,114,3,7,114,1,12,118,1,5,0,0,8,114,2
982,5,12,7.2,1,0,123,70,20.7116,0,4,1.3,30.7308,7,121,2,8,123,4,5,0,0,5,0,0,5,0,0,10,114,3,7,115,1,12,116,1,5,0,0,8,111,2
983,5,12,7.2,1,0,120,70,20.6814,0,4,1.3,30.7308,7,118,2,8,116,4,5,0,0,5,0,0,5,0,0,10,117,3,7,120,1,12,115,1,5,0,0,8,114,2
984,5,12,7.2,1,0,127,73.6,20.997,0,4,1.3,30.7308,7,127,2,8,122,4,5,0,0,5,0,0,5,0,0,10,120,3,7,127,1,12,120,1,5,0,0,8,120,2
985,5,12,7.2,1,0,128,73.5,20.989,0,4,1.3,30.7308,7,122,2,8,128,4,5,0,0,5,0,0,5,0,0,10,120,3,7,116,1,12,125,1,5,0,0,8,124,2
986,5,12,7.2,1,0,128,72.7,20.9191,0,4,1.3,30.7308,7,117,2,8,128,4,5,0,0,5,0,0,5,0,0,10,122,3,7,116,1,12,118,1,5,0,0,8,126,2
987,5,12,7.2,1,0,130,72.2,20.9003,0,4,1.3,30.7308,7,121,2,8,123,4,5,0,0,5,0,0,5,0,0,10,130,3,7,114,1,12,113,1,5,0,0,8,121,2
988,5,12,7.2,1,0,129,72.4,20.9143,0,4,1.3,30.7308,7,118,2,8,127,4,5,0,0,5,0,0,5,0,0,10,129,3,7,114,1,12,117,1,5,0,0,8,119,2
989,5,12,7.2,1,0,121,69,20.6336,0,4,1.3,30.7308,7,106,2,8,121,4,5,0,0,5,0,0,5,0,0,10,117,3,7,112,1,12,118,1,5,0,0,8,116,2
990,5,12,7.2,1,0,117,66.6,20.4959,0,4,1.3,30.7308,7,108,2,8,115,4,5,0,0,5,0,0,5,0,0,10,108,3,7,109,1,12,117,1,5,0,0,8,109,2
991,5,12,7.2,1,0,116,67.7,20.5317,0,4,1.3,30.7308,7,109,2,8,114,4,5,0,0,5,0,0,5,0,0,10,110,3,7,114,1,12,114,1,5,0,0,8,116,2
992,5,12,7.2,1,0,116,68,20.559,0,4,1.3,30.7308,7,114,2,8,116,4,5,0,0,5,0,0,5,0,0,10,116,3,7,111,1,12,110,1,5,0,0,8,113,2
993,5,12,7.2,1,0,117,68,20.5543,0,4,1.3,30.7308,7,116,2,8,109,4,5,0,0,5,0,0,5,0,0,10,115,3,7,111,1,12,112,1,5,0,0,8,117,2
994,5,12,7.2,1,0,128,70,20.6973,0,4,1.3,30.7308,7,117,2,8,112,4,5,0,0,5,0,0,5,0,0,10,114,3,7,115,1,12,114,1,5,0,0,8,128,2
995,5,12,7.2,1,0,125,70.4,20.7314,0,4,1.3,30.7308,7,117,2,8,108,4,5,0,0,5,0,0,5,0,0,10,121,3,7,120,1,12,113,1,5,0,0,8,125,2
996,5,12,7.2,1,0,126,70.1,20.7261,0,4,1.3,30.7308,7,117,2,8,108,4,5,0,0,5,0,0,5,0,0,10,122,3,7,126,1,12,112,1,5,0,0,8,116,2
997,5,12,7.2,1,0,126,70.5,20.767,0,4,1.3,30.7308,7,124,2,8,109,4,5,0,0,5,0,0,5,0,0,10,126,3,7,114,1,12,119,1,5,0,0,8,113,2
998,5,12,7.2,1,0,132,70.7,20.8523,0,4,1.3,30.7308,7,126,2,8,106,4,5,0,0,5,0,0,5,0,0,10,132,3,7,115,1,12,119,1,5,0,0,8,109,2
999,5,12,7.2,1,0,125,69.6,20.7169,0,4,1.3,30.7308,7,125,2,8,107,4,5,0,0,5,0,0,5,0,0,10,116,3,7,122,1,12,118,1,5,0,0,8,108,2
1000,5,12,7.2,1,0,125,69.2,20.6944,0,4,1.3,30.7308,7,118,2,8,113,4,5,0,0,5,0,0,5,0,0,10,111,3,7,121,1,12,125,1,5,0,0,8,104,2
1001,5,12,7.2,1,0,125,70.7,20.796,0,4,1.3,30.7308,7,115,2,8,119,4,5,0,0,5,0,0,5,0,0,10,119,3,7,125,1,12,124,1,5,0,0,8,105,2
1002,5,12,7.2,1,0,131,70.7,20.7966,0,4,1.3,30.7308,7,119,2,8,113,4,5,0,0,5,0,0,5,0,0,10,115,3,7,131,1,12,120,1,5,0,0,8,109,2
1003,5,12,7.2,1,0,135,72.8,20.9673,0,4,1.3,30.7308,7,122,2,8,113,4,5,0,0,5,0,0,5,0,0,10,119,3,7,135,1,12,123,1,5,0,0,8,116,2
1004,5,12,7.2,1,0,125,70.5,20.7524,0,4,1.3,30.7308,7,125,2,8,113,4,5,0,0,5,0,0,5,0,0,10,109,3,7,123,1,12,117,1,5,0,0,8,118,2
1005,5,12,7.2,1,0,123,71.1,20.7755,0,4,1.3,30.7308,7,120,2,8,123,4,5,0,0,5,0,0,5,0,0,10,114,3,7,119,1,12,120,1,5,0,0,8,115,2
1006,5,12,7.2,1,0,120,69.4,20.6431,0,4,1.3,30.7308,7,109,2,8,113,4,5,0,0,5,0,0,5,0,0,10,117,3,7,120,1,12,120,1,5,0,0,8,115,2
1007,5,12,7.2,1,0,128,71.9,20.8582,0,4,1.3,30.7308,7,109,2,8,123,4,5,0,0,5,0,0,5,0,0,10,118,3,7,122,1,12,128,1,5,0,0,8,119,2
1008,5,12,7.2,1,0,122,69.3,20.6548,0,4,1.3,30.7308,7,109,2,8,122,4,5,0,0,5,0,0,5,0,0,10,109,3,7,115,1,12,120,1,5,0,0,8,118,2
1009,5,12,7.2,1,0,123,70.3,20.7272,0,4,1.3,30.7308,7,118,2,8,123,4,5,0,0,5,0,0,5,0,0,10,113,3,7,119,1,12,119,1,5,0,0,8,111,2
1010,5,12,7.2,1,0,127,71,20.7908,0,4,1.3,30.7308,7,119,2,8,122,4,5,0,0,5,0,0,5,0,0,10,114,3,7,127,1,12,115,1,5,0,0,8,113,2
1011,5,12,7.2,1,0,131,70.7,20.8,0,4,1.3,30.7308,7,118,2,8,117,4,5,0,0,5,0,0,5,0,0,10,106,3,7,131,1,12,120,1,5,0,0,8,115,2
1012,5,12,7.2,1,0,126,68.9,20.6641,0,4,1.3,30.7308,7,118,2,8,113,4,5,0,0,5,0,0,5,0,0,10,108,3,7,126,1,12,106,1,5,0,0,8,118,2
1013,5,12,7.2,1,0,122,69,20.6192,0,4,1.3,30.7308,7,110,2,8,114,4,5,0,0,5,0,0,5,0,0,10,114,3,7,122,1,12,112,1,5,0,0,8,118,2
1014,5,12,7.2,1,0,122,68.8,20.6091,0,4,1.4,30.6999,7,115,2,8,110,4,5,0,0,5,0,0,5,0,0,10,114,4,7,122,1,12,112,1,5,0,0,8,115,2
1015,5,12,7.2,1,0,130,70.3,20.7565,0,4,1.4,30.6999,7,116,2,8,110,4,5,0,0,5,0,0,5,0,0,10,114,4,7,130,1,12,110,1,5,0,0,8,123,2
1016,5,12,7.2,1,0,124,71.2,20.7672,0,4,1.4,30.6999,7,119,2,8,117,4,5,0,0,5,0,0,5,0,0,10,115,4,7,120,1,12,117,1,5,0,0,8,124,2
1017,5,12,7.2,1,0,124,70.8,20.7484,0,4,1.4,30.6999,7,118,2,8,118,4,5,0,0,5,0,0,5,0,0,10,113,4,7,124,1,12,114,1,5,0,0,8,121,2
1018,5,12,7.2,1,0,127,71.9,20.8763,0,4,1.4,30.6999,7,127,2,8,125,4,5,0,0,5,0,0,5,0,0,10,112,4,7,122,1,12,118,1,5,0,0,8,115,2
1019,5,12,7.2,1,0,127,72,20.8816,0,4,1.4,30.6999,7,126,2,8,120,4,5,0,0,5,0,0,5,0,0,10,110,4,7,127,1,12,120,1,5,0,0,8,117,2
1020,5,12,7.2,1,0,133,73,20.9875,0,4,1.4,30.6999,7,133,2,8,121,4,5,0,0,5,0,0,5,0,0,10,115,4,7,126,1,12,116,1,5,0,0,8,119,2
1021,5,12,7.2,1,0,133,75,21.1769,0,4,1.4,30.6999,7,130,2,8,128,4,5,0,0,5,0,0,5,0,0,10,119,4,7,133,1,12,119,1,5,0,0,8,121,2
1022,5,12,7.2,1,0,134,73.7,21.0835,0,4,1.4,30.6999,7,127,2,8,134,4,5,0,0,5,0,0,5,0,0,10,110,4,7,127,1,12,118,1,5,0,0,8,121,2
1023,5,12,7.2,1,0,142,74.3,21.1992,0,4,1.4,30.6999,7,126,2,8,142,4,5,0,0,5,0,0,5,0,0,10,112,4,7,126,1,12,115,1,5,0,0,8,122,2
1024,5,12,7.2,1,0,134,74.2,21.0886,0,4,1.4,30.6999,7,117,2,8,134,4,5,0,0,5,0,0,5,0,0,10,116,4,7,126,1,12,122,1,5,0,0,8,127,2
1025,5,12,7.2,1,0,130,74,21.0341,0,4,1.4,30.6999,7,114,2,8,125,4,5,0,0,5,0,0,5,0,0,10,124,4,7,124,1,12,123,1,5,0,0,8,130,2
1026,5,12,7.2,1,0,137,74.3,21.0914,0,4,1.4,30.6999,7,114,2,8,125,4,5,0,0,5,0,0,5,0,0,10,122,4,7,123,1,12,122,1,5,0,0,8,137,2
1027,5,12,7.3,1.03441,0,124,72.1,20.8509,0,4,1.4,30.6999,7,121,2,8,122,4,5,0,0,5,0,0,5,0,0,10,113,4,7,120,1,12,121,1,5,0,0,9,124,2
1028,5,12,7.3,1.03441,0,124,71.9,20.8316,0,4,1.4,30.6999,7,117,2,8,124,4,5,0,0,5,0,0,5,0,0,10,118,4,7,116,1,12,123,1,5,0,0,9,121,2
1029,5,12,7.3,1.03441,0,122,70.9,20.7396,0,4,1.4,30.6999,7,115,2,8,117,4,5,0,0,5,0,0,5,0,0,10,118,4,7,116,1,12,122,1,5,0,0,9,121,2
1030,5,12,7.3,1.03441,0,122,69.7,20.6578,0,4,1.4,30.6999,7,115,2,8,112,4,5,0,0,5,0,0,5,0,0,10,117,4,7,115,1,12,122,1,5,0,0,9,116,2
1031,5,12,7.3,1.03441,0,121,70.7,20.7374,0,4,1.4,30.6999,7,119,2,8,121,4,5,0,0,5,0,0,5,0,0,10,113,4,7,120,1,12,115,1,5,0,0,9,119,2
1032,5,12,7.3,1.03441,0,124,68.4,20.6276,0,4,1.4,30.6999,7,124,2,8,109,4,5,0,0,5,0,0,5,0,0,10,113,4,7,115,1,12,105,1,5,0,0,9,118,2
1033,5,12,7.3,1.03441,0,119,68,20.5638,0,4,1.4,30.6999,7,119,2,8,108,4,5,0,0,5,0,0,5,0,0,10,112,4,7,115,1,12,111,1,5,0,0,9,115,2
1034,5,12,7.3,1.03441,0,121,69.5,20.6403,0,4,1.4,30.6999,7,115,2,8,113,4,5,0,0,5,0,0,5,0,0,10,114,4,7,118,1,12,114,1,5,0,0,9,121,2
1035,5,12,7.3,1.03441,0,126,69.9,20.7134,0,4,1.4,30.6999,7,115,2,8,126,4,5,0,0,5,0,0,5,0,0,10,114,4,7,120,1,12,112,1,5,0,0,9,112,2
1036,5,12,7.3,1.03441,0,127,71.2,20.8095,0,4,1.4,30.6999,7,119,2,8,127,4,5,0,0,5,0,0,5,0,0,10,122,4,7,115,1,12,116,1,5,0,0,9,113,2
1037,5,12,7.3,1.03441,0,125,72.7,20.9169,0,4,1.4,30.6999,7,125,2,8,123,4,5,0,0,5,0,0,5,0,0,10,125,4,7,117,1,12,119,1,5,0,0,9,118,2
1038,5,12,7.3,1.03441,0,124,69.8,20.729,0,4,1.4,30.6999,7,116,2,8,121,4,5,0,0,5,0,0,5,0,0,10,124,4,7,106,1,12,121,1,5,0,0,9,110,2
1039,5,12,7.3,1.03441,0,125,71.4,20.8192,0,4,1.4,30.6999,7,120,2,8,123,4,5,0,0,5,0,0,5,0,0,10,120,4,7,114,1,12,125,1,5,0,0,9,112,2
1040,5,12,7.3,1.03441,0,124,70.8,20.7777,0,4,1.4,30.6999,7,117,2,8,124,4,5,0,0,5,0,0,5,0,0,10,121,4,7,116,1,12,121,1,5,0,0,9,109,2
1041,5,12,7.3,1.03441,0,126,70.4,20.7945,0,4,1.4,30.6999,7,125,2,8,126,4,5,0,0,5,0,0,5,0,0,10,120,4,7,108,1,12,115,1,5,0,0,9,110,2
1042,5,12,7.3,1.03441,0,126,70.8,20.7626,0,4,1.4,30.6999,7,117,2,8,126,4,5,0,0,5,0,0,5,0,0,10,117,4,7,112,1,12,119,1,5,0,0,9,117,2
1043,5,12,7.3,1.03441,0,128,72.1,20.8768,0,4,1.4,30.6999,7,119,2,8,128,4,5,0,0,5,0,0,5,0,0,10,120,4,7,112,1,12,123,1,5,0,0,9,119,2
1044,5,12,7.3,1.03441,0,127,72,20.8793,0,4,1.4,30.6999,7,117,2,8,124,4,5,0,0,5,0,0,5,0,0,10,127,4,7,109,1,12,123,1,5,0,0,9,120,2
1045,5,12,7.3,1.03441,0,122,70.5,20.7385,0,4,1.4,30.6999,7,119,2,8,118,4,5,0,0,5,0,0,5,0,0,10,122,4,7,108,1,12,117,1,5,0,0,9,121,2
1046,5,12,7.3,1.03441,0,124,71.4,20.8018,0,4,1.4,30.6999,7,118,2,8,123,4,5,0,0,5,0,0,5,0,0,10,116,4,7,112,1,12,124,1,5,0,0,9,121,2
1047,5,12,7.3,1.03441,0,133,73.6,21.0131,0,4,1.4,30.6999,7,120,2,8,118,4,5,0,0,5,0,0,5,0,0,10,123,4,7,115,1,12,133,1,5,0,0,9,127,2
1048,5,12,7.3,1.03441,0,129,71.1,20.7979,0,4,1.4,30.6999,7,129,2,8,112,4,5,0,0,5,0,0,5,0,0,10,116,4,7,116,1,12,119,1,5,0,0,9,119,2
1049,5,12,7.3,1.03441,0,122,70.9,20.7763,0,4,1.4,30.6999,7,121,2,8,121,4,5,0,0,5,0,0,5,0,0,10,107,4,7,118,1,12,122,1,5,0,0,9,120,2
1050,5,12,7.3,1.03441,0,125,71.5,20.817,0,4,1.4,30.6999,7,123,2,8,116,4,5,0,0,5,0,0,5,0,0,10,110,4,7,120,1,12,125,1,5,0,0,9,121,2
1051,5,12,7.3,1.03441,0,127,73,20.9391,0,4,1.4,30.6999,7,125,2,8,119,4,5,0,0,5,0,0,5,0,0,10,115,4,7,127,1,12,121,1,5,0,0,9,123,2
1052,5,12,7.3,1.03441,0,130,72,20.9254,0,4,1.4,30.6999,7,120,2,8,129,4,5,0,0,5,0,0,5,0,0,10,112,4,7,130,1,12,109,1,5,0,0,9,120,2
1053,5,12,7.3,1.03441,0,133,71.9,20.9031,0,4,1.4,30.6999,7,115,2,8,123,4,5,0,0,5,0,0,5,0,0,10,115,4,7,133,1,12,109,1,5,0,0,9,124,2
1054,5,12,7.3,1.03441,0,129,71.8,20.8591,0,4,1.4,30.6999,7,114,2,8,124,4,5,0,0,5,0,0,5,0,0,10,117,4,7,129,1,12,112,1,5,0,0,9,122,2
1055,5,12,7.3,1.03441,0,133,71.4,20.9308,0,4,1.4,30.6999,7,104,2,8,133,4,5,0,0,5,0,0,5,0,0,10,119,4,7,127,1,12,107,1,5,0,0,9,124,2
1056,5,12,7.3,1.03441,0,128,69.5,20.7027,0,4,1.4,30.6999,7,108,2,8,122,4,5,0,0,5,0,0,5,0,0,10,112,4,7,117,1,12,108,1,5,0,0,9,128,2
1057,5,12,7.3,1.03441,0,128,69.6,20.7248,0,4,1.4,30.6999,7,110,2,8,128,4,5,0,0,5,0,0,5,0,0,10,107,4,7,120,1,12,110,1,5,0,0,9,121,2
1058,5,12,7.3,1.03441,0,123,68.5,20.6188,0,4,1.4,30.6999,7,112,2,8,123,4,5,0,0,5,0,0,5,0,0,10,108,4,7,113,1,12,109,1,5,0,0,9,120,2
1059,5,12,7.3,1.03441,0,121,67.5,20.553,0,4,1.4,30.6999,7,108,2,8,121,4,5,0,0,5,0,0,5,0,0,10,106,4,7,113,1,12,112,1,5,0,0,9,115,2
1060,5,12,7.3,1.03441,0,121,67.4,20.5656,0,4,1.4,30.6999,7,116,2,8,121,4,5,0,0,5,0,0,5,0,0,10,108,4,7,112,1,12,110,1,5,0,0,9,107,2
1061,5,12,7.3,1.03441,0,121,69.3,20.6404,0,4,1.4,30.6999,7,112,2,8,120,4,5,0,0,5,0,0,5,0,0,10,111,4,7,116,1,12,113,1,5,0,0,9,121,2
1062,5,12,7.3,1.03441,0,124,70.9,20.7668,0,4,1.4,30.6999,7,117,2,8,124,4,5,0,0,5,0,0,5,0,0,10,113,4,7,123,1,12,116,1,5,0,0,9,116,2
1063,5,12,7.3,1.03441,0,124,71,20.7726,0,4,1.4,30.6999,7,114,2,8,119,4,5,0,0,5,0,0,5,0,0,10,120,4,7,124,1,12,121,1,5,0,0,9,112,2
1064,5,12,7.3,1.03441,0,128,70.7,20.7719,0,4,1.4,30.6999,7,112,2,8,116,4,5,0,0,5,0,0,5,0,0,10,128,4,7,119,1,12,121,1,5,0,0,9,111,2
1065,5,12,7.3,1.03441,0,126,69.4,20.6679,0,4,1.4,30.6999,7,110,2,8,111,4,5,0,0,5,0,0,5,0,0,10,126,4,7,118,1,12,116,1,5,0,0,9,113,2
1066,5,12,7.3,1.03441,0,124,71.1,20.7986,0,4,1.4,30.6999,7,120,2,8,115,4,5,0,0,5,0,0,5,0,0,10,120,4,7,123,1,12,124,1,5,0,0,9,109,2
1067,5,12,7.3,1.03441,0,130,69.6,20.7503,0,4,1.4,30.6999,7,116,2,8,106,4,5,0,0,5,0,0,5,0,0,10,130,4,7,121,1,12,117,1,5,0,0,9,106,2
1068,5,12,7.3,1.03441,0,126,68.8,20.6537,0,4,1.4,30.6999,7,114,2,8,107,4,5,0,0,5,0,0,5,0,0,10,119,4,7,126,1,12,114,1,5,0,0,9,108,2
1069,5,12,7.3,1.03441,0,125,69.3,20.6902,0,4,1.4,30.6999,7,106,2,8,105,4,5,0,0,5,0,0,5,0,0,10,125,4,7,123,1,12,116,1,5,0,0,9,118,2
1070,5,12,7.3,1.03441,0,125,69.4,20.673,0,4,1.4,30.6999,7,108,2,8,112,4,5,0,0,5,0,0,5,0,0,10,121,4,7,125,1,12,116,1,5,0,0,9,112,2
1071,5,12,7.4,1.0583,0,125,70.6,20.7567,0,4,1.4,30.6999,8,109,2,8,114,4,5,0,0,5,0,0,5,0,0,10,125,4,7,125,1,12,118,1,5,0,0,9,115,2
1072,5,12,7.4,1.0583,0,123,69.6,20.6809,0,4,1.4,30.6999,8,106,2,8,115,4,5,0,0,5,0,0,5,0,0,10,123,4,7,119,1,12,120,1,5,0,0,9,113,2
1073,5,12,7.4,1.0583,0,120,70.4,20.7029,0,4,1.4,30.6999,8,115,2,8,113,4,5,0,0,5,0,0,5,0,0,10,120,4,7,119,1,12,119,1,5,0,0,9,118,2
1074,5,12,7.4,1.0583,0,126,72.3,20.8693,0,4,1.4,30.6999,8,119,2,8,114,4,5,0,0,5,0,0,5,0,0,10,118,4,7,126,1,12,125,1,5,0,0,9,121,2
1075,5,12,7.4,1.0583,0,133,73.9,21.0332,0,4,1.4,30.6999,8,121,2,8,116,4,5,0,0,5,0,0,5,0,0,10,122,4,7,133,1,12,123,1,5,0,0,9,124,2
1076,5,12,7.4,1.0583,0,129,72.1,20.8747,0,4,1.4,30.6999,8,118,2,8,115,4,5,0,0,5,0,0,5,0,0,10,129,4,7,125,1,12,118,1,5,0,0,9,116,2
1077,5,12,7.4,1.0583,0,130,71.8,20.8751,0,4,1.4,30.6999,8,118,2,8,119,4,5,0,0,5,0,0,5,0,0,10,130,4,7,125,1,12,113,1,5,0,0,9,113,2
1078,5,12,7.4,1.0583,0,134,74.9,21.1745,0,4,1.3,30.7308,8,124,2,8,123,4,5,0,0,5,0,0,5,0,0,10,132,3,7,134,1,12,119,1,5,0,0,9,117,2
1079,5,12,7.4,1.0583,0,126,73.1,20.9942,0,4,1.3,30.7308,8,121,2,8,125,4,5,0,0,5,0,0,5,0,0,10,126,3,7,126,1,12,124,1,5,0,0,9,109,2
1080,5,12,7.4,1.0583,0,127,72.9,20.9895,0,4,1.3,30.7308,8,122,2,8,123,4,5,0,0,5,0,0,5,0,0,10,127,3,7,125,1,12,125,1,5,0,0,9,107,2
1081,5,12,7.4,1.0583,0,125,71.6,20.8639,0,4,1.3,30.7308,8,115,2,8,123,4,5,0,0,5,0,0,5,0,0,10,123,3,7,125,1,12,123,1,5,0,0,9,107,2
1082,5,12,7.4,1.0583,0,128,70.9,20.8634,0,4,1.3,30.7308,8,116,2,8,116,4,5,0,0,5,0,0,5,0,0,10,123,3,7,128,1,12,125,1,5,0,0,9,101,2
1083,5,12,7.4,1.0583,0,128,72.5,20.9407,0,4,1.3,30.7308,8,115,2,8,120,4,5,0,0,5,0,0,5,0,0,10,128,3,7,128,1,12,124,1,5,0,0,9,110,2
1084,5,12,7.4,1.0583,0,136,74.1,21.1085,0,4,1.3,30.7308,8,121,2,8,116,4,5,0,0,5,0,0,5,0,0,10,136,3,7,131,1,12,121,1,5,0,0,9,116,2
1085,5,12,7.4,1.0583,0,130,71.9,20.895,0,4,1.3,30.7308,8,117,2,8,113,4,5,0,0,5,0,0,5,0,0,10,130,3,7,126,1,12,123,1,5,0,0,9,110,2
1086,5,12,7.4,1.0583,0,126,70.4,20.7303,0,4,1.3,30.7308,8,118,2,8,109,4,5,0,0,5,0,0,5,0,0,10,117,3,7,126,1,12,118,1,5,0,0,9,116,2
1087,5,12,7.4,1.0583,0,120,69.1,20.6353,0,4,1.3,30.7308,8,116,2,8,116,4,5,0,0,5,0,0,5,0,0,10,120,3,7,116,1,12,108,1,5,0,0,9,115,2
1088,5,12,7.4,1.0583,0,122,70.8,20.7725,0,4,1.3,30.7308,8,122,2,8,118,4,5,0,0,5,0,0,5,0,0,10,122,3,7,122,1,12,111,1,5,0,0,9,113,2
1089,5,12,7.4,1.0583,0,124,71,20.7724,0,4,1.3,30.7308,8,124,2,8,120,4,5,0,0,5,0,0,5,0,0,10,119,3,7,114,1,12,114,1,5,0,0,9,119,2
1090,5,12,7.4,1.0583,0,126,72.1,20.8575,0,4,1.3,30.7308,8,115,2,8,123,4,5,0,0,5,0,0,5,0,0,10,121,3,7,126,1,12,119,1,5,0,0,9,117,2
1091,5,12,7.4,1.0583,0,128,71.9,20.8523,0,4,1.3,30.7308,8,114,2,8,120,4,5,0,0,5,0,0,5,0,0,10,123,3,7,128,1,12,119,1,5,0,0,9,115,2
1092,5,12,7.4,1.0583,0,124,71.5,20.8024,0,4,1.3,30.7308,8,115,2,8,124,4,5,0,0,5,0,0,5,0,0,10,116,3,7,122,1,12,116,1,5,0,0,9,122,2
1093,5,12,7.4,1.0583,0,127,72.3,20.8941,0,4,1.3,30.7308,8,124,2,8,121,4,5,0,0,5,0,0,5,0,0,10,111,3,7,127,1,12,117,1,5,0,0,9,123,2
1094,5,12,7.4,1.0583,0,127,71.5,20.8524,0,4,1.3,30.7308,8,121,2,8,126,4,5,0,0,5,0,0,5,0,0,10,107,3,7,114,1,12,120,1,5,0,0,9,127,2
1095,5,12,7.4,1.0583,0,125,70.9,20.7889,0,4,1.3,30.7308,8,125,2,8,121,4,5,0,0,5,0,0,5,0,0,10,108,3,7,119,1,12,114,1,5,0,0,9,122,2
1096,5,12,7.4,1.0583,0,126,71.7,20.8566,0,4,1.3,30.7308,8,126,2,8,121,4,5,0,0,5,0,0,5,0,0,10,111,3,7,126,1,12,114,1,5,0,0,9,119,2
1097,5,12,7.4,1.0583,0,133,71.7,20.8631,0,4,1.3,30.7308,8,118,2,8,117,4,5,0,0,5,0,0,5,0,0,10,111,3,7,133,1,12,116,1,5,0,0,9,122,2
1098,5,12,7.4,1.0583,0,127,72.3,20.8871,0,4,1.3,30.7308,8,116,2,8,122,4,5,0,0,5,0,0,5,0,0,10,119,3,7,127,1,12,125,1,5,0,0,9,114,2
1099,5,12,7.4,1.0583,0,129,71.9,20.8684,0,4,1.3,30.7308,8,110,2,8,129,4,5,0,0,5,0,0,5,0,0,10,119,3,7,123,1,12,121,1,5,0,0,9,117,2
1100,5,12,7.4,1.0583,0,128,72.9,20.9473,0,4,1.3,30.7308,8,119,2,8,126,4,5,0,0,5,0,0,5,0,0,10,124,3,7,116,1,12,128,1,5,0,0,9,116,2
1101,5,12,7.4,1.0583,0,133,72.6,20.9444,0,4,1.3,30.7308,8,120,2,8,133,4,5,0,0,5,0,0,5,0,0,10,121,3,7,118,1,12,119,1,5,0,0,9,115,2
1102,5,12,7.4,1.0583,0,127,72.8,20.9183,0,4,1.3,30.7308,8,121,2,8,127,4,5,0,0,5,0,0,5,0,0,10,120,3,7,122,1,12,119,1,5,0,0,9,119,2
1103,5,12,7.4,1.0583,0,132,72.9,20.9972,0,4,1.3,30.7308,8,132,2,8,130,4,5,0,0,5,0,0,5,0,0,10,116,3,7,116,1,12,116,1,5,0,0,9,119,2
1104,5,12,7.4,1.0583,0,132,72.2,20.9397,0,4,1.3,30.7308,8,127,2,8,132,4,5,0,0,5,0,0,5,0,0,10,115,3,7,119,1,12,111,1,5,0,0,9,118,2
1105,5,12,7.4,1.0583,0,145,74.4,21.2112,0,4,1.3,30.7308,8,123,2,8,145,4,5,0,0,5,0,0,5,0,0,10,120,3,7,120,1,12,116,1,5,0,0,9,120,2
1106,5,12,7.4,1.0583,0,133,72.9,20.9773,0,4,1.3,30.7308,8,125,2,8,133,4,5,0,0,5,0,0,5,0,0,10,117,3,7,115,1,12,117,1,5,0,0,9,122,2
1107,5,12,7.4,1.0583,0,123,71.1,20.7645,0,4,1.3,30.7308,8,121,2,8,118,4,5,0,0,5,0,0,5,0,0,10,115,3,7,119,1,12,115,1,5,0,0,9,123,2
1108,5,12,7.4,1.0583,0,126,72.8,20.9401,0,4,1.3,30.7308,8,126,2,8,121,4,5,0,0,5,0,0,5,0,0,10,118,3,7,126,1,12,112,1,5,0,0,9,125,2
1109,5,12,7.4,1.0583,0,131,72.8,20.9351,0,4,1.3,30.7308,8,124,2,8,118,4,5,0,0,5,0,0,5,0,0,10,115,3,7,124,1,12,116,1,5,0,0,9,131,2
1110,5,12,7.4,1.0583,0,137,72.7,20.9513,0,4,1.3,30.7308,8,116,2,8,122,4,5,0,0,5,0,0,5,0,0,10,119,3,7,118,1,12,115,1,5,0,0,9,137,2
1111,5,12,7.4,1.0583,0,124,71,20.7737,0,4,1.3,30.7308,8,110,2,8,121,4,5,0,0,5,0,0,5,0,0,10,114,3,7,124,1,12,123,1,5,0,0,9,118,2
1112,5,12,7.4,1.0583,0,130,72.7,20.9351,0,4,1.3,30.7308,8,116,2,8,124,4,5,0,0,5,0,0,5,0,0,10,110,3,7,123,1,12,124,1,5,0,0,9,130,2
1113,5,12,7.4,1.0583,0,127,72.4,20.922,0,4,1.3,30.7308,8,117,2,8,121,4,5,0,0,5,0,0,5,0,0,10,107,3,7,127,1,12,127,1,5,0,0,9,125,2
1114,5,12,7.4,1.0583,0,124,70.8,20.7668,0,4,1.3,30.7308,8,116,2,8,120,4,5,0,0,5,0,0,5,0,0,10,107,3,7,124,1,12,120,1,5,0,0,9,121,2
1115,5,12,7.4,1.0583,0,123,70.9,20.7759,0,4,1.3,30.7308,8,121,2,8,123,4,5,0,0,5,0,0,5,0,0,10,111,3,7,119,1,12,112,1,5,0,0,9,123,2
1116,5,12,7.4,1.0583,0,120,69.2,20.6542,0,4,1.3,30.7308,8,120,2,8,119,4,5,0,0,5,0,0,5,0,0,10,114,3,7,108,1,12,111,1,5,0,0,9,120,2
1117,5,12,7.4,1.0583,0,126,72.4,20.8849,0,4,1.3,30.7308,8,122,2,8,126,4,5,0,0,5,0,0,5,0,0,10,117,3,7,118,1,12,117,1,5,0,0,9,124,2
1118,5,12,7.4,1.0583,0,126,73.4,20.9701,0,4,1.3,30.7308,8,126,2,8,124,4,5,0,0,5,0,0,5,0,0,10,122,3,7,119,1,12,120,1,5,0,0,9,123,2
1119,5,12,7.4,1.0583,0,125,72.9,20.9203,0,4,1.4,30.6996,8,125,2,8,121,4,5,0,0,5,0,0,5,0,0,10,122,3,7,119,1,12,118,1,5,0,0,9,124,3
1120,5,12,7.4,1.0583,0,124,72,20.8543,0,4,1.4,30.6996,8,123,2,8,122,4,5,0,0,5,0,0,5,0,0,10,112,3,7,124,1,12,119,1,5,0,0,9,120,3
1121,5,12,7.4,1.0583,0,132,69.9,20.7906,0,4,1.4,30.6996,8,115,2,8,132,4,5,0,0,5,0,0,5,0,0,10,108,3,7,123,1,12,113,1,5,0,0,9,108,3
1122,5,12,7.4,1.0583,0,123,69.6,20.701,0,4,1.3,30.7308,8,119,2,8,121,4,5,0,0,5,0,0,5,0,0,10,112,3,7,123,1,12,113,1,5,0,0,9,108,2
1123,5,12,7.4,1.0583,0,135,71.3,20.8703,0,4,1.3,30.7308,8,123,2,8,116,4,5,0,0,5,0,0,5,0,0,10,112,3,7,135,1,12,113,1,5,0,0,9,114,2
1124,5,12,7.4,1.0583,0,123,70.4,20.7333,0,4,1.3,30.7308,8,120,2,8,123,4,5,0,0,5,0,0,5,0,0,10,114,3,7,120,1,12,113,1,5,0,0,9,114,2
1125,5,12,7.4,1.0583,0,121,68.5,20.6388,0,4,1.3,30.7308,8,121,2,8,121,4,5,0,0,5,0,0,5,0,0,10,108,3,7,110,1,12,117,1,5,0,0,9,108,2
1126,5,12,7.4,1.0583,0,126,71,20.7963,0,4,1.3,30.7308,8,126,2,8,119,4,5,0,0,5,0,0,5,0,0,10,111,3,7,116,1,12,124,1,5,0,0,9,114,2
1127,5,12,7.4,1.0583,0,126,70.4,20.7713,0,4,1.3,30.7308,8,122,2,8,122,4,5,0,0,5,0,0,5,0,0,10,111,3,7,114,1,12,126,1,5,0,0,9,109,2
1128,5,12,7.4,1.0583,0,125,71.1,20.8,0,4,1.3,30.7308,8,121,2,8,125,4,5,0,0,5,0,0,5,0,0,10,113,3,7,112,1,12,124,1,5,0,0,9,116,2
1129,5,12,7.5,1.09087,0,129,72.2,20.8806,0,6,1.5,30.6699,8,124,2,9,119,6,5,0,0,5,0,0,5,0,0,10,114,3,7,116,1,12,129,1,5,0,0,9,120,2
1130,5,12,7.5,1.09087,0,130,72.1,20.8614,0,6,1.5,30.6699,8,116,2,9,115,6,5,0,0,5,0,0,5,0,0,10,119,3,7,117,1,12,130,1,5,0,0,9,124,2
1131,5,12,7.5,1.09087,0,130,71.4,20.8163,0,5,1.4,30.7002,8,112,2,9,117,5,5,0,0,5,0,0,5,0,0,10,120,3,7,113,1,12,130,1,5,0,0,9,122,2
1132,5,12,7.5,1.09087,0,131,72.4,20.9149,0,5,1.4,30.7002,8,110,2,9,126,5,5,0,0,5,0,0,5,0,0,10,121,3,7,115,1,12,121,1,5,0,0,9,131,2
1133,5,12,7.5,1.09087,0,135,71.9,20.8767,0,5,1.4,30.7002,8,110,2,9,120,5,5,0,0,5,0,0,5,0,0,10,117,3,7,117,1,12,120,1,5,0,0,9,135,2
1134,5,12,7.5,1.09087,0,122,69.7,20.6628,0,5,1.4,30.7002,8,113,2,9,116,5,5,0,0,5,0,0,5,0,0,10,111,3,7,114,1,12,121,1,5,0,0,9,122,2
1135,5,12,7.5,1.09087,0,121,69.8,20.6828,0,5,1.4,30.7002,8,118,2,9,121,5,5,0,0,5,0,0,5,0,0,10,113,3,7,110,1,12,115,1,5,0,0,9,121,2
1136,5,12,7.5,1.09087,0,126,70.2,20.7056,0,5,1.4,30.7002,8,118,2,9,114,5,5,0,0,5,0,0,5,0,0,10,112,3,7,118,1,12,114,1,5,0,0,9,126,2
1137,5,12,7.5,1.09087,0,123,69.5,20.6711,0,5,1.4,30.7002,8,123,2,9,113,5,5,0,0,5,0,0,5,0,0,10,120,3,7,112,1,12,113,1,5,0,0,9,114,2
1138,5,12,7.5,1.09087,0,123,69.8,20.6741,0,5,1.4,30.7002,8,115,2,9,113,5,5,0,0,5,0,0,5,0,0,10,123,3,7,117,1,12,112,1,5,0,0,9,118,2
1139,5,12,7.5,1.09087,0,121,69,20.6215,0,5,1.4,30.7002,8,116,2,9,109,5,5,0,0,5,0,0,5,0,0,10,118,3,7,110,1,12,116,1,5,0,0,9,121,2
1140,5,12,7.5,1.09087,0,117,68.4,20.5722,0,5,1.4,30.7002,8,111,2,9,116,5,5,0,0,5,0,0,5,0,0,10,112,3,7,114,1,12,117,1,5,0,0,9,114,2
1141,5,12,7.5,1.09087,0,127,70.2,20.7082,0,5,1.4,30.7002,8,112,2,9,119,5,5,0,0,5,0,0,5,0,0,10,115,3,7,114,1,12,115,1,5,0,0,9,127,2
1142,5,12,7.5,1.09087,0,124,71,20.7556,0,4,1.3,30.7308,8,116,2,9,120,4,5,0,0,5,0,0,5,0,0,10,117,3,7,119,1,12,114,1,5,0,0,9,124,2
1143,5,12,7.5,1.09087,0,124,72.4,20.8708,0,4,1.3,30.7308,8,123,2,9,120,4,5,0,0,5,0,0,5,0,0,10,120,3,7,120,1,12,117,1,5,0,0,9,124,2
1144,5,12,7.5,1.09087,0,125,72,20.8452,0,4,1.3,30.7308,8,123,2,9,112,4,5,0,0,5,0,0,5,0,0,10,117,3,7,121,1,12,122,1,5,0,0,9,125,2
1145,5,12,7.5,1.09087,0,130,73.5,20.9805,0,4,1.3,30.7308,8,119,2,9,117,4,5,0,0,5,0,0,5,0,0,10,121,3,7,121,1,12,130,1,5,0,0,9,127,2
1146,5,12,7.5,1.09087,0,131,72.9,20.9436,0,4,1.3,30.7308,8,120,2,9,112,4,5,0,0,5,0,0,5,0,0,10,123,3,7,123,1,12,131,1,5,0,0,9,120,2
1147,5,12,7.5,1.09087,0,130,72.2,20.8888,0,3,1.2,30.7617,8,121,2,9,116,3,5,0,0,5,0,0,5,0,0,10,114,3,7,125,1,12,130,1,5,0,0,9,116,2
1148,5,12,7.5,1.09087,0,132,71.4,20.876,0,3,1.2,30.7617,8,116,2,9,114,3,5,0,0,5,0,0,5,0,0,10,116,3,7,128,1,12,132,1,5,0,0,9,108,2
1149,5,12,7.5,1.09087,0,133,71.7,20.8786,0,3,1.2,30.7617,8,111,2,9,115,3,5,0,0,5,0,0,5,0,0,10,119,3,7,126,1,12,133,1,5,0,0,9,113,2
1150,5,12,7.5,1.09087,0,127,73.5,21.0048,0,3,1.2,30.7617,8,116,2,9,124,3,5,0,0,5,0,0,5,0,0,10,127,3,7,126,1,12,127,1,5,0,0,9,115,2
1151,5,12,7.5,1.09087,0,129,72.9,20.933,0,3,1.2,30.7617,8,114,2,9,119,3,5,0,0,5,0,0,5,0,0,10,124,3,7,124,1,12,129,1,5,0,0,9,119,2
1152,5,12,7.5,1.09087,0,128,71.4,20.8173,0,3,1.2,30.7617,8,111,2,9,117,3,5,0,0,5,0,0,5,0,0,10,122,3,7,122,1,12,128,1,5,0,0,9,114,2
1153,5,12,7.5,1.09087,0,123,70.9,20.7489,0,3,1.2,30.7617,8,118,2,9,113,3,5,0,0,5,0,0,5,0,0,10,121,3,7,115,1,12,123,1,5,0,0,9,119,2
1154,5,12,7.6,1.1225,0,124,70.5,20.7367,0,4,1.5,30.6683,9,124,4,9,119,3,5,0,0,5,0,0,5,0,0,10,116,3,7,117,1,12,112,1,5,0,0,9,117,3
1155,5,12,7.6,1.1225,0,123,70.8,20.758,0,4,1.5,30.6683,9,121,4,9,119,3,5,0,0,5,0,0,5,0,0,10,111,3,7,121,1,12,113,1,5,0,0,9,123,3
1156,5,12,7.6,1.1225,0,125,70.4,20.7185,0,5,1.6,30.6377,9,114,5,9,118,3,5,0,0,5,0,0,5,0,0,10,110,3,7,118,1,12,119,1,5,0,0,9,125,3
1157,5,12,7.6,1.1225,0,126,72.7,20.9166,0,4,1.5,30.6683,9,122,4,9,124,3,5,0,0,5,0,0,5,0,0,10,117,3,7,124,1,12,114,1,5,0,0,9,126,3
1158,5,12,7.6,1.1225,0,128,71.7,20.8538,0,4,1.5,30.6683,9,123,4,9,128,3,5,0,0,5,0,0,5,0,0,10,117,3,7,113,1,12,114,1,5,0,0,9,122,3
1159,5,12,7.7,1.14455,0,124,70,20.7,0,5,1.6,30.6377,9,117,5,9,121,3,5,0,0,5,0,0,5,0,0,10,111,3,8,115,1,12,112,1,5,0,0,9,124,3
1160,5,12,7.7,1.14455,0,125,70.6,20.7466,0,5,1.6,30.6377,9,121,5,9,116,3,5,0,0,5,0,0,5,0,0,10,108,3,8,118,1,12,118,1,5,0,0,9,125,3
1161,5,12,7.7,1.14455,0,132,71.6,20.8557,0,5,1.6,30.6377,9,116,5,9,121,3,5,0,0,5,0,0,5,0,0,10,107,3,8,119,1,12,121,1,5,0,0,9,132,3
1162,5,12,7.7,1.14455,0,127,70,20.6995,0,5,1.6,30.6377,9,116,5,9,111,3,5,0,0,5,0,0,5,0,0,10,111,3,8,120,1,12,115,1,5,0,0,9,127,3
1163,5,12,7.7,1.14455,0,123,70.7,20.7438,0,5,1.6,30.6377,9,119,5,9,116,3,5,0,0,5,0,0,5,0,0,10,111,3,8,123,1,12,115,1,5,0,0,9,123,3
1164,5,12,7.7,1.14455,0,119,69.3,20.6248,0,5,1.6,30.6377,9,113,5,9,113,3,5,0,0,5,0,0,5,0,0,10,115,3,8,119,1,12,117,1,5,0,0,9,116,3
1165,5,12,7.7,1.14455,0,126,70.2,20.7482,0,4,1.5,30.6683,9,105,4,9,114,3,5,0,0,5,0,0,5,0,0,10,126,3,8,121,1,12,123,1,5,0,0,9,113,3
1166,5,12,7.8,1.17473,0,123,69.9,20.6889,0,7,2,30.514,9,112,3,9,111,3,5,0,0,5,0,0,5,0,0,10,123,3,9,117,7,12,122,1,5,0,0,9,114,3
1167,5,12,7.8,1.17473,0,124,69.5,20.6857,0,7,2,30.514,9,106,3,9,114,3,5,0,0,5,0,0,5,0,0,10,122,3,9,109,7,12,124,1,5,0,0,9,120,3
1168,5,12,7.8,1.17473,0,126,70,20.7097,0,7,2,30.514,9,112,3,9,112,3,5,0,0,5,0,0,5,0,0,10,122,3,9,110,7,12,126,1,5,0,0,9,118,3
1169,5,12,7.8,1.17473,0,129,69.8,20.7137,0,7,2,30.514,9,111,3,9,116,3,5,0,0,5,0,0,5,0,0,10,129,3,9,110,7,12,113,1,5,0,0,9,119,3
1170,5,12,7.8,1.17473,0,127,68.7,20.6603,0,6,1.9,30.5442,9,109,3,9,120,3,5,0,0,5,0,0,5,0,0,10,127,3,9,108,6,12,110,1,5,0,0,9,113,3
1171,5,12,7.8,1.17473,0,127,68.2,20.6878,0,6,1.9,30.5442,9,110,3,9,124,3,5,0,0,5,0,0,5,0,0,10,127,3,9,102,6,12,111,1,5,0,0,9,108,3
1172,5,12,7.8,1.17473,0,129,69.5,20.7081,0,6,2,30.5131,9,114,4,9,118,3,5,0,0,5,0,0,5,0,0,10,129,3,9,109,6,12,114,1,5,0,0,9,111,3
1173,5,12,7.8,1.17473,0,123,70.8,20.7479,0,6,2,30.5131,9,116,4,9,120,3,5,0,0,5,0,0,5,0,0,10,123,3,9,117,6,12,118,1,5,0,0,9,114,3
1174,5,12,7.8,1.17473,0,126,71.1,20.7916,0,6,2,30.5131,9,115,4,9,119,3,5,0,0,5,0,0,5,0,0,10,115,3,9,126,6,12,124,1,5,0,0,9,112,3
1175,5,12,7.8,1.17473,0,129,73.3,21.0006,0,5,1.9,30.5435,9,117,4,9,129,3,5,0,0,5,0,0,5,0,0,10,113,3,9,128,5,12,127,1,5,0,0,9,119,3
1176,5,12,7.8,1.17473,0,127,72.9,20.9247,0,5,1.9,30.5435,9,118,4,9,123,3,5,0,0,5,0,0,5,0,0,10,119,3,9,124,5,12,127,1,5,0,0,9,118,3
1177,5,12,7.8,1.17473,0,126,71.9,20.8565,0,5,1.9,30.5435,9,126,4,9,122,3,5,0,0,5,0,0,5,0,0,10,118,3,9,113,5,12,123,1,5,0,0,9,117,3
1178,5,12,7.8,1.17473,0,123,71.2,20.7887,0,5,1.9,30.5435,9,123,4,9,122,3,5,0,0,5,0,0,5,0,0,10,116,3,9,113,5,12,121,1,5,0,0,9,117,3
1179,5,12,7.8,1.17473,0,126,72.5,20.893,0,5,1.9,30.5435,9,122,4,9,126,3,5,0,0,5,0,0,5,0,0,10,119,3,9,115,5,12,121,1,5,0,0,9,122,3
1180,5,12,7.8,1.17473,0,129,73,20.9642,0,5,1.9,30.5435,9,129,4,9,125,3,5,0,0,5,0,0,5,0,0,10,113,3,9,123,5,12,120,1,5,0,0,9,120,3
1181,5,12,7.8,1.17473,0,128,70.9,20.7965,0,5,1.9,30.5435,9,124,4,9,110,3,5,0,0,5,0,0,5,0,0,10,111,3,9,128,5,12,119,1,5,0,0,9,117,3
1182,5,12,7.8,1.17473,0,128,69.9,20.805,0,5,1.9,30.5435,9,128,4,9,108,3,5,0,0,5,0,0,5,0,0,10,105,3,9,125,5,12,125,1,5,0,0,9,108,3
1183,5,12,7.8,1.17473,0,125,68.8,20.6444,0,5,1.9,30.5435,9,125,4,9,111,3,5,0,0,5,0,0,5,0,0,10,109,3,9,111,5,12,119,1,5,0,0,9,113,3
1184,5,12,7.8,1.17473,0,127,68.8,20.6863,0,5,1.9,30.5435,9,127,4,9,112,3,5,0,0,5,0,0,5,0,0,10,106,3,9,113,5,12,122,1,5,0,0,9,108,3
1185,5,12,7.8,1.17473,0,129,71.2,20.8312,0,5,1.8,30.5749,9,129,4,9,119,3,5,0,0,5,0,0,5,0,0,10,112,3,9,109,5,12,122,1,5,0,0,9,121,2
1186,5,12,7.8,1.17473,0,127,71.4,20.8161,0,5,1.9,30.5435,9,127,4,9,114,3,5,0,0,5,0,0,5,0,0,10,121,3,9,112,5,12,119,1,5,0,0,9,121,3
1187,5,12,7.8,1.17473,0,126,73.2,20.9425,0,5,1.9,30.5435,9,120,4,9,119,3,5,0,0,5,0,0,5,0,0,10,124,3,9,118,5,12,125,1,5,0,0,9,126,3
1188,5,12,7.8,1.17473,0,133,75.7,21.2259,0,5,1.9,30.5435,9,116,4,9,122,3,5,0,0,5,0,0,5,0,0,10,130,3,9,130,5,12,126,1,5,0,0,9,133,3
1189,5,12,7.8,1.17473,0,140,75.3,21.2148,0,5,1.9,30.5435,9,115,4,9,119,3,5,0,0,5,0,0,5,0,0,10,129,3,9,123,5,12,127,1,5,0,0,9,140,3
1190,5,12,7.8,1.17473,0,133,75.2,21.2353,0,5,1.9,30.5435,9,107,4,9,131,3,5,0,0,5,0,0,5,0,0,10,129,3,9,122,5,12,133,1,5,0,0,9,130,3
1191,5,12,7.8,1.17473,0,133,74,21.0921,0,4,1.6,30.6366,9,110,3,9,133,3,5,0,0,5,0,0,5,0,0,10,120,3,9,119,4,12,126,1,5,0,0,9,132,2
1192,5,12,7.8,1.17473,0,132,73.9,21.0614,0,4,1.6,30.6366,9,111,3,9,132,3,5,0,0,5,0,0,5,0,0,10,120,3,9,121,4,12,126,1,5,0,0,9,129,2
1193,5,12,7.8,1.17473,0,130,74.6,21.1015,0,4,1.6,30.6366,9,118,3,9,128,3,5,0,0,5,0,0,5,0,0,10,123,3,9,128,4,12,119,1,5,0,0,9,130,2
1194,5,12,7.8,1.17473,0,131,74.4,21.0887,0,4,1.6,30.6366,9,114,3,9,125,3,5,0,0,5,0,0,5,0,0,10,131,3,9,127,4,12,124,1,5,0,0,9,123,2
1195,5,12,7.8,1.17473,0,128,73.2,20.9585,0,4,1.6,30.6366,9,113,3,9,122,3,5,0,0,5,0,0,5,0,0,10,125,3,9,125,4,12,119,1,5,0,0,9,128,2
1196,5,12,7.8,1.17473,0,125,70.8,20.766,0,4,1.6,30.6366,9,119,3,9,116,3,5,0,0,5,0,0,5,0,0,10,119,3,9,121,4,12,108,1,5,0,0,9,125,2
1197,5,12,7.8,1.17473,0,123,70.7,20.7511,0,4,1.5,30.6679,9,112,2,9,116,3,5,0,0,5,0,0,5,0,0,10,123,3,9,122,4,12,111,1,5,0,0,9,123,2
1198,5,12,7.8,1.17473,0,122,69.8,20.6873,0,4,1.5,30.6679,9,114,2,9,116,3,5,0,0,5,0,0,5,0,0,10,122,3,9,116,4,12,108,1,5,0,0,9,122,2
1199,5,12,7.8,1.17473,0,125,69.9,20.7057,0,4,1.5,30.6679,9,111,2,9,125,3,5,0,0,5,0,0,5,0,0,10,120,3,9,112,4,12,112,1,5,0,0,9,119,2
1200,5,12,7.8,1.17473,0,125,69.3,20.6908,0,4,1.5,30.6679,9,120,2,9,125,3,5,0,0,5,0,0,5,0,0,10,116,3,9,107,4,12,113,1,5,0,0,9,112,2
1201,5,12,7.8,1.17473,0,128,70.7,20.7672,0,4,1.5,30.6679,9,118,2,9,128,3,5,0,0,5,0,0,5,0,0,10,116,3,9,113,4,12,115,1,5,0,0,9,117,2
1202,5,12,7.8,1.17473,0,124,71,20.7598,0,4,1.5,30.6679,9,113,2,9,124,3,5,0,0,5,0,0,5,0,0,10,117,3,9,118,4,12,118,1,5,0,0,9,120,2
1203,5,12,7.8,1.17473,0,123,70.9,20.758,0,4,1.5,30.6679,9,116,2,9,123,3,5,0,0,5,0,0,5,0,0,10,121,3,9,113,4,12,119,1,5,0,0,9,117,2
1204,5,12,7.8,1.17473,0,134,71.2,20.8499,0,4,1.4,30.6992,9,112,2,9,134,3,5,0,0,5,0,0,5,0,0,10,111,2,9,118,4,12,116,1,5,0,0,9,121,2
1205,5,12,7.8,1.17473,0,138,71.3,20.9203,0,4,1.4,30.6992,9,108,2,9,138,3,5,0,0,5,0,0,5,0,0,10,108,2,9,122,4,12,118,1,5,0,0,9,119,2
1206,5,12,7.8,1.17473,0,124,69.4,20.6994,0,4,1.4,30.6992,9,113,2,9,124,3,5,0,0,5,0,0,5,0,0,10,105,2,9,124,4,12,112,1,5,0,0,9,116,2
1207,5,12,7.8,1.17473,0,123,69.6,20.7313,0,4,1.5,30.668,9,122,2,9,123,3,5,0,0,5,0,0,5,0,0,10,105,2,9,123,4,12,112,1,5,0,0,9,111,3
1208,5,12,7.8,1.17473,0,124,70.7,20.7832,0,4,1.5,30.668,9,122,2,9,122,3,5,0,0,5,0,0,5,0,0,10,108,2,9,124,4,12,119,1,5,0,0,9,112,3
1209,5,12,7.8,1.17473,0,132,72.8,20.975,0,4,1.5,30.668,9,132,2,9,127,3,5,0,0,5,0,0,5,0,0,10,115,2,9,120,4,12,118,1,5,0,0,9,116,3
1210,5,12,7.8,1.17473,0,129,71.9,20.8966,0,4,1.6,30.637,9,126,2,9,129,4,5,0,0,5,0,0,5,0,0,10,114,2,9,120,4,12,110,1,5,0,0,9,120,3
1211,5,12,7.8,1.17473,0,130,71.7,20.9133,0,4,1.6,30.637,9,130,2,9,128,4,5,0,0,5,0,0,5,0,0,10,110,2,9,119,4,12,109,1,5,0,0,9,121,3
1212,5,12,7.8,1.17473,0,130,73.1,21.0251,0,4,1.6,30.637,9,128,2,9,127,4,5,0,0,5,0,0,5,0,0,10,122,2,9,117,4,12,107,1,5,0,0,9,130,3
1213,5,12,7.8,1.17473,0,126,72.7,20.9264,0,4,1.7,30.6053,9,126,2,9,124,4,5,0,0,5,0,0,5,0,0,10,125,2,9,118,4,12,116,2,5,0,0,9,118,3
1214,5,12,7.8,1.17473,0,126,73.7,21.004,0,4,1.7,30.6053,9,126,2,9,123,4,5,0,0,5,0,0,5,0,0,10,125,2,9,124,4,12,120,2,5,0,0,9,119,3
1215,5,12,7.8,1.17473,0,131,73.7,21.0202,0,4,1.7,30.6053,9,124,2,9,119,4,5,0,0,5,0,0,5,0,0,10,126,2,9,120,4,12,131,2,5,0,0,9,117,3
1216,5,12,7.8,1.17473,0,126,73.6,20.9949,0,4,1.6,30.637,9,114,2,9,126,4,5,0,0,5,0,0,5,0,0,10,126,2,9,122,4,12,125,1,5,0,0,9,123,3
1217,5,12,7.8,1.17473,0,130,72.8,20.9508,0,4,1.6,30.637,9,113,2,9,119,4,5,0,0,5,0,0,5,0,0,10,114,2,9,130,4,12,130,1,5,0,0,9,122,3
1218,5,12,7.8,1.17473,0,121,70.7,20.7459,0,4,1.6,30.637,9,116,2,9,119,4,5,0,0,5,0,0,5,0,0,10,119,2,9,121,4,12,121,1,5,0,0,9,111,3
1219,5,12,7.8,1.17473,0,125,71.3,20.7985,0,4,1.6,30.637,9,120,2,9,114,4,5,0,0,5,0,0,5,0,0,10,116,2,9,125,4,12,124,1,5,0,0,9,114,3
1220,5,12,7.8,1.17473,0,125,71.1,20.7931,0,4,1.6,30.637,9,121,2,9,114,4,5,0,0,5,0,0,5,0,0,10,115,2,9,124,4,12,125,1,5,0,0,9,112,3
1221,5,12,7.8,1.17473,0,125,71.6,20.8356,0,4,1.6,30.637,9,122,2,9,117,4,5,0,0,5,0,0,5,0,0,10,115,2,9,125,4,12,125,1,5,0,0,9,112,3
1222,5,12,7.8,1.17473,0,124,69.3,20.6856,0,4,1.6,30.637,9,116,2,9,115,4,5,0,0,5,0,0,5,0,0,10,112,2,9,121,4,12,124,1,5,0,0,9,105,3
1223,5,12,7.8,1.17473,0,122,69.9,20.6915,0,4,1.6,30.637,9,116,2,9,119,4,5,0,0,5,0,0,5,0,0,10,109,2,9,122,4,12,119,1,5,0,0,9,114,3
1224,5,12,7.8,1.17473,0,120,69,20.6296,0,4,1.6,30.637,9,115,2,9,118,4,5,0,0,5,0,0,5,0,0,10,111,2,9,120,4,12,116,1,5,0,0,9,110,3
1225,5,12,7.8,1.17473,0,116,67.1,20.5427,0,4,1.6,30.637,9,115,2,9,114,4,5,0,0,5,0,0,5,0,0,10,101,2,9,116,4,12,115,1,5,0,0,9,110,3
1226,5,12,7.8,1.17473,0,119,67,20.5171,0,4,1.6,30.637,9,111,2,9,113,4,5,0,0,5,0,0,5,0,0,10,108,2,9,119,4,12,110,1,5,0,0,9,109,3
1227,5,12,7.8,1.17473,0,119,66.4,20.5148,0,4,1.6,30.637,9,112,2,9,112,4,5,0,0,5,0,0,5,0,0,10,106,2,9,119,4,12,112,1,5,0,0,9,103,3
1228,5,12,7.8,1.17473,0,128,69.8,20.7611,0,4,1.6,30.637,9,122,2,9,121,4,5,0,0,5,0,0,5,0,0,10,110,2,9,128,4,12,108,1,5,0,0,9,109,3
1229,5,12,7.8,1.17473,0,120,69.6,20.6753,0,4,1.6,30.637,9,120,2,9,119,4,5,0,0,5,0,0,5,0,0,10,116,2,9,117,4,12,108,1,5,0,0,9,116,3
1230,5,12,7.8,1.17473,0,124,70.8,20.7601,0,4,1.6,30.637,9,112,2,9,124,4,5,0,0,5,0,0,5,0,0,10,117,2,9,123,4,12,113,1,5,0,0,9,119,3
1231,5,12,7.8,1.17473,0,124,72.3,20.8616,0,4,1.6,30.637,9,120,2,9,122,4,5,0,0,5,0,0,5,0,0,10,118,2,9,124,4,12,119,1,5,0,0,9,120,3
1232,5,12,7.8,1.17473,0,128,74.3,21.0734,0,4,1.6,30.637,9,128,2,9,125,4,5,0,0,5,0,0,5,0,0,10,115,2,9,126,4,12,123,1,5,0,0,9,126,3
1233,5,12,7.8,1.17473,0,126,73,20.9375,0,4,1.6,30.637,9,123,2,9,126,4,5,0,0,5,0,0,5,0,0,10,117,2,9,124,4,12,120,1,5,0,0,9,120,3
1234,5,12,7.8,1.17473,0,126,73.6,20.9861,0,4,1.6,30.637,9,118,2,9,126,4,5,0,0,5,0,0,5,0,0,10,120,2,9,126,4,12,121,1,5,0,0,9,125,3
1235,5,12,7.8,1.17473,0,128,72.6,20.9113,0,4,1.6,30.637,9,115,2,9,125,4,5,0,0,5,0,0,5,0,0,10,128,2,9,119,4,12,121,1,5,0,0,9,118,3
1236,5,12,7.8,1.17473,0,126,70.5,20.7424,0,4,1.6,30.637,9,115,2,9,119,4,5,0,0,5,0,0,5,0,0,10,126,2,9,117,4,12,116,1,5,0,0,9,112,3
1237,5,12,7.8,1.17473,0,124,69.7,20.7087,0,4,1.6,30.637,9,120,2,9,117,4,5,0,0,5,0,0,5,0,0,10,124,2,9,117,4,12,111,1,5,0,0,9,108,3
1238,5,12,7.8,1.17473,0,118,69.2,20.6254,0,4,1.6,30.637,9,114,2,9,114,4,5,0,0,5,0,0,5,0,0,10,118,2,9,116,4,12,118,1,5,0,0,9,112,3
1239,5,12,7.8,1.17473,0,122,70.2,20.713,0,4,1.6,30.637,9,120,2,9,108,4,5,0,0,5,0,0,5,0,0,10,117,2,9,122,4,12,120,1,5,0,0,9,115,3
1240,5,12,7.8,1.17473,0,122,69.1,20.6589,0,4,1.6,30.637,9,119,2,9,105,4,5,0,0,5,0,0,5,0,0,10,110,2,9,122,4,12,121,1,5,0,0,9,114,3
1241,5,12,7.8,1.17473,0,123,70,20.6992,0,4,1.6,30.637,9,121,2,9,108,4,5,0,0,5,0,0,5,0,0,10,114,2,9,116,4,12,123,1,5,0,0,9,118,3
1242,5,12,7.8,1.17473,0,121,69.3,20.6469,0,4,1.6,30.637,9,118,2,9,111,4,5,0,0,5,0,0,5,0,0,10,116,2,9,108,4,12,119,1,5,0,0,9,121,3
1243,5,12,7.8,1.17473,0,126,68.8,20.632,0,4,1.5,30.6687,9,112,2,9,114,4,5,0,0,5,0,0,5,0,0,10,118,1,9,109,4,12,109,1,5,0,0,9,126,3
1244,5,12,7.8,1.17473,0,123,70.2,20.7107,0,4,1.5,30.6687,9,111,2,9,123,4,5,0,0,5,0,0,5,0,0,10,120,1,9,112,4,12,117,1,5,0,0,9,119,3
1245,5,12,7.8,1.17473,0,125,71.3,20.797,0,4,1.5,30.6687,9,118,2,9,125,4,5,0,0,5,0,0,5,0,0,10,114,1,9,114,4,12,123,1,5,0,0,9,119,3
1246,5,12,7.8,1.17473,0,127,72.1,20.8537,0,4,1.5,30.6687,9,119,2,9,122,4,5,0,0,5,0,0,5,0,0,10,116,1,9,117,4,12,127,1,5,0,0,9,120,3
1247,5,12,7.8,1.17473,0,128,73.1,20.9658,0,4,1.5,30.6687,9,123,2,9,121,4,5,0,0,5,0,0,5,0,0,10,122,1,9,128,4,12,124,1,5,0,0,9,113,3
1248,5,12,7.9,1.21244,0,125,71.8,20.8204,0,4,1.4,30.6996,9,119,2,9,115,3,5,0,0,5,0,0,5,0,0,10,121,1,10,120,4,12,125,1,5,0,0,9,118,3
1249,5,12,7.9,1.21244,0,126,72.4,20.8958,0,4,1.4,30.6996,9,120,2,9,120,3,5,0,0,5,0,0,5,0,0,10,126,1,10,120,4,12,125,1,5,0,0,9,113,3
1250,5,12,7.9,1.21244,0,130,71.3,20.8271,0,5,1.5,30.669,9,115,2,9,121,3,5,0,0,5,0,0,5,0,0,10,119,1,10,118,5,12,130,1,5,0,0,9,110,3
1251,5,12,7.9,1.21244,0,124,71.6,20.8068,0,5,1.5,30.669,9,116,2,9,117,3,5,0,0,5,0,0,5,0,0,10,120,1,10,124,5,12,123,1,5,0,0,9,116,3
1252,5,13,8,1.27279,0,130,71.3,20.826,0,4,1.5,30.668,9,116,2,9,114,3,5,0,0,5,0,0,5,0,0,10,122,1,10,130,4,13,120,2,5,0,0,9,111,3
1253,5,13,8,1.27279,0,123,71.1,20.7635,0,4,1.5,30.668,9,120,2,9,113,3,5,0,0,5,0,0,5,0,0,10,118,1,10,123,4,13,117,2,5,0,0,9,120,3
1254,5,13,8,1.27279,0,124,70.7,20.7333,0,5,1.6,30.6373,9,114,2,9,112,3,5,0,0,5,0,0,5,0,0,10,118,1,10,117,5,13,124,2,5,0,0,9,122,3
1255,5,13,8,1.27279,0,130,73.8,21.0163,0,5,1.6,30.6373,9,120,2,9,123,3,5,0,0,5,0,0,5,0,0,10,130,1,10,118,5,13,125,2,5,0,0,9,122,3
1256,5,13,8.1,1.31529,0,125,72.4,20.8863,0,14,2.5,30.3748,9,117,2,9,124,3,5,0,0,5,0,0,5,0,0,10,125,1,11,121,14,13,114,2,5,0,0,9,123,3
1257,5,13,8.1,1.31529,0,122,71.2,20.7785,0,13,2.4,30.4027,9,121,2,9,118,3,5,0,0,5,0,0,5,0,0,10,120,1,11,119,13,13,112,2,5,0,0,9,122,3
1258,5,13,8.1,1.31529,0,126,71.1,20.8214,0,12,2.3,30.431,9,126,2,9,117,3,5,0,0,5,0,0,5,0,0,10,126,1,11,118,12,13,109,2,5,0,0,9,115,3
1259,5,13,8.1,1.31529,0,124,71.1,20.7793,0,13,2.4,30.4027,9,120,2,9,117,3,5,0,0,5,0,0,5,0,0,10,124,1,11,119,13,13,111,2,5,0,0,9,120,3
1260,5,13,8.1,1.31529,0,126,72.1,20.8648,0,13,2.4,30.4027,9,122,2,9,116,3,5,0,0,5,0,0,5,0,0,10,125,1,11,119,13,13,113,2,5,0,0,9,126,3
1261,5,13,8.1,1.31529,0,125,72.7,20.9005,0,13,2.4,30.4027,9,115,2,9,118,3,5,0,0,5,0,0,5,0,0,10,125,1,11,125,13,13,122,2,5,0,0,9,122,3
1262,5,13,8.1,1.31529,0,127,72.9,20.9168,0,13,2.4,30.4027,9,120,2,9,118,3,5,0,0,5,0,0,5,0,0,10,121,1,11,125,13,13,118,2,5,0,0,9,127,3
1263,5,14,8.3,1.41067,0,126,71.4,20.7949,0,13,3.6,30.0368,10,114,4,9,120,3,5,0,0,5,0,0,5,0,0,10,118,1,11,122,12,14,114,13,5,0,0,9,126,3
1264,5,14,8.3,1.41067,0,130,71.6,20.8313,0,12,3.5,30.0654,10,111,4,9,114,3,5,0,0,5,0,0,5,0,0,10,120,1,11,130,12,14,120,12,5,0,0,9,121,3
1265,5,14,8.3,1.41067,0,129,69.5,20.693,0,12,3.5,30.0654,10,112,4,9,114,3,5,0,0,5,0,0,5,0,0,10,111,1,11,129,12,14,118,12,5,0,0,9,111,3
1266,5,14,8.3,1.41067,0,126,69.9,20.7348,0,12,3.5,30.0654,10,115,4,9,115,3,5,0,0,5,0,0,5,0,0,10,113,1,11,126,12,14,124,12,5,0,0,9,106,3
1267,5,14,8.3,1.41067,0,125,68.9,20.7035,0,12,3.4,30.0943,10,104,4,9,118,3,5,0,0,5,0,0,5,0,0,10,125,1,11,119,11,14,120,12,5,0,0,9,103,3
1268,5,14,8.3,1.41067,0,126,70.5,20.8113,0,12,3.5,30.063,10,106,5,9,124,3,5,0,0,5,0,0,5,0,0,10,125,1,11,117,11,14,126,12,5,0,0,9,107,3
1269,5,14,8.3,1.41067,0,135,71.2,20.8567,0,11,3.4,30.092,10,113,5,9,118,3,5,0,0,5,0,0,5,0,0,10,135,1,11,112,11,14,121,11,5,0,0,9,113,3
1270,5,14,8.3,1.41067,0,136,71.3,20.8801,0,12,3.3,30.1235,10,111,4,9,122,3,5,0,0,5,0,0,5,0,0,10,136,1,11,113,12,14,118,10,5,0,0,9,113,3
1271,5,14,8.3,1.41067,0,133,71.5,20.9005,0,11,3.2,30.1524,10,106,4,9,126,3,5,0,0,5,0,0,5,0,0,10,133,1,11,112,11,14,122,10,5,0,0,9,116,3
1272,5,14,8.3,1.41067,0,129,71.2,20.8336,0,11,3.2,30.1524,10,112,4,9,118,3,5,0,0,5,0,0,5,0,0,10,129,1,11,107,11,14,125,10,5,0,0,9,121,3
1273,5,14,8.3,1.41067,0,125,72.7,20.9254,0,11,3.2,30.1524,10,122,4,9,125,3,5,0,0,5,0,0,5,0,0,10,124,1,11,111,11,14,122,10,5,0,0,9,123,3
1274,5,14,8.3,1.41067,0,126,72.4,20.8864,0,11,3.2,30.1524,10,118,4,9,126,3,5,0,0,5,0,0,5,0,0,10,124,1,11,115,11,14,121,10,5,0,0,9,120,3
1275,5,14,8.3,1.41067,0,129,71.4,20.8318,0,11,3.1,30.1819,10,129,4,9,118,3,5,0,0,5,0,0,5,0,0,10,113,1,11,122,11,14,113,9,5,0,0,9,119,3
1276,5,14,8.3,1.41067,0,129,71.4,20.837,0,11,3.1,30.1819,10,122,4,9,129,3,5,0,0,5,0,0,5,0,0,10,112,1,11,119,11,14,113,9,5,0,0,9,119,3
1277,5,14,8.3,1.41067,0,122,70.7,20.7394,0,11,3.1,30.1819,10,114,4,9,122,3,5,0,0,5,0,0,5,0,0,10,112,1,11,121,11,14,117,9,5,0,0,9,121,3
1278,5,14,8.3,1.41067,0,120,68.8,20.6147,0,11,3.1,30.1819,10,115,4,9,118,3,5,0,0,5,0,0,5,0,0,10,110,1,11,120,11,14,111,9,5,0,0,9,114,3
1279,5,14,8.3,1.41067,0,123,69.1,20.6644,0,11,3.1,30.1819,10,120,4,9,110,3,5,0,0,5,0,0,5,0,0,10,113,1,11,123,11,14,118,9,5,0,0,9,107,3
1280,5,14,8.3,1.41067,0,121,68.9,20.6084,0,10,3,30.211,10,115,4,9,112,3,5,0,0,5,0,0,5,0,0,10,114,1,11,114,10,14,121,9,5,0,0,9,113,3
1281,5,14,8.3,1.41067,0,128,70.3,20.8058,0,10,3,30.211,10,123,4,9,120,3,5,0,0,5,0,0,5,0,0,10,114,1,11,128,10,14,115,9,5,0,0,9,103,3
1282,5,14,8.3,1.41067,0,125,70.5,20.7392,0,10,3,30.211,10,113,4,9,119,3,5,0,0,5,0,0,5,0,0,10,113,1,11,122,10,14,125,9,5,0,0,9,113,3
1283,5,14,8.3,1.41067,0,129,71.2,20.8156,0,10,3.1,30.1816,10,113,4,9,121,3,5,0,0,5,0,0,5,0,0,10,114,1,11,123,10,14,129,10,5,0,0,9,112,3
1284,5,14,8.3,1.41067,0,122,71,20.7661,0,10,3,30.211,10,119,4,9,120,3,5,0,0,5,0,0,5,0,0,10,111,1,11,122,10,14,121,9,5,0,0,9,117,3
1285,5,14,8.3,1.41067,0,123,69.2,20.6593,0,10,3,30.211,10,115,4,9,120,3,5,0,0,5,0,0,5,0,0,10,107,1,11,115,10,14,123,9,5,0,0,9,112,3
1286,5,14,8.3,1.41067,0,127,71,20.796,0,10,2.9,30.2408,10,122,4,9,127,3,5,0,0,5,0,0,5,0,0,10,114,1,11,117,10,14,117,8,5,0,0,9,113,3
1287,5,14,8.3,1.41067,0,126,70,20.6986,0,10,2.9,30.2408,10,117,4,9,116,3,5,0,0,5,0,0,5,0,0,10,111,1,11,114,10,14,126,8,5,0,0,9,116,3
1288,5,14,8.3,1.41067,0,121,69.5,20.6533,0,10,2.8,30.2709,10,117,4,9,110,3,5,0,0,5,0,0,5,0,0,10,111,1,11,121,10,14,119,7,5,0,0,9,117,3
1289,5,14,8.3,1.41067,0,122,70.4,20.7082,0,10,2.8,30.2709,10,120,4,9,112,3,5,0,0,5,0,0,5,0,0,10,116,1,11,117,10,14,117,7,5,0,0,9,122,3
1290,5,14,8.3,1.41067,0,130,70.9,20.7686,0,10,2.8,30.2709,10,110,4,9,115,3,5,0,0,5,0,0,5,0,0,10,119,1,11,117,10,14,118,7,5,0,0,9,130,3
1291,5,14,8.3,1.41067,0,130,72.1,20.8593,0,10,2.8,30.2709,10,116,4,9,113,3,5,0,0,5,0,0,5,0,0,10,121,1,11,118,10,14,123,7,5,0,0,9,130,3
1292,5,14,8.3,1.41067,0,133,73.4,20.9798,0,9,2.8,30.2702,10,123,4,9,118,3,5,0,0,5,0,0,5,0,0,10,120,1,11,121,9,14,119,8,5,0,0,9,133,3
1293,5,14,8.3,1.41067,0,123,71.8,20.8114,0,9,2.8,30.2702,10,120,4,9,116,3,5,0,0,5,0,0,5,0,0,10,119,1,11,119,9,14,121,8,5,0,0,9,123,3
1294,5,14,8.3,1.41067,0,129,72.2,20.8811,0,9,2.8,30.2702,10,129,4,9,117,3,5,0,0,5,0,0,5,0,0,10,116,1,11,121,9,14,116,8,5,0,0,9,123,3
1295,5,14,8.3,1.41067,0,136,71.8,20.9263,0,9,2.8,30.2702,10,136,4,9,121,3,5,0,0,5,0,0,5,0,0,10,116,1,11,119,9,14,113,8,5,0,0,9,113,3
1296,5,14,8.3,1.41067,0,134,71.9,20.9191,0,8,2.7,30.2999,10,134,4,9,120,3,5,0,0,5,0,0,5,0,0,10,115,1,11,123,8,14,115,8,5,0,0,9,112,3
1297,5,14,8.3,1.41067,0,130,72.5,20.9275,0,8,2.7,30.2999,10,130,4,9,119,3,5,0,0,5,0,0,5,0,0,10,120,1,11,124,8,14,119,8,5,0,0,9,113,3
1298,5,14,8.3,1.41067,0,132,74.8,21.1451,0,8,2.7,30.2999,10,132,4,9,125,3,5,0,0,5,0,0,5,0,0,10,119,1,11,130,8,14,122,8,5,0,0,9,120,3
1299,5,14,8.3,1.41067,0,134,73.8,21.061,0,8,2.7,30.2999,10,134,4,9,120,3,5,0,0,5,0,0,5,0,0,10,119,1,11,128,8,14,116,8,5,0,0,9,121,3
1300,5,14,8.4,1.44914,0,127,71.1,20.8054,0,8,2.8,30.2679,10,123,4,9,117,3,5,0,0,5,0,0,5,0,0,11,113,2,11,122,8,14,109,8,5,0,0,9,127,3
1301,5,14,8.4,1.44914,0,124,70.1,20.7009,0,8,2.8,30.2679,10,119,4,9,114,3,5,0,0,5,0,0,5,0,0,11,112,2,11,120,8,14,112,8,5,0,0,9,124,3
1302,5,14,8.4,1.44914,0,126,70.6,20.747,0,8,2.8,30.2679,10,117,4,9,109,3,5,0,0,5,0,0,5,0,0,11,115,2,11,124,8,14,115,8,5,0,0,9,126,3
1303,5,14,8.4,1.44914,0,128,71.1,20.7946,0,8,2.8,30.2679,10,128,4,9,111,3,5,0,0,5,0,0,5,0,0,11,116,2,11,120,8,14,117,8,5,0,0,9,119,3
1304,5,14,8.4,1.44914,0,125,69.5,20.6868,0,8,2.8,30.2679,10,125,4,9,109,3,5,0,0,5,0,0,5,0,0,11,109,2,11,115,8,14,121,8,5,0,0,9,116,3
1305,5,14,8.4,1.44914,0,123,70,20.7083,0,8,2.8,30.2679,10,123,4,9,116,3,5,0,0,5,0,0,5,0,0,11,107,2,11,115,8,14,119,8,5,0,0,9,120,3
1306,5,14,8.4,1.44914,0,122,69.4,20.6662,0,8,2.8,30.2679,10,116,4,9,117,3,5,0,0,5,0,0,5,0,0,11,105,2,11,118,8,14,122,8,5,0,0,9,116,3
1307,5,14,8.4,1.44914,0,123,70.6,20.7398,0,8,2.8,30.2679,10,123,4,9,118,3,5,0,0,5,0,0,5,0,0,11,110,2,11,118,8,14,117,8,5,0,0,9,120,3
1308,5,14,8.4,1.44914,0,129,70.9,20.8065,0,8,2.7,30.2995,10,111,4,9,118,3,5,0,0,5,0,0,5,0,0,11,108,2,11,115,8,14,129,8,5,0,0,9,128,2
1309,5,14,8.4,1.44914,0,126,70.2,20.7439,0,8,2.7,30.2995,10,115,4,9,123,3,5,0,0,5,0,0,5,0,0,11,109,2,11,109,8,14,126,8,5,0,0,9,120,2
1310,5,14,8.4,1.44914,0,127,72,20.89,0,9,2.8,30.2698,10,126,4,9,127,3,5,0,0,5,0,0,5,0,0,11,116,2,11,110,9,14,122,8,5,0,0,9,119,2
1311,5,15,8.5,1.51327,0,130,71.5,20.837,0,9,2.9,30.2401,10,115,4,9,120,3,5,0,0,5,0,0,5,0,0,11,118,2,11,109,9,15,130,9,5,0,0,9,123,2
1312,5,15,8.5,1.51327,0,131,72.2,20.9072,0,9,2.8,30.2698,10,121,4,9,119,3,5,0,0,5,0,0,5,0,0,11,131,2,11,109,9,15,119,8,5,0,0,9,123,2
1313,5,15,8.5,1.51327,0,130,71.4,20.8187,0,9,2.9,30.2401,10,115,4,9,112,3,5,0,0,5,0,0,5,0,0,11,130,2,11,115,9,15,120,9,5,0,0,9,122,2
1314,5,15,8.5,1.51327,0,133,70,20.7709,0,9,2.8,30.2698,10,116,4,9,115,3,5,0,0,5,0,0,5,0,0,11,133,2,11,106,9,15,113,8,5,0,0,9,117,2
1315,5,15,8.5,1.51327,0,124,70.7,20.7592,0,9,2.8,30.2698,10,119,4,9,116,3,5,0,0,5,0,0,5,0,0,11,124,2,11,110,9,15,123,8,5,0,0,9,115,2
1316,5,15,8.5,1.51327,0,123,70.3,20.7219,0,9,2.8,30.2698,10,116,4,9,115,3,5,0,0,5,0,0,5,0,0,11,123,2,11,110,9,15,123,8,5,0,0,9,116,2
1317,5,15,8.5,1.51327,0,122,68.8,20.6222,0,9,2.7,30.2999,10,109,4,9,114,3,5,0,0,5,0,0,5,0,0,11,122,2,11,108,9,15,119,7,5,0,0,9,116,2
1318,5,15,8.5,1.51327,0,125,69.2,20.656,0,9,2.7,30.2999,10,114,4,9,105,3,5,0,0,5,0,0,5,0,0,11,117,2,11,111,9,15,120,7,5,0,0,9,125,2
1319,5,15,8.5,1.51327,0,131,70.3,20.763,0,9,2.7,30.3019,10,109,4,9,109,3,5,0,0,5,0,0,5,0,0,11,118,1,11,112,9,15,131,8,5,0,0,9,124,2
1320,5,15,8.5,1.51327,0,124,70,20.6931,0,9,2.7,30.3019,10,112,4,9,111,3,5,0,0,5,0,0,5,0,0,11,119,1,11,112,9,15,122,8,5,0,0,9,124,2
1321,5,15,8.5,1.51327,0,124,70.7,20.7369,0,9,2.7,30.3019,10,115,4,9,113,3,5,0,0,5,0,0,5,0,0,11,120,1,11,113,9,15,122,8,5,0,0,9,124,2
1322,5,15,8.6,1.54919,0,118,70,20.6738,0,9,2.9,30.2401,11,116,6,9,118,3,5,0,0,5,0,0,5,0,0,11,117,1,11,114,9,15,117,8,5,0,0,9,118,2
1323,5,15,8.6,1.54919,0,126,71,20.7687,0,9,2.8,30.2702,11,111,6,9,119,3,5,0,0,5,0,0,5,0,0,11,126,1,11,117,9,15,118,7,5,0,0,9,119,2
1324,5,15,8.6,1.54919,0,127,70.6,20.7459,0,9,2.8,30.2702,11,113,6,9,118,3,5,0,0,5,0,0,5,0,0,11,127,1,11,113,9,15,118,7,5,0,0,9,117,2
1325,5,15,8.6,1.54919,0,125,71.3,20.7912,0,8,2.7,30.2999,11,118,6,9,116,3,5,0,0,5,0,0,5,0,0,11,125,1,11,112,8,15,119,7,5,0,0,9,123,2
1326,5,15,8.6,1.54919,0,125,71.4,20.8075,0,8,2.7,30.2999,11,120,6,9,119,3,5,0,0,5,0,0,5,0,0,11,120,1,11,109,8,15,121,7,5,0,0,9,125,2
1327,5,15,8.6,1.54919,0,126,71.8,20.8627,0,8,2.7,30.2999,11,121,6,9,123,3,5,0,0,5,0,0,5,0,0,11,126,1,11,108,8,15,119,7,5,0,0,9,121,2
1328,5,15,8.6,1.54919,0,126,71.4,20.8136,0,8,2.7,30.2999,11,126,6,9,116,3,5,0,0,5,0,0,5,0,0,11,120,1,11,112,8,15,116,7,5,0,0,9,124,2
1329,5,15,8.6,1.54919,0,122,70.2,20.6919,0,8,2.7,30.2999,11,116,6,9,113,3,5,0,0,5,0,0,5,0,0,11,117,1,11,120,8,15,114,7,5,0,0,9,122,2
1330,5,15,8.6,1.54919,0,124,71,20.7619,0,8,2.7,30.2999,11,124,6,9,114,3,5,0,0,5,0,0,5,0,0,11,118,1,11,119,8,15,117,7,5,0,0,9,118,2
1331,5,15,8.6,1.54919,0,124,71.8,20.8245,0,8,2.7,30.2999,11,117,6,9,118,3,5,0,0,5,0,0,5,0,0,11,123,1,11,124,8,15,120,7,5,0,0,9,116,2
1332,5,15,8.6,1.54919,0,121,71,20.7526,0,8,2.7,30.2999,11,119,6,9,116,3,5,0,0,5,0,0,5,0,0,11,121,1,11,120,8,15,115,7,5,0,0,9,119,2
1333,5,15,8.6,1.54919,0,126,72.6,20.8956,0,8,2.7,30.2999,11,124,6,9,116,3,5,0,0,5,0,0,5,0,0,11,118,1,11,126,8,15,120,7,5,0,0,9,122,2
1334,5,15,8.6,1.54919,0,127,71,20.7833,0,7,2.7,30.2995,11,119,7,9,116,3,5,0,0,5,0,0,5,0,0,11,109,1,11,127,7,15,117,7,5,0,0,9,122,2
1335,5,15,8.6,1.54919,0,121,70.1,20.6994,0,7,2.7,30.2995,11,119,7,9,111,3,5,0,0,5,0,0,5,0,0,11,110,1,11,121,7,15,119,7,5,0,0,9,121,2
1336,5,15,8.6,1.54919,0,122,69.3,20.6368,0,7,2.7,30.2995,11,111,7,9,110,3,5,0,0,5,0,0,5,0,0,11,113,1,11,118,7,15,122,7,5,0,0,9,119,2
1337,5,15,8.6,1.54919,0,123,69,20.6301,0,7,2.7,30.2995,11,115,7,9,109,3,5,0,0,5,0,0,5,0,0,11,115,1,11,109,7,15,123,7,5,0,0,9,119,2
1338,5,15,8.6,1.54919,0,117,68.6,20.5916,0,7,2.6,30.3299,11,116,7,9,115,3,5,0,0,5,0,0,5,0,0,11,115,1,11,114,7,15,109,6,5,0,0,9,117,2
1339,5,15,8.6,1.54919,0,126,70.6,20.7854,0,7,2.6,30.3299,11,125,7,9,117,3,5,0,0,5,0,0,5,0,0,11,126,1,11,116,7,15,111,6,5,0,0,9,111,2
1340,5,15,8.6,1.54919,0,128,70.7,20.7719,0,7,2.6,30.3299,11,128,7,9,111,3,5,0,0,5,0,0,5,0,0,11,117,1,11,113,7,15,121,6,5,0,0,9,117,2
1341,5,15,8.6,1.54919,0,127,71.1,20.801,0,7,2.5,30.3605,11,127,7,9,115,3,5,0,0,5,0,0,5,0,0,11,122,1,11,112,7,15,120,5,5,0,0,9,115,2
1342,5,15,8.6,1.54919,0,123,71.3,20.7982,0,7,2.4,30.3908,11,122,6,9,120,3,5,0,0,5,0,0,5,0,0,11,123,1,11,113,7,15,120,5,5,0,0,9,115,2
1343,5,15,8.6,1.54919,0,129,71.2,20.8227,0,7,2.4,30.3908,11,116,6,9,129,3,5,0,0,5,0,0,5,0,0,11,119,1,11,108,7,15,119,5,5,0,0,9,121,2
1344,5,15,8.6,1.54919,0,129,69.6,20.7615,0,7,2.4,30.3908,11,116,6,9,129,3,5,0,0,5,0,0,5,0,0,11,118,1,11,101,7,15,111,5,5,0,0,9,121,2
1345,5,15,8.6,1.54919,0,124,68.6,20.6533,0,7,2.4,30.3908,11,117,6,9,124,3,5,0,0,5,0,0,5,0,0,11,114,1,11,102,7,15,113,5,5,0,0,9,116,2
1346,5,15,8.6,1.54919,0,122,69.4,20.6677,0,7,2.4,30.3908,11,117,6,9,122,3,5,0,0,5,0,0,5,0,0,11,115,1,11,107,7,15,118,5,5,0,0,9,115,2
1347,5,15,8.6,1.54919,0,126,70.7,20.7499,0,7,2.4,30.3908,11,114,6,9,126,3,5,0,0,5,0,0,5,0,0,11,117,1,11,118,7,15,115,5,5,0,0,9,117,2
1348,5,15,8.6,1.54919,0,122,70.5,20.7204,0,7,2.4,30.3908,11,115,6,9,122,3,5,0,0,5,0,0,5,0,0,11,119,1,11,115,7,15,118,5,5,0,0,9,116,2
1349,5,15,8.6,1.54919,0,126,71.3,20.8028,0,7,2.5,30.3593,11,116,6,9,120,3,5,0,0,5,0,0,5,0,0,11,126,1,11,119,7,15,120,5,5,0,0,9,112,3
1350,5,15,8.6,1.54919,0,127,71.3,20.8099,0,7,2.6,30.3273,11,109,6,9,119,3,5,0,0,5,0,0,5,0,0,11,123,2,11,120,7,15,127,5,5,0,0,9,115,3
1351,5,15,8.6,1.54919,0,124,70.4,20.7402,0,6,2.5,30.3576,11,109,6,9,117,3,5,0,0,5,0,0,5,0,0,11,118,2,11,124,6,15,124,5,5,0,0,9,112,3
1352,5,15,8.6,1.54919,0,122,69,20.645,0,6,2.4,30.3883,11,116,5,9,115,3,5,0,0,5,0,0,5,0,0,11,116,2,11,115,6,15,122,5,5,0,0,9,106,3
1353,5,15,8.6,1.54919,0,122,70.2,20.7461,0,6,2.3,30.4202,11,120,5,9,122,3,5,0,0,5,0,0,5,0,0,11,115,1,11,121,6,15,118,5,5,0,0,9,106,3
1354,5,15,8.6,1.54919,0,128,70.7,20.8005,0,6,2.3,30.4202,11,120,5,9,128,3,5,0,0,5,0,0,5,0,0,11,111,1,11,117,6,15,122,5,5,0,0,9,109,3
1355,5,15,8.6,1.54919,0,124,70,20.7247,0,6,2.4,30.3896,11,118,5,9,124,3,5,0,0,5,0,0,5,0,0,11,105,1,11,114,6,15,119,6,5,0,0,9,120,3
1356,5,15,8.6,1.54919,0,127,69.8,20.7306,0,6,2.3,30.4202,11,113,5,9,127,3,5,0,0,5,0,0,5,0,0,11,104,1,11,118,6,15,120,5,5,0,0,9,116,3
1357,5,15,8.6,1.54919,0,131,71.4,20.835,0,6,2.3,30.4202,11,115,5,9,131,3,5,0,0,5,0,0,5,0,0,11,117,1,11,112,6,15,119,5,5,0,0,9,120,3
1358,5,15,8.6,1.54919,0,125,73.1,20.935,0,6,2.3,30.4202,11,119,5,9,123,3,5,0,0,5,0,0,5,0,0,11,125,1,11,118,6,15,121,5,5,0,0,9,125,3
1359,5,15,8.6,1.54919,0,127,72.6,20.9162,0,6,2,30.5142,11,114,4,9,124,3,5,0,0,5,0,0,5,0,0,11,120,1,11,127,6,15,114,5,5,0,0,9,127,1
1360,5,15,8.6,1.54919,0,125,72.6,20.8948,0,6,2.1,30.4825,11,117,4,9,119,3,5,0,0,5,0,0,5,0,0,11,124,1,11,125,6,15,116,5,5,0,0,9,125,2
1361,5,15,8.6,1.54919,0,127,72.8,20.9325,0,6,2.1,30.4825,11,123,4,9,112,3,5,0,0,5,0,0,5,0,0,11,127,1,11,126,6,15,118,5,5,0,0,9,122,2
1362,5,15,8.6,1.54919,0,126,72.3,20.869,0,6,2.1,30.4825,11,120,4,9,119,3,5,0,0,5,0,0,5,0,0,11,126,1,11,121,6,15,120,5,5,0,0,9,117,2
1363,5,15,8.6,1.54919,0,137,74.3,21.123,0,6,2.1,30.4825,11,117,4,9,118,3,5,0,0,5,0,0,5,0,0,11,137,1,11,131,6,15,118,5,5,0,0,9,122,2
1364,5,15,8.6,1.54919,0,134,74.8,21.1412,0,6,2,30.5142,11,118,4,9,128,3,5,0,0,5,0,0,5,0,0,11,134,1,11,125,6,15,122,5,5,0,0,9,121,1
1365,5,15,8.6,1.54919,0,129,75.2,21.1574,0,6,2,30.5133,11,124,4,9,128,3,5,0,0,5,0,0,5,0,0,11,129,1,11,123,6,15,126,4,5,0,0,9,122,2
1366,5,15,8.6,1.54919,0,128,74.8,21.1396,0,6,2.1,30.4825,11,126,5,9,127,3,5,0,0,5,0,0,5,0,0,11,126,1,11,128,6,15,126,4,5,0,0,9,115,2
1367,5,15,8.6,1.54919,0,128,72.3,20.9155,0,6,2.1,30.4825,11,126,5,9,120,3,5,0,0,5,0,0,5,0,0,11,114,1,11,128,6,15,123,4,5,0,0,9,112,2
1368,5,15,8.6,1.54919,0,128,71.6,20.8654,0,6,2.1,30.4825,11,125,5,9,123,3,5,0,0,5,0,0,5,0,0,11,112,1,11,128,6,15,115,4,5,0,0,9,113,2
1369,5,15,8.6,1.54919,0,121,70.3,20.7158,0,6,2.1,30.4825,11,121,5,9,119,3,5,0,0,5,0,0,5,0,0,11,114,1,11,119,6,15,111,4,5,0,0,9,119,2
1370,5,15,8.6,1.54919,0,122,71.1,20.7588,0,6,2,30.5142,11,120,5,9,114,3,5,0,0,5,0,0,5,0,0,11,120,1,11,118,6,15,117,4,5,0,0,9,122,1
1371,5,15,8.6,1.54919,0,126,70.8,20.7955,0,6,2,30.5142,11,120,5,9,120,3,5,0,0,5,0,0,5,0,0,11,126,1,11,106,6,15,121,4,5,0,0,9,115,1
1372,5,15,8.6,1.54919,0,129,71.3,20.8413,0,6,2,30.5142,11,117,5,9,121,3,5,0,0,5,0,0,5,0,0,11,129,1,11,107,6,15,123,4,5,0,0,9,116,1
1373,5,15,8.6,1.54919,0,127,71.1,20.8149,0,7,2.2,30.4535,11,110,7,9,124,3,5,0,0,5,0,0,5,0,0,11,127,1,11,112,6,15,123,4,5,0,0,9,115,1
1374,5,15,8.6,1.54919,0,129,72,20.855,0,7,2.2,30.4535,11,116,7,9,120,3,5,0,0,5,0,0,5,0,0,11,129,1,11,116,6,15,118,4,5,0,0,9,121,1
1375,5,15,8.6,1.54919,0,129,71,20.7984,0,7,2.2,30.4535,11,117,7,9,121,3,5,0,0,5,0,0,5,0,0,11,129,1,11,112,6,15,113,4,5,0,0,9,118,1
1376,5,15,8.6,1.54919,0,135,73.5,21.0439,0,7,2.2,30.4535,11,117,7,9,127,3,5,0,0,5,0,0,5,0,0,11,135,1,11,122,6,15,113,4,5,0,0,9,121,1
1377,5,15,8.6,1.54919,0,129,71.6,20.8442,0,7,2.2,30.4535,11,114,7,9,121,3,5,0,0,5,0,0,5,0,0,11,129,1,11,110,6,15,119,4,5,0,0,9,123,1
1378,5,15,8.6,1.54919,0,127,71.6,20.8334,0,7,2.2,30.4535,11,115,7,9,123,3,5,0,0,5,0,0,5,0,0,11,127,1,11,115,6,15,113,4,5,0,0,9,123,1
1379,5,15,8.6,1.54919,0,124,70.8,20.7562,0,7,2.2,30.4535,11,112,7,9,124,3,5,0,0,5,0,0,5,0,0,11,121,1,11,113,6,15,117,4,5,0,0,9,121,1
1380,5,15,8.6,1.54919,0,120,69.9,20.6762,0,6,2.1,30.4837,11,119,6,9,115,3,5,0,0,5,0,0,5,0,0,11,112,1,11,113,6,15,120,4,5,0,0,9,120,1
1381,5,15,8.6,1.54919,0,118,69.1,20.6156,0,6,2.1,30.4837,11,116,6,9,112,3,5,0,0,5,0,0,5,0,0,11,114,1,11,118,6,15,117,4,5,0,0,9,114,1
1382,5,15,8.6,1.54919,0,122,70.3,20.7145,0,6,2.1,30.4837,11,122,6,9,117,3,5,0,0,5,0,0,5,0,0,11,110,1,11,119,6,15,117,4,5,0,0,9,118,1
1383,5,15,8.6,1.54919,0,124,70.9,20.7494,0,7,2.2,30.4535,11,115,7,9,115,3,5,0,0,5,0,0,5,0,0,11,114,1,11,124,6,15,118,4,5,0,0,9,123,1
1384,5,15,8.6,1.54919,0,123,71.1,20.7805,0,6,2.1,30.4837,11,119,6,9,123,3,5,0,0,5,0,0,5,0,0,11,113,1,11,122,6,15,113,4,5,0,0,9,121,1
1385,5,15,8.6,1.54919,0,121,70,20.7158,0,6,2.1,30.4837,11,119,6,9,117,3,5,0,0,5,0,0,5,0,0,11,119,1,11,119,6,15,105,4,5,0,0,9,121,1
1386,5,15,8.6,1.54919,0,122,70.3,20.7185,0,6,2.2,30.452,11,119,6,9,116,3,5,0,0,5,0,0,5,0,0,11,122,1,11,120,6,15,111,4,5,0,0,9,115,2
1387,5,15,8.6,1.54919,0,124,69.9,20.7046,0,6,2.2,30.452,11,114,6,9,115,3,5,0,0,5,0,0,5,0,0,11,124,1,11,122,6,15,114,4,5,0,0,9,110,2
1388,5,15,8.6,1.54919,0,124,70.4,20.7136,0,6,2.1,30.4837,11,116,6,9,115,3,5,0,0,5,0,0,5,0,0,11,117,1,11,118,6,15,124,4,5,0,0,9,114,1
1389,5,15,8.6,1.54919,0,117,68.1,20.5569,0,6,2.1,30.4837,11,115,6,9,108,3,5,0,0,5,0,0,5,0,0,11,115,1,11,113,6,15,113,4,5,0,0,9,117,1
1390,5,15,8.6,1.54919,0,118,67.9,20.5512,0,6,2.1,30.4837,11,118,6,9,110,3,5,0,0,5,0,0,5,0,0,11,111,1,11,112,6,15,114,4,5,0,0,9,114,1
1391,5,15,8.6,1.54919,0,119,68.2,20.5639,0,6,2.1,30.4837,11,114,6,9,110,3,5,0,0,5,0,0,5,0,0,11,112,1,11,111,6,15,119,4,5,0,0,9,116,1
1392,5,15,8.6,1.54919,0,122,70.5,20.719,0,6,2.1,30.4837,11,119,6,9,111,3,5,0,0,5,0,0,5,0,0,11,118,1,11,120,6,15,115,4,5,0,0,9,122,1
1393,5,15,8.6,1.54919,0,121,69.6,20.6842,0,6,2.1,30.4837,11,120,6,9,109,3,5,0,0,5,0,0,5,0,0,11,119,1,11,107,6,15,120,4,5,0,0,9,121,1
1394,5,15,8.6,1.54919,0,124,69.6,20.7036,0,6,2.1,30.4837,11,118,6,9,102,3,5,0,0,5,0,0,5,0,0,11,121,1,11,113,6,15,124,4,5,0,0,9,118,1
1395,5,15,8.6,1.54919,0,122,68.7,20.6353,0,6,2.1,30.4837,11,117,6,9,106,3,5,0,0,5,0,0,5,0,0,11,121,1,11,109,6,15,122,4,5,0,0,9,112,1
1396,5,15,8.6,1.54919,0,124,69.5,20.6692,0,6,2.1,30.4837,11,115,6,9,115,3,5,0,0,5,0,0,5,0,0,11,114,1,11,107,6,15,124,4,5,0,0,9,120,1
1397,5,15,8.6,1.54919,0,127,71.1,20.7877,0,6,2.1,30.4837,11,109,6,9,120,3,5,0,0,5,0,0,5,0,0,11,120,1,11,119,6,15,127,4,5,0,0,9,116,1
1398,5,15,8.7,1.5906,0,132,72.9,20.9812,0,7,2.2,30.4535,12,110,7,9,132,3,5,0,0,5,0,0,5,0,0,11,119,1,11,117,6,15,129,4,5,0,0,9,122,1
1399,5,16,8.8,1.65529,0,134,72.1,20.9106,0,7,2.3,30.4227,12,111,7,9,134,3,5,0,0,5,0,0,5,0,0,11,116,1,11,117,6,16,121,5,5,0,0,9,122,1
1400,5,16,8.8,1.65529,0,136,73.6,21.0389,0,7,2.3,30.4227,12,118,7,9,136,3,5,0,0,5,0,0,5,0,0,11,121,1,11,119,6,16,122,5,5,0,0,9,120,1
1401,5,16,8.8,1.65529,0,126,72.4,20.9199,0,7,2.3,30.4227,12,123,7,9,126,3,5,0,0,5,0,0,5,0,0,11,124,1,11,122,6,16,109,5,5,0,0,9,120,1
1402,5,16,8.8,1.65529,0,127,72.3,20.9469,0,7,2.3,30.4227,12,125,7,9,127,3,5,0,0,5,0,0,5,0,0,11,122,1,11,118,6,16,105,5,5,0,0,9,126,1
1403,5,16,8.8,1.65529,0,126,71.6,20.8472,0,6,2.3,30.4211,12,123,6,9,123,3,5,0,0,5,0,0,5,0,0,11,121,1,11,113,6,16,110,5,5,0,0,9,126,2
1404,5,16,8.8,1.65529,0,126,70.9,20.7681,0,6,2.3,30.4211,12,126,6,9,114,3,5,0,0,5,0,0,5,0,0,11,116,1,11,117,6,16,114,5,5,0,0,9,122,2
1405,5,16,8.8,1.65529,0,126,71.4,20.8121,0,6,2.2,30.4529,12,124,6,9,114,3,5,0,0,5,0,0,5,0,0,11,120,1,11,111,6,16,119,5,5,0,0,9,126,1
1406,5,16,8.8,1.65529,0,125,70.5,20.7526,0,6,2.2,30.4529,12,122,6,9,114,3,5,0,0,5,0,0,5,0,0,11,125,1,11,110,6,16,113,5,5,0,0,9,121,1
1407,5,16,8.8,1.65529,0,124,70.6,20.7253,0,6,2.2,30.4529,12,111,6,9,114,3,5,0,0,5,0,0,5,0,0,11,117,1,11,121,6,16,119,5,5,0,0,9,124,1
1408,5,16,8.8,1.65529,0,122,68.1,20.5636,0,6,2.2,30.4529,12,107,6,9,111,3,5,0,0,5,0,0,5,0,0,11,113,1,11,113,6,16,115,5,5,0,0,9,122,1
1409,5,16,8.8,1.65529,0,126,69.3,20.6698,0,6,2.2,30.4529,12,112,6,9,112,3,5,0,0,5,0,0,5,0,0,11,107,1,11,126,6,16,114,5,5,0,0,9,122,1
1410,5,16,8.8,1.65529,0,123,69,20.6579,0,6,2.2,30.4529,12,123,6,9,115,3,5,0,0,5,0,0,5,0,0,11,104,1,11,118,6,16,113,5,5,0,0,9,117,1
1411,5,16,8.8,1.65529,0,134,71,20.8502,0,6,2.2,30.4529,12,134,6,9,119,3,5,0,0,5,0,0,5,0,0,11,110,1,11,118,6,16,112,5,5,0,0,9,117,1
1412,5,16,8.8,1.65529,0,136,71.9,20.922,0,6,2.1,30.4837,12,136,6,9,115,3,5,0,0,5,0,0,5,0,0,11,112,1,11,118,6,16,122,4,5,0,0,9,116,1
1413,5,16,8.8,1.65529,0,130,72.4,20.921,0,6,2.1,30.4837,12,130,6,9,111,3,5,0,0,5,0,0,5,0,0,11,114,1,11,125,6,16,120,4,5,0,0,9,124,1
1414,5,16,8.8,1.65529,0,127,72.3,20.8723,0,6,2.2,30.452,12,118,6,9,113,3,5,0,0,5,0,0,5,0,0,11,118,1,11,126,6,16,121,4,5,0,0,9,127,2
1415,5,16,8.8,1.65529,0,127,70.8,20.7915,0,6,2.1,30.4825,12,124,6,9,113,3,5,0,0,5,0,0,5,0,0,11,109,1,11,123,5,16,112,4,5,0,0,9,127,2
1416,5,16,8.8,1.65529,0,125,69.8,20.6869,0,6,2.1,30.4825,12,114,6,9,115,3,5,0,0,5,0,0,5,0,0,11,117,1,11,119,5,16,108,4,5,0,0,9,125,2
1417,5,16,8.8,1.65529,0,122,70,20.7105,0,6,2.1,30.4825,12,119,6,9,114,3,5,0,0,5,0,0,5,0,0,11,122,1,11,116,5,16,107,4,5,0,0,9,122,2
1418,5,16,8.8,1.65529,0,133,71.2,20.9102,0,6,2.1,30.4825,12,133,6,9,109,3,5,0,0,5,0,0,5,0,0,11,130,1,11,115,5,16,108,4,5,0,0,9,117,2
1419,5,16,8.8,1.65529,0,130,71.4,20.9414,0,6,2.1,30.4825,12,130,6,9,115,3,5,0,0,5,0,0,5,0,0,11,130,1,11,114,5,16,101,4,5,0,0,9,124,2
1420,5,16,8.8,1.65529,0,134,71.9,20.9833,0,6,2.2,30.4516,12,128,6,9,120,3,5,0,0,5,0,0,5,0,0,11,134,1,11,112,5,16,103,5,5,0,0,9,122,2
1421,5,16,8.8,1.65529,0,127,70.6,20.7935,0,6,2.2,30.4516,12,127,6,9,112,3,5,0,0,5,0,0,5,0,0,11,120,1,11,114,5,16,107,5,5,0,0,9,126,2
1422,5,16,8.8,1.65529,0,125,67,20.5814,0,6,2.2,30.4516,12,125,6,9,106,3,5,0,0,5,0,0,5,0,0,11,116,1,11,110,5,16,105,5,5,0,0,9,108,2
1423,5,16,8.8,1.65529,0,127,68.2,20.6431,0,6,2.1,30.4825,12,127,6,9,105,3,5,0,0,5,0,0,5,0,0,11,113,1,11,118,5,16,108,4,5,0,0,9,111,2
1424,5,16,8.8,1.65529,0,125,69.3,20.6911,0,6,2.1,30.4825,12,125,6,9,112,3,5,0,0,5,0,0,5,0,0,11,115,1,11,122,5,16,108,4,5,0,0,9,111,2
1425,5,16,8.8,1.65529,0,123,70.3,20.7283,0,6,2.1,30.4825,12,122,6,9,109,3,5,0,0,5,0,0,5,0,0,11,118,1,11,123,5,16,112,4,5,0,0,9,119,2
1426,5,16,8.8,1.65529,0,123,69.7,20.695,0,6,2.1,30.4825,12,123,6,9,107,3,5,0,0,5,0,0,5,0,0,11,119,1,11,120,5,16,111,4,5,0,0,9,117,2
1427,5,16,8.8,1.65529,0,124,70.3,20.731,0,6,2,30.5133,12,120,6,9,118,3,5,0,0,5,0,0,5,0,0,11,117,1,11,124,4,16,113,4,5,0,0,9,111,2
1428,5,16,8.8,1.65529,0,123,71,20.7862,0,6,2,30.5133,12,114,6,9,123,3,5,0,0,5,0,0,5,0,0,11,122,1,11,123,4,16,117,4,5,0,0,9,111,2
1429,5,16,8.8,1.65529,0,123,70.4,20.7627,0,6,2,30.5133,12,116,6,9,122,3,5,0,0,5,0,0,5,0,0,11,123,1,11,123,4,16,111,4,5,0,0,9,109,2
1430,5,16,8.8,1.65529,0,126,71.3,20.8413,0,6,2,30.5133,12,112,6,9,126,3,5,0,0,5,0,0,5,0,0,11,123,1,11,121,4,16,123,4,5,0,0,9,108,2
1431,5,16,8.8,1.65529,0,130,72.5,20.9042,0,6,2,30.5133,12,114,6,9,120,3,5,0,0,5,0,0,5,0,0,11,130,1,11,120,4,16,123,4,5,0,0,9,118,2
1432,5,16,8.8,1.65529,0,133,73.5,21.0442,0,6,2,30.5133,12,115,6,9,123,3,5,0,0,5,0,0,5,0,0,11,133,1,11,124,4,16,128,4,5,0,0,9,112,2
1433,5,16,8.8,1.65529,0,129,71.3,20.8206,0,6,2,30.5133,12,112,6,9,113,3,5,0,0,5,0,0,5,0,0,11,125,1,11,120,4,16,129,4,5,0,0,9,114,2
1434,5,16,8.8,1.65529,0,127,70.3,20.7692,0,6,2,30.5133,12,121,6,9,114,3,5,0,0,5,0,0,5,0,0,11,122,1,11,112,4,16,127,4,5,0,0,9,107,2
1435,5,16,8.8,1.65529,0,132,70,20.7496,0,6,2,30.5133,12,111,6,9,115,3,5,0,0,5,0,0,5,0,0,11,120,1,11,111,4,16,132,4,5,0,0,9,111,2
1436,5,16,8.8,1.65529,0,141,71.3,20.9268,0,6,2,30.5133,12,113,6,9,114,3,5,0,0,5,0,0,5,0,0,11,123,1,11,110,4,16,141,4,5,0,0,9,112,2
1437,5,16,8.8,1.65529,0,137,72.3,20.9662,0,6,2,30.5133,12,118,6,9,113,3,5,0,0,5,0,0,5,0,0,11,128,1,11,112,4,16,137,4,5,0,0,9,115,2
1438,5,16,8.8,1.65529,0,126,70.7,20.7443,0,6,2,30.5133,12,115,6,9,114,3,5,0,0,5,0,0,5,0,0,11,118,1,11,120,4,16,126,4,5,0,0,9,114,2
1439,5,16,8.8,1.65529,0,120,69.9,20.6916,0,6,2,30.5133,12,120,6,9,114,3,5,0,0,5,0,0,5,0,0,11,107,1,11,119,4,16,119,4,5,0,0,9,120,2
1440,5,16,8.8,1.65529,0,123,68.8,20.6337,0,6,2,30.5133,12,123,6,9,108,3,5,0,0,5,0,0,5,0,0,11,110,1,11,112,4,16,120,4,5,0,0,9,115,2
1441,5,16,8.8,1.65529,0,124,68.8,20.6712,0,6,2,30.5133,12,124,6,9,104,3,5,0,0,5,0,0,5,0,0,11,114,1,11,112,4,16,124,4,5,0,0,9,110,2
1442,5,16,8.8,1.65529,0,124,69.9,20.7042,0,6,2,30.5133,12,115,6,9,110,3,5,0,0,5,0,0,5,0,0,11,123,1,11,116,4,16,124,4,5,0,0,9,111,2
1443,5,16,8.8,1.65529,0,122,69.3,20.6582,0,6,2,30.5133,12,113,6,9,111,3,5,0,0,5,0,0,5,0,0,11,121,1,11,117,4,16,122,4,5,0,0,9,109,2
1444,5,16,8.8,1.65529,0,126,69.4,20.6752,0,6,2,30.5133,12,110,6,9,110,3,5,0,0,5,0,0,5,0,0,11,126,1,11,120,4,16,116,4,5,0,0,9,112,2
1445,5,16,8.8,1.65529,0,122,69.7,20.6814,0,6,2,30.5133,12,113,6,9,116,3,5,0,0,5,0,0,5,0,0,11,122,1,11,122,4,16,111,4,5,0,0,9,113,2
1446,5,16,8.8,1.65529,0,126,69.9,20.7128,0,6,2,30.5133,12,117,6,9,118,3,5,0,0,5,0,0,5,0,0,11,116,1,11,126,4,16,108,4,5,0,0,9,114,2
1447,5,16,8.8,1.65529,0,125,70.3,20.7348,0,6,2,30.5133,12,125,6,9,114,3,5,0,0,5,0,0,5,0,0,11,121,1,11,117,4,16,111,4,5,0,0,9,115,2
1448,5,16,8.8,1.65529,0,125,70.9,20.7939,0,6,2,30.5133,12,125,6,9,114,3,5,0,0,5,0,0,5,0,0,11,124,1,11,121,4,16,114,4,5,0,0,9,111,2
1449,5,16,8.8,1.65529,0,127,72,20.8853,0,6,1.9,30.545,12,119,6,9,120,3,5,0,0,5,0,0,5,0,0,11,127,1,11,127,4,16,110,4,5,0,0,9,117,1
1450,5,16,8.8,1.65529,0,127,71.8,20.9,0,6,1.9,30.545,12,123,6,9,120,3,5,0,0,5,0,0,5,0,0,11,122,1,11,123,4,16,103,4,5,0,0,9,127,1
1451,5,16,8.9,1.69411,0,129,72.6,20.936,0,6,2,30.5142,12,122,6,9,125,3,5,0,0,5,0,0,5,0,0,11,120,1,12,121,5,16,109,4,5,0,0,9,129,1
1452,5,16,8.9,1.69411,0,123,70.9,20.7807,0,6,2,30.5142,12,121,6,9,121,3,5,0,0,5,0,0,5,0,0,11,122,1,12,110,5,16,112,4,5,0,0,9,123,1
1453,5,16,8.9,1.69411,0,119,69.5,20.6557,0,6,2.1,30.4825,12,119,6,9,115,3,5,0,0,5,0,0,5,0,0,11,119,1,12,111,5,16,112,4,5,0,0,9,119,2
1454,5,16,8.9,1.69411,0,123,69.8,20.6956,0,6,2.1,30.4825,12,123,6,9,112,3,5,0,0,5,0,0,5,0,0,11,119,1,12,113,5,16,120,4,5,0,0,9,111,2
1455,5,16,8.9,1.69411,0,124,70.1,20.709,0,5,2,30.513,12,116,5,9,112,3,5,0,0,5,0,0,5,0,0,11,121,1,12,117,5,16,124,4,5,0,0,9,111,2
1456,5,16,8.9,1.69411,0,122,69.9,20.6991,0,5,2,30.513,12,112,5,9,120,3,5,0,0,5,0,0,5,0,0,11,118,1,12,118,5,16,122,4,5,0,0,9,109,2
1457,5,16,8.9,1.69411,0,128,71.3,20.8404,0,5,2,30.513,12,114,5,9,128,3,5,0,0,5,0,0,5,0,0,11,121,1,12,112,5,16,126,4,5,0,0,9,112,2
1458,5,16,8.9,1.69411,0,131,72,20.8903,0,5,2,30.513,12,121,5,9,131,3,5,0,0,5,0,0,5,0,0,11,117,1,12,120,5,16,118,4,5,0,0,9,113,2
1459,5,16,8.9,1.69411,0,124,71.1,20.7811,0,5,2,30.513,12,119,5,9,124,3,5,0,0,5,0,0,5,0,0,11,119,1,12,120,5,16,115,4,5,0,0,9,114,2
1460,5,16,8.9,1.69411,0,123,71.9,20.8288,0,5,1.9,30.5438,12,120,5,9,123,3,5,0,0,5,0,0,5,0,0,11,118,1,12,121,4,16,117,4,5,0,0,9,120,2
1461,5,16,8.9,1.69411,0,124,71.2,20.7831,0,5,1.9,30.5438,12,117,5,9,117,3,5,0,0,5,0,0,5,0,0,11,116,1,12,124,4,16,124,4,5,0,0,9,114,2
1462,5,16,9,1.72047,0,123,70.8,20.7558,0,5,2,30.5124,12,123,5,9,118,3,5,0,0,5,0,0,5,0,0,11,113,1,12,120,4,16,120,4,5,0,0,10,114,3
1463,5,16,9,1.72047,0,127,70.3,20.7414,0,5,2,30.5124,12,120,5,9,117,3,5,0,0,5,0,0,5,0,0,11,113,1,12,127,4,16,115,4,5,0,0,10,111,3
1464,5,16,9,1.72047,0,125,70.9,20.7801,0,5,2,30.5124,12,119,5,9,117,3,5,0,0,5,0,0,5,0,0,11,121,1,12,125,4,16,108,4,5,0,0,10,119,3
1465,5,16,9,1.72047,0,124,68.9,20.6632,0,5,2,30.5124,12,118,5,9,112,3,5,0,0,5,0,0,5,0,0,11,114,1,12,119,4,16,102,4,5,0,0,10,124,3
1466,5,16,9,1.72047,0,125,69,20.7097,0,5,2,30.5124,12,120,5,9,108,3,5,0,0,5,0,0,5,0,0,11,112,1,12,125,4,16,101,4,5,0,0,10,124,3
1467,5,16,9,1.72047,0,132,70.1,20.8453,0,5,2.1,30.4816,12,132,5,9,114,3,5,0,0,5,0,0,5,0,0,11,113,1,12,117,5,16,99,4,5,0,0,10,126,3
1468,5,16,9,1.72047,0,128,69.6,20.7407,0,5,2.1,30.4816,12,128,5,9,119,3,5,0,0,5,0,0,5,0,0,11,117,1,12,115,5,16,104,4,5,0,0,10,113,3
1469,5,16,9,1.72047,0,125,70.1,20.7265,0,5,2.1,30.4816,12,118,5,9,125,3,5,0,0,5,0,0,5,0,0,11,118,1,12,117,5,16,109,4,5,0,0,10,114,3
1470,5,16,9,1.72047,0,124,69.9,20.7207,0,5,2.2,30.4505,12,116,5,9,124,3,5,0,0,5,0,0,5,0,0,11,121,1,12,118,5,16,108,4,5,0,0,10,112,4
1471,5,16,9,1.72047,0,123,70.6,20.746,0,5,2.1,30.4816,12,117,5,9,123,3,5,0,0,5,0,0,5,0,0,11,119,1,12,120,5,16,110,3,5,0,0,10,117,4
1472,5,16,9,1.72047,0,129,71.4,20.8429,0,5,2.1,30.4816,12,129,5,9,121,3,5,0,0,5,0,0,5,0,0,11,121,1,12,117,5,16,112,3,5,0,0,10,114,4
1473,5,16,9,1.72047,0,125,70.4,20.7736,0,5,2.1,30.4816,12,125,5,9,120,3,5,0,0,5,0,0,5,0,0,11,123,1,12,115,5,16,113,3,5,0,0,10,108,4
1474,5,16,9,1.72047,0,124,72,20.8467,0,5,2.1,30.4816,12,124,5,9,120,3,5,0,0,5,0,0,5,0,0,11,123,1,12,118,5,16,117,3,5,0,0,10,118,4
1475,5,16,9,1.72047,0,121,70.3,20.7088,0,5,2,30.5131,12,121,5,9,115,2,5,0,0,5,0,0,5,0,0,11,112,1,12,121,5,16,117,3,5,0,0,10,117,4
1476,5,16,9,1.72047,0,134,72.3,20.9341,0,5,2,30.5131,12,120,5,9,117,2,5,0,0,5,0,0,5,0,0,11,118,1,12,124,5,16,134,3,5,0,0,10,110,4
1477,5,16,9,1.72047,0,126,71.8,20.8547,0,5,1.9,30.5442,12,122,5,9,121,2,5,0,0,5,0,0,5,0,0,11,116,1,12,122,5,16,126,3,5,0,0,10,111,3
1478,5,16,9,1.72047,0,128,72,20.8554,0,5,1.9,30.5442,12,121,5,9,118,2,5,0,0,5,0,0,5,0,0,11,115,1,12,122,5,16,128,3,5,0,0,10,116,3
1479,5,16,9,1.72047,0,124,70.7,20.7595,0,5,1.9,30.5442,12,124,5,9,110,2,5,0,0,5,0,0,5,0,0,11,113,1,12,124,5,16,117,3,5,0,0,10,119,3
1480,5,16,9,1.72047,0,125,70.7,20.7579,0,5,1.9,30.5442,12,125,5,9,112,2,5,0,0,5,0,0,5,0,0,11,117,1,12,120,5,16,120,3,5,0,0,10,113,3
1481,5,16,9,1.72047,0,129,73.2,20.9787,0,5,1.9,30.5442,12,127,5,9,121,2,5,0,0,5,0,0,5,0,0,11,117,1,12,129,5,16,122,3,5,0,0,10,116,3
1482,5,16,9,1.72047,0,127,70.9,20.8167,0,5,1.9,30.5442,12,127,5,9,110,2,5,0,0,5,0,0,5,0,0,11,121,1,12,126,5,16,110,3,5,0,0,10,115,3
1483,5,16,9,1.72047,0,137,71,20.8866,0,5,1.9,30.5442,12,137,5,9,113,2,5,0,0,5,0,0,5,0,0,11,119,1,12,113,5,16,108,3,5,0,0,10,120,3
1484,5,16,9,1.72047,0,136,71.3,20.8902,0,5,1.9,30.5442,12,136,5,9,120,2,5,0,0,5,0,0,5,0,0,11,111,1,12,113,5,16,113,3,5,0,0,10,120,3
1485,5,16,9,1.72047,0,130,70.6,20.8118,0,5,1.9,30.5442,12,130,5,9,120,2,5,0,0,5,0,0,5,0,0,11,107,1,12,116,5,16,110,3,5,0,0,10,123,3
1486,5,16,9,1.72047,0,127,73,20.955,0,5,1.9,30.5442,12,127,5,9,127,2,5,0,0,5,0,0,5,0,0,11,115,1,12,121,5,16,120,3,5,0,0,10,120,3
1487,5,16,9,1.72047,0,124,71.1,20.7965,0,5,1.9,30.5442,12,124,5,9,124,2,5,0,0,5,0,0,5,0,0,11,115,1,12,119,5,16,116,3,5,0,0,10,113,3
1488,5,16,9,1.72047,0,129,69.6,20.7358,0,5,2,30.5131,12,114,5,9,129,2,5,0,0,5,0,0,5,0,0,11,112,1,12,122,5,16,108,3,5,0,0,10,111,4
1489,5,16,9,1.72047,0,128,69.4,20.721,0,5,2,30.5131,12,113,5,9,128,2,5,0,0,5,0,0,5,0,0,11,116,1,12,120,5,16,111,3,5,0,0,10,106,4
1490,5,16,9,1.72047,0,124,70.6,20.7804,0,5,2,30.5131,12,115,5,9,124,2,5,0,0,5,0,0,5,0,0,11,121,1,12,121,5,16,119,3,5,0,0,10,106,4
1491,5,16,9,1.72047,0,128,70.6,20.852,0,5,2,30.5131,12,116,5,9,128,2,5,0,0,5,0,0,5,0,0,11,128,1,12,112,5,16,119,3,5,0,0,10,103,4
1492,5,16,9,1.72047,0,123,70.2,20.759,0,5,2,30.5131,12,118,5,9,121,2,5,0,0,5,0,0,5,0,0,11,123,1,12,117,5,16,119,3,5,0,0,10,104,4
1493,5,16,9,1.72047,0,123,69.7,20.7171,0,5,1.9,30.5439,12,109,4,9,123,2,5,0,0,5,0,0,5,0,0,11,120,1,12,119,5,16,120,3,5,0,0,10,106,4
1494,5,16,9,1.72047,0,123,69.7,20.696,0,5,1.9,30.5439,12,107,4,9,123,2,5,0,0,5,0,0,5,0,0,11,121,1,12,112,5,16,120,3,5,0,0,10,114,4
1495,5,16,9,1.72047,0,128,70.8,20.7922,0,5,1.9,30.5439,12,116,4,9,124,2,5,0,0,5,0,0,5,0,0,11,128,1,12,112,5,16,114,3,5,0,0,10,114,4
1496,5,16,9,1.72047,0,128,70.4,20.7602,0,5,1.9,30.5439,12,114,4,9,120,2,5,0,0,5,0,0,5,0,0,11,128,1,12,107,5,16,116,3,5,0,0,10,119,4
1497,5,16,9,1.72047,0,125,70.5,20.7391,0,5,1.9,30.5439,12,111,4,9,125,2,5,0,0,5,0,0,5,0,0,11,119,1,12,112,5,16,118,3,5,0,0,10,120,4
1498,5,16,9,1.72047,0,125,70,20.7149,0,5,1.9,30.5439,12,107,4,9,125,2,5,0,0,5,0,0,5,0,0,11,113,1,12,115,5,16,117,3,5,0,0,10,123,4
1499,5,16,9,1.72047,0,125,70.6,20.7537,0,5,1.9,30.5439,12,113,4,9,125,2,5,0,0,5,0,0,5,0,0,11,117,1,12,121,5,16,110,3,5,0,0,10,120,4
1500,5,16,9,1.72047,0,121,70.3,20.7136,0,5,1.9,30.5439,12,116,4,9,121,2,5,0,0,5,0,0,5,0,0,11,120,1,12,115,5,16,111,3,5,0,0,10,120,4
1501,5,16,9,1.72047,0,125,69.3,20.6901,0,5,1.9,30.5439,12,105,4,9,125,2,5,0,0,5,0,0,5,0,0,11,119,1,12,112,5,16,110,3,5,0,0,10,122,4
1502,5,16,9,1.72047,0,124,70,20.6993,0,5,1.9,30.5439,12,112,4,9,124,2,5,0,0,5,0,0,5,0,0,11,113,1,12,113,5,16,116,3,5,0,0,10,122,4
1503,5,16,9,1.72047,0,124,69.1,20.6468,0,5,1.9,30.5439,12,109,4,9,124,2,5,0,0,5,0,0,5,0,0,11,115,1,12,117,5,16,113,3,5,0,0,10,113,4
1504,5,16,9,1.72047,0,123,69.2,20.6425,0,5,1.9,30.5439,12,112,4,9,123,2,5,0,0,5,0,0,5,0,0,11,115,1,12,115,5,16,114,3,5,0,0,10,113,4
1505,5,16,9,1.72047,0,128,71.6,20.8563,0,5,1.9,30.5439,12,116,4,9,128,2,5,0,0,5,0,0,5,0,0,11,120,1,12,125,5,16,116,3,5,0,0,10,111,4
1506,5,16,9,1.72047,0,127,71.2,20.7979,0,5,1.9,30.5439,12,112,4,9,119,2,5,0,0,5,0,0,5,0,0,11,119,1,12,127,5,16,122,3,5,0,0,10,113,4
1507,5,16,9,1.72047,0,132,72.5,20.9492,0,5,1.9,30.5439,12,114,4,9,115,2,5,0,0,5,0,0,5,0,0,11,125,1,12,132,5,16,127,3,5,0,0,10,112,4
1508,5,16,9,1.72047,0,129,71.9,20.8619,0,5,1.9,30.5439,12,118,4,9,110,2,5,0,0,5,0,0,5,0,0,11,123,1,12,129,5,16,122,3,5,0,0,10,117,4
1509,5,16,9,1.72047,0,130,70.6,20.8006,0,6,1.9,30.5445,12,118,4,9,105,2,5,0,0,5,0,0,5,0,0,11,117,1,12,130,6,16,124,3,5,0,0,10,112,3
1510,5,16,9,1.72047,0,131,70.3,20.8168,0,6,1.9,30.5445,12,126,4,9,102,2,5,0,0,5,0,0,5,0,0,11,114,1,12,131,6,16,116,3,5,0,0,10,114,3
1511,5,16,9,1.72047,0,128,69.1,20.6939,0,6,1.9,30.5445,12,122,4,9,106,2,5,0,0,5,0,0,5,0,0,11,109,1,12,128,6,16,112,3,5,0,0,10,114,3
1512,5,16,9,1.72047,0,121,67.5,20.5568,0,6,1.9,30.5445,12,121,4,9,107,2,5,0,0,5,0,0,5,0,0,11,108,1,12,116,6,16,111,3,5,0,0,10,112,3
1513,5,16,9,1.72047,0,121,68,20.6003,0,6,1.9,30.5445,12,121,4,9,111,2,5,0,0,5,0,0,5,0,0,11,114,1,12,118,6,16,111,3,5,0,0,10,105,3
1514,5,16,9,1.72047,0,119,68.3,20.5942,0,6,1.9,30.5445,12,119,4,9,111,2,5,0,0,5,0,0,5,0,0,11,118,1,12,110,6,16,116,3,5,0,0,10,109,3
1515,5,16,9,1.72047,0,125,71,20.7883,0,6,1.9,30.5445,12,118,4,9,121,2,5,0,0,5,0,0,5,0,0,11,125,1,12,114,6,16,121,3,5,0,0,10,111,3
1516,5,16,9,1.72047,0,125,71.2,20.8027,0,6,1.9,30.5445,12,113,4,9,124,2,5,0,0,5,0,0,5,0,0,11,125,1,12,111,6,16,121,3,5,0,0,10,118,3
1517,5,16,9,1.72047,0,124,69.7,20.6864,0,6,1.9,30.5445,12,113,4,9,118,2,5,0,0,5,0,0,5,0,0,11,124,1,12,109,6,16,119,3,5,0,0,10,114,3
1518,5,16,9,1.72047,0,125,69,20.6391,0,6,1.9,30.5445,12,112,4,9,113,2,5,0,0,5,0,0,5,0,0,11,118,1,12,111,6,16,125,3,5,0,0,10,111,3
1519,5,16,9,1.72047,0,122,70.1,20.6927,0,6,1.9,30.5445,12,113,4,9,115,2,5,0,0,5,0,0,5,0,0,11,121,1,12,116,6,16,122,3,5,0,0,10,114,3
1520,5,16,9,1.72047,0,130,70.3,20.7332,0,6,1.9,30.5445,12,111,4,9,114,2,5,0,0,5,0,0,5,0,0,11,114,1,12,115,6,16,130,3,5,0,0,10,119,3
1521,5,16,9,1.72047,0,130,71.5,20.8346,0,6,1.9,30.5445,12,109,4,9,115,2,5,0,0,5,0,0,5,0,0,11,124,1,12,116,6,16,130,3,5,0,0,10,121,3
1522,5,16,9,1.72047,0,131,70.5,20.7587,0,6,1.9,30.5445,12,110,4,9,113,2,5,0,0,5,0,0,5,0,0,11,118,1,12,113,6,16,131,3,5,0,0,10,120,3
1523,5,16,9,1.72047,0,118,68.6,20.591,0,6,1.8,30.5756,12,110,3,9,117,2,5,0,0,5,0,0,5,0,0,11,116,1,12,111,6,16,118,3,5,0,0,10,114,3
1524,5,16,9,1.72047,0,121,68.8,20.6111,0,6,1.7,30.6069,12,108,3,9,113,2,5,0,0,5,0,0,5,0,0,11,116,1,12,118,6,16,121,3,5,0,0,10,112,2
1525,5,16,9,1.72047,0,116,67.7,20.5436,0,5,1.6,30.6373,12,105,3,9,114,2,5,0,0,5,0,0,5,0,0,11,114,1,12,116,5,16,116,3,5,0,0,10,112,2
1526,5,16,9,1.72047,0,123,69.9,20.6885,0,5,1.6,30.6373,12,111,3,9,113,2,5,0,0,5,0,0,5,0,0,11,115,1,12,123,5,16,123,3,5,0,0,10,114,2
1527,5,16,9,1.72047,0,127,70.8,20.7563,0,5,1.6,30.6373,12,118,3,9,114,2,5,0,0,5,0,0,5,0,0,11,113,1,12,127,5,16,119,3,5,0,0,10,117,2
1528,5,16,9,1.72047,0,118,69.5,20.6424,0,5,1.6,30.6373,12,118,3,9,112,2,5,0,0,5,0,0,5,0,0,11,117,1,12,117,5,16,114,3,5,0,0,10,117,2
1529,5,16,9,1.72047,0,124,69.1,20.6505,0,5,1.6,30.6373,12,124,3,9,113,2,5,0,0,5,0,0,5,0,0,11,115,1,12,109,5,16,112,3,5,0,0,10,118,2
1530,5,16,9,1.72047,0,126,69.6,20.7325,0,5,1.6,30.6373,12,122,3,9,115,2,5,0,0,5,0,0,5,0,0,11,121,1,12,107,5,16,105,3,5,0,0,10,126,2
1531,5,16,9,1.72047,0,133,68.9,20.798,0,5,1.6,30.6373,12,133,3,9,109,2,5,0,0,5,0,0,5,0,0,11,116,1,12,103,5,16,102,3,5,0,0,10,126,2
1532,5,16,9,1.72047,0,123,68.1,20.6355,0,5,1.6,30.6373,12,122,3,9,107,2,5,0,0,5,0,0,5,0,0,11,118,1,12,104,5,16,107,3,5,0,0,10,123,2
1533,5,16,9,1.72047,0,126,67.4,20.6283,0,5,1.6,30.6373,12,126,3,9,106,2,5,0,0,5,0,0,5,0,0,11,117,1,12,99,5,16,111,3,5,0,0,10,115,2
1534,5,16,9,1.72047,0,119,67.3,20.5625,0,5,1.6,30.6373,12,119,3,9,115,2,5,0,0,5,0,0,5,0,0,11,111,1,12,101,5,16,112,3,5,0,0,10,115,2
1535,5,16,9,1.72047,0,116,66.7,20.5122,0,5,1.6,30.6373,12,108,3,9,115,2,5,0,0,5,0,0,5,0,0,11,111,1,12,102,5,16,116,3,5,0,0,10,115,2
1536,5,16,9,1.72047,0,122,67.8,20.58,0,5,1.5,30.6686,12,107,2,9,122,2,5,0,0,5,0,0,5,0,0,11,108,1,12,108,5,16,118,3,5,0,0,10,115,2
1537,5,16,9,1.72047,0,125,69.5,20.6765,0,5,1.5,30.6686,12,114,2,9,125,2,5,0,0,5,0,0,5,0,0,11,113,1,12,109,5,16,116,3,5,0,0,10,118,2
1538,5,16,9,1.72047,0,119,68.5,20.593,0,5,1.5,30.6686,12,108,2,9,119,2,5,0,0,5,0,0,5,0,0,11,114,1,12,114,5,16,118,3,5,0,0,10,112,2
1539,5,16,9,1.72047,0,122,69.9,20.7175,0,5,1.5,30.6686,12,109,2,9,121,2,5,0,0,5,0,0,5,0,0,11,121,1,12,118,5,16,122,3,5,0,0,10,108,2
1540,5,16,9,1.72047,0,121,69.5,20.6732,0,5,1.5,30.6686,12,116,2,9,118,2,5,0,0,5,0,0,5,0,0,11,120,1,12,110,5,16,121,3,5,0,0,10,110,2
1541,5,16,9,1.72047,0,122,71.5,20.81,0,5,1.5,30.6686,12,122,2,9,119,2,5,0,0,5,0,0,5,0,0,11,117,1,12,122,5,16,122,3,5,0,0,10,113,2
1542,5,16,9,1.72047,0,124,70.2,20.7187,0,5,1.5,30.6686,12,124,2,9,116,2,5,0,0,5,0,0,5,0,0,11,110,1,12,117,5,16,120,3,5,0,0,10,115,2
1543,5,16,9,1.72047,0,123,69.3,20.7149,0,4,1.4,30.6992,12,121,2,9,116,2,5,0,0,5,0,0,5,0,0,11,98,1,12,118,4,16,117,3,5,0,0,10,123,2
1544,5,16,9,1.72047,0,122,69.3,20.6786,0,4,1.4,30.6992,12,120,2,9,118,2,5,0,0,5,0,0,5,0,0,11,103,1,12,117,4,16,113,3,5,0,0,10,122,2
1545,5,16,9,1.72047,0,124,71.1,20.8066,0,4,1.4,30.6992,12,124,2,9,123,2,5,0,0,5,0,0,5,0,0,11,108,1,12,121,4,16,114,3,5,0,0,10,121,2
1546,5,16,9,1.72047,0,125,70.6,20.7904,0,4,1.4,30.6992,12,123,2,9,125,2,5,0,0,5,0,0,5,0,0,11,109,1,12,118,4,16,108,3,5,0,0,10,123,2
1547,5,16,9,1.72047,0,126,68.8,20.6893,0,4,1.4,30.6992,12,122,2,9,115,2,5,0,0,5,0,0,5,0,0,11,109,1,12,115,4,16,101,3,5,0,0,10,126,2
1548,5,16,9,1.72047,0,126,69.7,20.7628,0,4,1.4,30.6992,12,124,2,9,118,2,5,0,0,5,0,0,5,0,0,11,117,1,12,112,4,16,100,3,5,0,0,10,126,2
1549,5,16,9,1.72047,0,120,69.2,20.6774,0,4,1.4,30.6992,12,119,2,9,120,2,5,0,0,5,0,0,5,0,0,11,119,1,12,111,4,16,104,3,5,0,0,10,119,2
1550,5,16,9,1.72047,0,126,70.9,20.8054,0,4,1.4,30.6992,12,118,2,9,126,2,5,0,0,5,0,0,5,0,0,11,126,1,12,113,4,16,110,3,5,0,0,10,116,2
1551,5,16,9,1.72047,0,122,70.4,20.7117,0,4,1.4,30.6992,12,115,2,9,122,2,5,0,0,5,0,0,5,0,0,11,117,1,12,117,4,16,114,3,5,0,0,10,119,2
1552,5,16,9,1.72047,0,123,70.4,20.7375,0,4,1.4,30.6992,12,123,2,9,117,2,5,0,0,5,0,0,5,0,0,11,123,1,12,113,4,16,113,3,5,0,0,10,115,2
1553,5,16,9,1.72047,0,122,70.2,20.7025,0,4,1.4,30.6992,12,118,2,9,118,2,5,0,0,5,0,0,5,0,0,11,122,1,12,114,4,16,114,3,5,0,0,10,116,2
1554,5,16,9,1.72047,0,122,70.8,20.7498,0,4,1.4,30.6992,12,121,2,9,116,2,5,0,0,5,0,0,5,0,0,11,122,1,12,119,4,16,116,3,5,0,0,10,114,2
1555,5,16,9,1.72047,0,127,71.4,20.8096,0,4,1.4,30.6992,12,115,2,9,118,2,5,0,0,5,0,0,5,0,0,11,127,1,12,123,4,16,116,3,5,0,0,10,115,2
1556,5,16,9,1.72047,0,123,70.2,20.7223,0,4,1.4,30.6992,12,115,2,9,122,2,5,0,0,5,0,0,5,0,0,11,123,1,12,116,4,16,115,3,5,0,0,10,111,2
1557,5,16,9,1.72047,0,126,71.3,20.8416,0,4,1.4,30.6992,12,118,2,9,125,2,5,0,0,5,0,0,5,0,0,11,126,1,12,122,4,16,112,3,5,0,0,10,110,2
1558,5,16,9,1.72047,0,133,70.2,20.7816,0,4,1.4,30.6992,12,115,2,9,120,2,5,0,0,5,0,0,5,0,0,11,112,1,12,133,4,16,109,3,5,0,0,10,113,2
1559,5,16,9,1.72047,0,127,70.6,20.78,0,4,1.4,30.6992,12,123,2,9,118,2,5,0,0,5,0,0,5,0,0,11,116,1,12,127,4,16,109,3,5,0,0,10,113,2
1560,5,16,9,1.72047,0,140,71.6,21.0166,0,4,1.4,30.6992,12,126,2,9,111,2,5,0,0,5,0,0,5,0,0,11,124,1,12,140,4,16,110,3,5,0,0,10,105,2
1561,5,16,9,1.72047,0,128,69.8,20.8149,0,4,1.4,30.6992,12,124,2,9,115,2,5,0,0,5,0,0,5,0,0,11,128,1,12,123,4,16,103,3,5,0,0,10,105,2
1562,5,16,9,1.72047,0,125,70,20.7888,0,4,1.4,30.6992,12,124,2,9,110,2,5,0,0,5,0,0,5,0,0,11,125,1,12,125,4,16,103,3,5,0,0,10,113,2
1563,5,16,9,1.72047,0,131,71.2,20.9264,0,4,1.4,30.6992,12,127,2,9,121,2,5,0,0,5,0,0,5,0,0,11,119,1,12,131,4,16,100,3,5,0,0,10,114,2
1564,5,16,9,1.72047,0,125,71.3,20.8634,0,4,1.4,30.6992,12,123,2,9,120,2,5,0,0,5,0,0,5,0,0,11,121,1,12,125,4,16,102,3,5,0,0,10,122,2
1565,5,16,9.1,1.75784,0,126,71,20.8322,0,4,1.5,30.6676,12,126,2,9,125,2,5,0,0,5,0,0,5,0,0,12,116,2,12,117,4,16,105,3,5,0,0,10,121,2
1566,5,16,9.1,1.75784,0,133,72.2,20.9256,0,4,1.5,30.6676,12,133,2,9,121,2,5,0,0,5,0,0,5,0,0,12,119,2,12,113,4,16,113,3,5,0,0,10,123,2
1567,5,16,9.1,1.75784,0,125,70.6,20.7661,0,4,1.5,30.6676,12,125,2,9,110,2,5,0,0,5,0,0,5,0,0,12,117,2,12,119,4,16,110,3,5,0,0,10,125,2
1568,5,16,9.1,1.75784,0,140,72,20.9544,0,4,1.5,30.6676,12,123,2,9,112,2,5,0,0,5,0,0,5,0,0,12,110,2,12,122,4,16,113,3,5,0,0,10,140,2
1569,5,16,9.2,1.8,0,140,72.1,20.9316,0,4,1.6,30.6363,13,115,3,9,110,2,5,0,0,5,0,0,5,0,0,12,117,2,12,118,4,16,121,3,5,0,0,10,140,2
1570,5,16,9.2,1.8,0,129,71,20.7941,0,4,1.6,30.6363,13,109,3,9,122,2,5,0,0,5,0,0,5,0,0,12,121,2,12,112,4,16,117,3,5,0,0,10,129,2
1571,5,16,9.2,1.8,0,136,72.3,20.9496,0,4,1.5,30.6676,13,109,3,9,123,2,5,0,0,5,0,0,5,0,0,12,123,2,12,110,4,16,122,2,5,0,0,10,136,2
1572,5,16,9.2,1.8,0,127,71.5,20.8353,0,4,1.5,30.6676,13,107,3,9,122,2,5,0,0,5,0,0,5,0,0,12,122,2,12,114,4,16,127,2,5,0,0,10,123,2
1573,5,16,9.2,1.8,0,129,70.6,20.7857,0,4,1.5,30.6676,13,105,3,9,120,2,5,0,0,5,0,0,5,0,0,12,112,2,12,115,4,16,129,2,5,0,0,10,125,2
1574,5,16,9.2,1.8,0,127,68.9,20.6533,0,4,1.5,30.6676,13,109,3,9,110,2,5,0,0,5,0,0,5,0,0,12,111,2,12,109,4,16,127,2,5,0,0,10,123,2
1575,5,16,9.2,1.8,0,125,68.6,20.6104,0,4,1.5,30.6676,13,113,3,9,108,2,5,0,0,5,0,0,5,0,0,12,112,2,12,115,4,16,125,2,5,0,0,10,113,2
1576,5,16,9.2,1.8,0,123,68.7,20.6486,0,4,1.5,30.6676,13,123,3,9,110,2,5,0,0,5,0,0,5,0,0,12,108,2,12,117,4,16,121,2,5,0,0,10,108,2
1577,5,16,9.2,1.8,0,124,69.2,20.7087,0,4,1.5,30.6676,13,124,3,9,114,2,5,0,0,5,0,0,5,0,0,12,123,2,12,116,4,16,111,2,5,0,0,10,104,2
1578,5,16,9.2,1.8,0,127,70.3,20.7616,0,4,1.5,30.6676,13,120,3,9,112,2,5,0,0,5,0,0,5,0,0,12,127,2,12,119,4,16,118,2,5,0,0,10,107,2
1579,5,16,9.2,1.8,0,128,70.3,20.7429,0,4,1.5,30.6676,13,118,3,9,109,2,5,0,0,5,0,0,5,0,0,12,128,2,12,118,4,16,117,2,5,0,0,10,113,2
1580,5,16,9.2,1.8,0,125,70.1,20.7023,0,4,1.5,30.6676,13,115,3,9,113,2,5,0,0,5,0,0,5,0,0,12,125,2,12,115,4,16,119,2,5,0,0,10,114,2
1581,5,16,9.2,1.8,0,129,71.9,20.8634,0,3,1.4,30.6986,13,129,3,9,117,2,5,0,0,5,0,0,5,0,0,12,118,2,12,112,3,16,121,2,5,0,0,10,122,2
1582,5,16,9.2,1.8,0,130,72.4,20.9193,0,3,1.4,30.6986,13,130,3,9,114,2,5,0,0,5,0,0,5,0,0,12,119,2,12,112,3,16,124,2,5,0,0,10,125,2
1583,5,16,9.2,1.8,0,130,71.8,20.917,0,3,1.4,30.6986,13,126,3,9,119,2,5,0,0,5,0,0,5,0,0,12,112,2,12,105,3,16,130,2,5,0,0,10,126,2
1584,5,16,9.3,1.84662,0,131,71.9,20.8927,0,11,2.2,30.4592,14,123,11,9,117,2,5,0,0,5,0,0,5,0,0,12,117,2,12,107,3,16,131,2,5,0,0,10,124,2
1585,5,16,9.3,1.84662,0,129,71.6,20.8557,0,11,2.2,30.4592,14,117,11,9,124,2,5,0,0,5,0,0,5,0,0,12,120,2,12,108,3,16,129,2,5,0,0,10,118,2
1586,5,16,9.3,1.84662,0,130,71.5,20.8493,0,9,2,30.5172,14,117,9,9,125,2,5,0,0,5,0,0,5,0,0,12,114,2,12,110,3,16,130,2,5,0,0,10,119,2
1587,5,16,9.3,1.84662,0,121,68.8,20.6501,0,9,2,30.5172,14,119,9,9,118,2,5,0,0,5,0,0,5,0,0,12,113,2,12,102,3,16,115,2,5,0,0,10,121,2
1588,5,16,9.3,1.84662,0,122,69.3,20.6647,0,10,2.1,30.4881,14,119,10,9,122,2,5,0,0,5,0,0,5,0,0,12,109,2,12,109,3,16,116,2,5,0,0,10,118,2
1589,5,16,9.3,1.84662,0,123,70.7,20.7513,0,10,2.1,30.4881,14,123,10,9,122,2,5,0,0,5,0,0,5,0,0,12,114,2,12,115,3,16,114,2,5,0,0,10,119,2
1590,5,16,9.3,1.84662,0,124,70.5,20.7367,0,11,2.2,30.4592,14,119,11,9,124,2,5,0,0,5,0,0,5,0,0,12,118,2,12,112,3,16,115,2,5,0,0,10,117,2
1591,5,16,9.3,1.84662,0,132,71.2,20.8328,0,12,2.3,30.4306,14,118,12,9,132,2,5,0,0,5,0,0,5,0,0,12,118,2,12,113,3,16,115,2,5,0,0,10,116,2
1592,5,16,9.3,1.84662,0,128,72.8,20.9375,0,12,2.3,30.4306,14,110,12,9,128,2,5,0,0,5,0,0,5,0,0,12,122,2,12,120,3,16,125,2,5,0,0,10,123,2
1593,5,16,9.3,1.84662,0,125,70.8,20.7719,0,12,2.3,30.4306,14,106,12,9,122,2,5,0,0,5,0,0,5,0,0,12,120,2,12,116,3,16,125,2,5,0,0,10,119,2
1594,5,16,9.3,1.84662,0,126,70.4,20.744,0,11,2.2,30.4592,14,107,11,9,120,2,5,0,0,5,0,0,5,0,0,12,121,2,12,114,3,16,126,2,5,0,0,10,116,2
1595,5,16,9.3,1.84662,0,130,72,20.9105,0,11,2.2,30.4592,14,110,11,9,125,2,5,0,0,5,0,0,5,0,0,12,127,2,12,114,3,16,130,2,5,0,0,10,114,2
1596,5,16,9.3,1.84662,0,125,70.6,20.7505,0,11,2.2,30.4592,14,113,11,9,119,2,5,0,0,5,0,0,5,0,0,12,125,2,12,118,3,16,120,2,5,0,0,10,111,2
1597,5,16,9.3,1.84662,0,131,69.6,20.7858,0,11,2.2,30.4592,14,115,11,9,113,2,5,0,0,5,0,0,5,0,0,12,131,2,12,115,3,16,122,2,5,0,0,10,100,2
1598,5,16,9.3,1.84662,0,125,69.4,20.724,0,11,2.2,30.4592,14,120,11,9,116,2,5,0,0,5,0,0,5,0,0,12,125,2,12,117,3,16,114,2,5,0,0,10,102,2
1599,5,16,9.3,1.84662,0,119,67.8,20.6085,0,11,2.2,30.4592,14,116,11,9,119,2,5,0,0,5,0,0,5,0,0,12,117,2,12,114,3,16,111,2,5,0,0,10,101,2
1600,5,16,9.3,1.84662,0,123,68.4,20.6164,0,11,2.3,30.4277,14,115,11,9,123,2,5,0,0,5,0,0,5,0,0,12,111,3,12,111,3,16,116,2,5,0,0,10,108,2
1601,5,16,9.3,1.84662,0,125,68.6,20.6319,0,10,2.2,30.4566,14,115,10,9,117,2,5,0,0,5,0,0,5,0,0,12,110,3,12,111,3,16,125,2,5,0,0,10,108,2
1602,5,16,9.3,1.84662,0,129,71.4,20.8936,0,10,2.2,30.4566,14,124,10,9,128,2,5,0,0,5,0,0,5,0,0,12,109,3,12,114,3,16,129,2,5,0,0,10,110,2
1603,5,16,9.3,1.84662,0,126,70.9,20.7681,0,10,2.2,30.4566,14,116,10,9,121,2,5,0,0,5,0,0,5,0,0,12,111,3,12,119,3,16,126,2,5,0,0,10,116,2
1604,5,16,9.3,1.84662,0,124,70.6,20.7693,0,10,2.2,30.4566,14,120,10,9,124,2,5,0,0,5,0,0,5,0,0,12,107,3,12,121,3,16,120,2,5,0,0,10,114,2
1605,5,16,9.3,1.84662,0,122,70.3,20.7282,0,10,2.2,30.4566,14,122,10,9,121,2,5,0,0,5,0,0,5,0,0,12,109,3,12,118,3,16,118,2,5,0,0,10,115,2
1606,5,16,9.3,1.84662,0,125,72.3,20.879,0,10,2.2,30.4566,14,122,10,9,125,2,5,0,0,5,0,0,5,0,0,12,114,3,12,121,3,16,123,2,5,0,0,10,118,2
1607,5,16,9.3,1.84662,0,128,72.5,20.9164,0,10,2.2,30.4566,14,116,10,9,128,2,5,0,0,5,0,0,5,0,0,12,111,3,12,121,3,16,126,2,5,0,0,10,123,2
1608,5,16,9.3,1.84662,0,128,73.1,20.9605,0,10,2.2,30.4566,14,117,10,9,126,2,5,0,0,5,0,0,5,0,0,12,114,3,12,128,3,16,125,2,5,0,0,10,121,2
1609,5,16,9.3,1.84662,0,132,72.6,20.941,0,10,2.2,30.4566,14,123,10,9,122,2,5,0,0,5,0,0,5,0,0,12,111,3,12,132,3,16,117,2,5,0,0,10,121,2
1610,5,16,9.3,1.84662,0,130,71.4,20.8295,0,9,2.1,30.4858,14,119,9,9,121,2,5,0,0,5,0,0,5,0,0,12,113,3,12,130,3,16,117,2,5,0,0,10,114,2
1611,5,16,9.3,1.84662,0,122,70.5,20.7407,0,9,2.1,30.4858,14,118,9,9,121,2,5,0,0,5,0,0,5,0,0,12,117,3,12,122,3,16,117,2,5,0,0,10,110,2
1612,5,16,9.3,1.84662,0,126,70.4,20.7792,0,9,2.1,30.4858,14,126,9,9,122,2,5,0,0,5,0,0,5,0,0,12,118,3,12,119,3,16,107,2,5,0,0,10,112,2
1613,5,16,9.3,1.84662,0,127,70.3,20.7916,0,9,2.1,30.4858,14,121,9,9,119,2,5,0,0,5,0,0,5,0,0,12,127,3,12,121,3,16,105,2,5,0,0,10,110,2
1614,5,16,9.3,1.84662,0,130,70.7,20.8803,0,9,2,30.5172,14,128,9,9,118,2,5,0,0,5,0,0,5,0,0,12,130,2,12,119,3,16,105,2,5,0,0,10,107,2
1615,5,16,9.3,1.84662,0,133,70.5,20.8734,0,9,2,30.5172,14,125,9,9,119,2,5,0,0,5,0,0,5,0,0,12,133,2,12,103,3,16,107,2,5,0,0,10,118,2
1616,5,16,9.3,1.84662,0,134,71,20.8898,0,9,2,30.5172,14,127,9,9,116,2,5,0,0,5,0,0,5,0,0,12,134,2,12,106,3,16,113,2,5,0,0,10,114,2
1617,5,16,9.3,1.84662,0,127,70.4,20.7753,0,9,2,30.5172,14,127,9,9,118,2,5,0,0,5,0,0,5,0,0,12,116,2,12,106,3,16,113,2,5,0,0,10,124,2
1618,5,16,9.3,1.84662,0,124,69.7,20.7143,0,9,2,30.5172,14,122,9,9,104,2,5,0,0,5,0,0,5,0,0,12,117,2,12,109,3,16,121,2,5,0,0,10,124,2
1619,5,16,9.3,1.84662,0,123,69.9,20.6877,0,9,2,30.5172,14,117,9,9,107,2,5,0,0,5,0,0,5,0,0,12,117,2,12,114,3,16,121,2,5,0,0,10,123,2
1620,5,16,9.3,1.84662,0,124,69.8,20.7048,0,9,2,30.5172,14,123,9,9,108,2,5,0,0,5,0,0,5,0,0,12,117,2,12,109,3,16,117,2,5,0,0,10,124,2
1621,5,16,9.3,1.84662,0,131,71.2,20.8347,0,9,2.1,30.4858,14,126,9,9,109,2,5,0,0,5,0,0,5,0,0,12,117,3,12,117,3,16,112,2,5,0,0,10,131,2
1622,5,16,9.3,1.84662,0,127,72.1,20.8542,0,9,2,30.5172,14,117,9,9,116,2,5,0,0,5,0,0,5,0,0,12,116,2,12,127,3,16,119,2,5,0,0,10,126,2
1623,5,16,9.3,1.84662,0,132,72,20.9018,0,9,2,30.5172,14,120,9,9,108,2,5,0,0,5,0,0,5,0,0,12,124,2,12,124,3,16,112,2,5,0,0,10,132,2
1624,5,16,9.3,1.84662,0,131,70.9,20.833,0,9,2,30.5172,14,113,9,9,113,2,5,0,0,5,0,0,5,0,0,12,126,2,12,121,3,16,105,2,5,0,0,10,131,2
1625,5,16,9.3,1.84662,0,131,68.3,20.6971,0,9,2,30.5172,14,99,9,9,118,2,5,0,0,5,0,0,5,0,0,12,120,2,12,109,3,16,106,2,5,0,0,10,131,2
1626,5,16,9.3,1.84662,0,130,68.9,20.7133,0,9,2,30.5172,14,102,9,9,119,2,5,0,0,5,0,0,5,0,0,12,122,2,12,107,3,16,109,2,5,0,0,10,130,2
1627,5,16,9.3,1.84662,0,129,69.8,20.7493,0,9,2,30.5172,14,107,9,9,123,2,5,0,0,5,0,0,5,0,0,12,129,2,12,111,3,16,109,2,5,0,0,10,119,2
1628,5,16,9.3,1.84662,0,122,67.9,20.6163,0,9,2,30.5172,14,106,9,9,122,2,5,0,0,5,0,0,5,0,0,12,116,2,12,110,3,16,103,2,5,0,0,10,122,2
1629,5,16,9.3,1.84662,0,123,68.3,20.6164,0,8,1.9,30.5467,14,110,8,9,119,2,5,0,0,5,0,0,5,0,0,12,110,2,12,117,3,16,104,2,5,0,0,10,123,2
1630,5,16,9.3,1.84662,0,121,67.3,20.5633,0,8,1.9,30.5467,14,109,8,9,120,2,5,0,0,5,0,0,5,0,0,12,106,2,12,112,3,16,105,2,5,0,0,10,121,2
1631,5,16,9.3,1.84662,0,122,68.7,20.6348,0,8,1.9,30.5467,14,108,8,9,120,2,5,0,0,5,0,0,5,0,0,12,116,2,12,116,3,16,105,2,5,0,0,10,122,2
1632,5,16,9.3,1.84662,0,121,68.6,20.6549,0,8,1.9,30.5467,14,109,8,9,121,2,5,0,0,5,0,0,5,0,0,12,118,2,12,119,3,16,101,2,5,0,0,10,118,2
1633,5,16,9.3,1.84662,0,124,68.6,20.6718,0,8,1.9,30.5467,14,114,8,9,120,2,5,0,0,5,0,0,5,0,0,12,115,2,12,124,3,16,100,2,5,0,0,10,113,2
1634,5,16,9.3,1.84662,0,122,68.3,20.6205,0,8,1.9,30.5467,14,118,8,9,122,2,5,0,0,5,0,0,5,0,0,12,109,2,12,116,3,16,106,2,5,0,0,10,112,2
1635,5,16,9.3,1.84662,0,121,68.6,20.6482,0,8,1.9,30.5467,14,121,8,9,119,2,5,0,0,5,0,0,5,0,0,12,115,2,12,114,3,16,102,2,5,0,0,10,115,2
1636,5,16,9.3,1.84662,0,122,67.8,20.6218,0,8,1.9,30.5467,14,120,8,9,115,2,5,0,0,5,0,0,5,0,0,12,122,2,12,104,3,16,104,2,5,0,0,10,113,2
1637,5,16,9.3,1.84662,0,125,70,20.7116,0,8,1.9,30.5467,14,118,8,9,113,2,5,0,0,5,0,0,5,0,0,12,125,2,12,111,3,16,111,2,5,0,0,10,122,2
1638,5,16,9.3,1.84662,0,124,70.7,20.7598,0,8,1.9,30.5467,14,123,8,9,109,2,5,0,0,5,0,0,5,0,0,12,124,2,12,114,3,16,117,2,5,0,0,10,120,2
1639,5,16,9.3,1.84662,0,126,72.3,20.8889,0,8,1.9,30.5467,14,126,8,9,110,2,5,0,0,5,0,0,5,0,0,12,124,2,12,121,3,16,119,2,5,0,0,10,123,2
1640,5,16,9.3,1.84662,0,132,74.1,21.0807,0,8,2,30.5153,14,122,8,9,118,2,5,0,0,5,0,0,5,0,0,12,121,3,12,132,3,16,132,2,5,0,0,10,116,2
1641,5,16,9.3,1.84662,0,133,72.6,20.933,0,8,2,30.5153,14,121,8,9,113,2,5,0,0,5,0,0,5,0,0,12,114,3,12,133,3,16,122,2,5,0,0,10,123,2
1642,5,16,9.3,1.84662,0,141,71.9,20.9655,0,8,2,30.5153,14,114,8,9,119,2,5,0,0,5,0,0,5,0,0,12,115,3,12,141,3,16,120,2,5,0,0,10,110,2
1643,5,16,9.3,1.84662,0,131,69.8,20.7414,0,8,2,30.5153,14,109,8,9,113,2,5,0,0,5,0,0,5,0,0,12,114,3,12,131,3,16,122,2,5,0,0,10,109,2
1644,5,16,9.3,1.84662,0,126,70.4,20.7536,0,8,1.9,30.5467,14,117,8,9,117,2,5,0,0,5,0,0,5,0,0,12,112,3,12,123,2,16,126,2,5,0,0,10,109,2
1645,5,16,9.3,1.84662,0,127,71.9,20.8676,0,8,1.9,30.5467,14,119,8,9,125,2,5,0,0,5,0,0,5,0,0,12,115,3,12,121,2,16,127,2,5,0,0,10,112,2
1646,5,16,9.3,1.84662,0,123,70.4,20.7458,0,8,1.9,30.5467,14,115,8,9,122,2,5,0,0,5,0,0,5,0,0,12,117,3,12,119,2,16,123,2,5,0,0,10,108,2
1647,5,16,9.3,1.84662,0,133,72.2,20.9144,0,8,1.9,30.5467,14,119,8,9,133,2,5,0,0,5,0,0,5,0,0,12,113,3,12,120,2,16,121,2,5,0,0,10,116,2
1648,5,16,9.3,1.84662,0,131,71,20.8224,0,8,1.9,30.5467,14,119,8,9,131,2,5,0,0,5,0,0,5,0,0,12,112,3,12,116,2,16,120,2,5,0,0,10,112,2
1649,5,16,9.3,1.84662,0,125,70,20.7375,0,8,1.9,30.5467,14,122,8,9,125,2,5,0,0,5,0,0,5,0,0,12,109,3,12,112,2,16,120,2,5,0,0,10,112,2
1650,5,16,9.3,1.84662,0,123,70,20.6886,0,8,1.9,30.5467,14,114,8,9,123,2,5,0,0,5,0,0,5,0,0,12,114,3,12,115,2,16,118,2,5,0,0,10,116,2
1651,5,16,9.3,1.84662,0,121,67.8,20.5459,0,8,1.9,30.5467,14,109,8,9,112,2,5,0,0,5,0,0,5,0,0,12,114,3,12,112,2,16,110,2,5,0,0,10,121,2
1652,5,16,9.3,1.84662,0,122,68.8,20.6237,0,8,1.9,30.5467,14,113,8,9,108,2,5,0,0,5,0,0,5,0,0,12,117,3,12,120,2,16,108,2,5,0,0,10,122,2
1653,5,16,9.3,1.84662,0,124,69.2,20.6542,0,8,1.9,30.5467,14,112,8,9,109,2,5,0,0,5,0,0,5,0,0,12,124,3,12,115,2,16,110,2,5,0,0,10,122,2
1654,5,16,9.3,1.84662,0,128,71.3,20.8438,0,8,1.9,30.5467,14,116,8,9,109,2,5,0,0,5,0,0,5,0,0,12,128,3,12,127,2,16,110,2,5,0,0,10,123,2
1655,5,16,9.3,1.84662,0,127,72.2,20.8871,0,8,1.9,30.5467,14,111,8,9,112,2,5,0,0,5,0,0,5,0,0,12,127,3,12,126,2,16,121,2,5,0,0,10,125,2
1656,5,16,9.3,1.84662,0,123,69.2,20.6575,0,8,1.9,30.5467,14,103,8,9,115,2,5,0,0,5,0,0,5,0,0,12,118,3,12,123,2,16,117,2,5,0,0,10,116,2
1657,5,16,9.3,1.84662,0,130,71,20.8014,0,8,1.9,30.5467,14,107,8,9,114,2,5,0,0,5,0,0,5,0,0,12,119,3,12,130,2,16,122,2,5,0,0,10,118,2
1658,5,16,9.3,1.84662,0,130,71.4,20.827,0,8,1.9,30.5467,14,114,8,9,116,2,5,0,0,5,0,0,5,0,0,12,117,3,12,130,2,16,124,2,5,0,0,10,113,2
1659,5,16,9.3,1.84662,0,120,69.7,20.6609,0,8,1.9,30.5467,14,109,8,9,116,2,5,0,0,5,0,0,5,0,0,12,118,3,12,120,2,16,118,2,5,0,0,10,116,2
1660,5,16,9.3,1.84662,0,120,69.4,20.6501,0,7,1.8,30.5765,14,106,7,9,117,2,5,0,0,5,0,0,5,0,0,12,119,3,12,114,2,16,118,2,5,0,0,10,120,2
1661,5,16,9.3,1.84662,0,121,69.4,20.6497,0,7,1.8,30.5765,14,106,7,9,117,2,5,0,0,5,0,0,5,0,0,12,117,3,12,114,2,16,119,2,5,0,0,10,121,2
1662,5,16,9.3,1.84662,0,124,70.9,20.7703,0,7,1.8,30.5765,14,112,7,9,119,2,5,0,0,5,0,0,5,0,0,12,124,3,12,117,2,16,124,2,5,0,0,10,113,2
1663,5,16,9.3,1.84662,0,122,70.8,20.7458,0,7,1.8,30.5765,14,111,7,9,121,2,5,0,0,5,0,0,5,0,0,12,120,3,12,117,2,16,122,2,5,0,0,10,117,2
1664,5,16,9.3,1.84662,0,122,70.1,20.6883,0,7,1.8,30.5765,14,116,7,9,118,2,5,0,0,5,0,0,5,0,0,12,117,3,12,116,2,16,112,2,5,0,0,10,122,2
1665,5,16,9.3,1.84662,0,122,70.3,20.6954,0,7,1.8,30.5765,14,116,7,9,116,2,5,0,0,5,0,0,5,0,0,12,116,3,12,114,2,16,119,2,5,0,0,10,122,2
1666,5,16,9.3,1.84662,0,123,70.3,20.7014,0,7,1.8,30.5765,14,114,7,9,116,2,5,0,0,5,0,0,5,0,0,12,115,3,12,123,2,16,115,2,5,0,0,10,120,2
1667,5,16,9.3,1.84662,0,130,72.3,20.8891,0,7,1.8,30.5765,14,113,7,9,123,2,5,0,0,5,0,0,5,0,0,12,117,3,12,130,2,16,118,2,5,0,0,10,122,2
1668,5,16,9.3,1.84662,0,125,70.8,20.7759,0,7,1.8,30.5765,14,118,7,9,125,2,5,0,0,5,0,0,5,0,0,12,110,3,12,123,2,16,118,2,5,0,0,10,114,2
1669,5,16,9.3,1.84662,0,120,69.8,20.6861,0,7,1.8,30.5765,14,120,7,9,120,2,5,0,0,5,0,0,5,0,0,12,113,3,12,118,2,16,116,2,5,0,0,10,111,2
1670,5,16,9.3,1.84662,0,128,71.5,20.8339,0,7,1.8,30.5765,14,117,7,9,123,2,5,0,0,5,0,0,5,0,0,12,120,3,12,128,2,16,113,2,5,0,0,10,114,2
1671,5,16,9.3,1.84662,0,123,71.8,20.8377,0,7,1.8,30.5765,14,121,7,9,121,2,5,0,0,5,0,0,5,0,0,12,123,3,12,123,2,16,115,2,5,0,0,10,115,2
1672,5,16,9.3,1.84662,0,123,71.4,20.797,0,7,1.8,30.5765,14,117,7,9,121,2,5,0,0,5,0,0,5,0,0,12,122,3,12,123,2,16,115,2,5,0,0,10,116,2
1673,5,16,9.3,1.84662,0,119,69.3,20.6593,0,7,1.8,30.5765,14,117,7,9,119,2,5,0,0,5,0,0,5,0,0,12,118,3,12,119,2,16,110,2,5,0,0,10,110,2
1674,5,16,9.4,1.8868,0,120,68.9,20.628,0,7,2,30.5146,14,116,7,9,120,2,5,0,0,5,0,0,5,0,0,13,117,5,12,115,2,16,109,2,5,0,0,10,112,2
1675,5,16,9.4,1.8868,0,127,71.2,20.8113,0,7,2.1,30.4841,14,121,7,9,115,2,5,0,0,5,0,0,5,0,0,13,127,6,12,121,2,16,109,2,5,0,0,10,119,2
1676,5,16,9.4,1.8868,0,123,70.5,20.7398,0,6,2,30.5143,14,123,6,9,120,2,5,0,0,5,0,0,5,0,0,13,119,6,12,116,2,16,114,2,5,0,0,10,113,2
1677,5,16,9.4,1.8868,0,121,69.7,20.6763,0,6,2,30.5143,14,121,6,9,117,2,5,0,0,5,0,0,5,0,0,13,114,6,12,119,2,16,110,2,5,0,0,10,116,2
1678,5,16,9.4,1.8868,0,117,69.4,20.6375,0,6,2,30.5143,14,117,6,9,117,2,5,0,0,5,0,0,5,0,0,13,114,6,12,117,2,16,115,2,5,0,0,10,114,2
1679,5,16,9.4,1.8868,0,123,69.8,20.7076,0,6,2,30.5143,14,116,6,9,123,2,5,0,0,5,0,0,5,0,0,13,115,6,12,122,2,16,107,2,5,0,0,10,115,2
1680,5,16,9.4,1.8868,0,124,70,20.7292,0,6,2,30.5143,14,124,6,9,120,2,5,0,0,5,0,0,5,0,0,13,116,6,12,119,2,16,107,2,5,0,0,10,114,2
1681,5,16,9.4,1.8868,0,132,73.8,21.0863,0,7,2.1,30.4841,14,129,6,9,125,2,5,0,0,5,0,0,5,0,0,13,124,7,12,132,2,16,116,2,5,0,0,10,112,2
1682,5,16,9.4,1.8868,0,125,70.9,20.7907,0,7,2.1,30.4841,14,118,6,9,125,2,5,0,0,5,0,0,5,0,0,13,118,7,12,124,2,16,110,2,5,0,0,10,114,2
1683,5,16,9.4,1.8868,0,130,72.3,20.9032,0,7,2.1,30.4841,14,116,6,9,130,2,5,0,0,5,0,0,5,0,0,13,121,7,12,123,2,16,113,2,5,0,0,10,120,2
1684,5,16,9.4,1.8868,0,128,72.3,20.887,0,6,2,30.5143,14,113,6,9,128,2,5,0,0,5,0,0,5,0,0,13,117,6,12,117,2,16,123,2,5,0,0,10,125,2
1685,5,16,9.4,1.8868,0,127,72.4,20.901,0,7,2.1,30.4841,14,110,6,9,127,2,5,0,0,5,0,0,5,0,0,13,122,7,12,117,2,16,122,2,5,0,0,10,126,2
1686,5,16,9.4,1.8868,0,128,73.4,20.9942,0,7,2.1,30.4841,14,114,6,9,126,2,5,0,0,5,0,0,5,0,0,13,128,7,12,115,2,16,124,2,5,0,0,10,127,2
1687,5,16,9.5,1.93649,0,123,71.4,20.7937,0,6,2,30.5143,15,116,6,9,121,2,5,0,0,5,0,0,5,0,0,13,123,6,12,116,2,16,122,2,5,0,0,10,116,2
1688,5,16,9.5,1.93649,0,128,72.7,20.9339,0,6,1.9,30.5448,15,118,6,9,124,2,5,0,0,5,0,0,5,0,0,13,126,5,12,117,2,16,128,2,5,0,0,10,114,2
1689,5,16,9.5,1.93649,0,125,71.8,20.824,0,6,1.8,30.5755,15,121,6,9,120,2,5,0,0,5,0,0,5,0,0,13,117,4,12,116,2,16,125,2,5,0,0,10,119,2
1690,5,16,9.5,1.93649,0,127,74,21.0255,0,6,1.8,30.5755,15,121,6,9,127,2,5,0,0,5,0,0,5,0,0,13,119,4,12,125,2,16,122,2,5,0,0,10,126,2
1691,5,16,9.5,1.93649,0,128,71.7,20.84,0,6,1.8,30.5755,15,119,6,9,128,2,5,0,0,5,0,0,5,0,0,13,120,4,12,113,2,16,117,2,5,0,0,10,120,2
1692,5,16,9.5,1.93649,0,127,70.4,20.7564,0,7,1.9,30.5454,15,117,7,9,127,2,5,0,0,5,0,0,5,0,0,13,109,4,12,111,2,16,118,2,5,0,0,10,122,2
1693,5,16,9.5,1.93649,0,126,70.2,20.7434,0,7,1.9,30.5454,15,112,7,9,126,2,5,0,0,5,0,0,5,0,0,13,111,4,12,111,2,16,125,2,5,0,0,10,117,2
1694,5,16,9.5,1.93649,0,124,68.7,20.627,0,7,1.9,30.5454,15,110,7,9,119,2,5,0,0,5,0,0,5,0,0,13,109,4,12,114,2,16,124,2,5,0,0,10,111,2
1695,5,16,9.5,1.93649,0,129,70.6,20.76,0,7,1.9,30.5454,15,118,7,9,118,2,5,0,0,5,0,0,5,0,0,13,110,4,12,115,2,16,129,2,5,0,0,10,116,2
1696,5,16,9.5,1.93649,0,127,70.8,20.7772,0,7,1.9,30.5454,15,111,7,9,123,2,5,0,0,5,0,0,5,0,0,13,117,4,12,118,2,16,127,2,5,0,0,10,112,2
1697,5,16,9.5,1.93649,0,125,71.9,20.8574,0,6,1.8,30.5755,15,117,6,9,125,2,5,0,0,5,0,0,5,0,0,13,120,4,12,120,2,16,125,2,5,0,0,10,112,2
1698,5,16,9.5,1.93649,0,124,70.3,20.7374,0,6,1.8,30.5755,15,112,6,9,124,2,5,0,0,5,0,0,5,0,0,13,117,4,12,115,2,16,124,2,5,0,0,10,111,2
1699,5,16,9.5,1.93649,0,124,71,20.8076,0,6,1.9,30.5441,15,120,6,9,120,3,5,0,0,5,0,0,5,0,0,13,119,4,12,121,2,16,124,2,5,0,0,10,106,2
1700,5,16,9.5,1.93649,0,122,69.6,20.709,0,6,1.9,30.5441,15,115,6,9,120,3,5,0,0,5,0,0,5,0,0,13,119,4,12,122,2,16,116,2,5,0,0,10,104,2
1701,5,16,9.5,1.93649,0,122,70.8,20.7519,0,6,1.9,30.5441,15,120,6,9,116,3,5,0,0,5,0,0,5,0,0,13,119,4,12,122,2,16,119,2,5,0,0,10,112,2
1702,5,16,9.5,1.93649,0,126,70.7,20.7787,0,6,2,30.5133,15,126,6,9,122,3,5,0,0,5,0,0,5,0,0,13,119,5,12,115,2,16,112,2,5,0,0,10,113,2
1703,5,16,9.5,1.93649,0,122,69.3,20.6634,0,6,2,30.5133,15,121,6,9,113,3,5,0,0,5,0,0,5,0,0,13,122,5,12,112,2,16,109,2,5,0,0,10,116,2
1704,5,16,9.5,1.93649,0,123,71.2,20.7742,0,6,2,30.5133,15,112,6,9,116,3,5,0,0,5,0,0,5,0,0,13,123,5,12,122,2,16,117,2,5,0,0,10,122,2
1705,5,16,9.5,1.93649,0,125,71,20.7767,0,6,2,30.5133,15,107,6,9,119,3,5,0,0,5,0,0,5,0,0,13,120,5,12,116,2,16,123,2,5,0,0,10,125,2
1706,5,16,9.5,1.93649,0,124,70.8,20.7624,0,6,2,30.5133,15,110,6,9,117,3,5,0,0,5,0,0,5,0,0,13,124,5,12,112,2,16,124,2,5,0,0,10,121,2
1707,5,16,9.5,1.93649,0,130,70.4,20.742,0,6,1.9,30.5448,15,114,6,9,111,2,5,0,0,5,0,0,5,0,0,13,117,5,12,111,2,16,121,2,5,0,0,10,130,2
1708,5,16,9.5,1.93649,0,131,71.1,20.7923,0,6,2,30.5143,15,113,6,9,115,2,5,0,0,5,0,0,5,0,0,13,120,6,12,112,2,16,120,2,5,0,0,10,131,2
1709,5,16,9.5,1.93649,0,123,71.7,20.8044,0,6,2,30.5143,15,119,6,9,119,2,5,0,0,5,0,0,5,0,0,13,120,6,12,119,2,16,117,2,5,0,0,10,123,2
1710,5,16,9.5,1.93649,0,123,71.4,20.7838,0,6,2,30.5143,15,118,6,9,117,2,5,0,0,5,0,0,5,0,0,13,123,6,12,119,2,16,116,2,5,0,0,10,121,2
1711,5,16,9.5,1.93649,0,130,72.9,20.9308,0,6,2,30.5143,15,115,6,9,119,2,5,0,0,5,0,0,5,0,0,13,124,6,12,124,2,16,117,2,5,0,0,10,130,2
1712,5,16,9.5,1.93649,0,126,71.4,20.8043,0,6,1.9,30.5448,15,115,6,9,120,2,5,0,0,5,0,0,5,0,0,13,120,5,12,126,2,16,112,2,5,0,0,10,121,2
1713,5,16,9.5,1.93649,0,126,70.2,20.7353,0,6,1.9,30.5448,15,112,6,9,113,2,5,0,0,5,0,0,5,0,0,13,119,5,12,126,2,16,108,2,5,0,0,10,124,2
1714,5,16,9.5,1.93649,0,130,72.5,20.9485,0,6,1.9,30.5448,15,123,6,9,123,2,5,0,0,5,0,0,5,0,0,13,120,5,12,123,2,16,106,2,5,0,0,10,130,2
1715,5,16,9.5,1.93649,0,122,70.9,20.7629,0,6,1.9,30.5448,15,122,6,9,115,2,5,0,0,5,0,0,5,0,0,13,118,5,12,122,2,16,111,2,5,0,0,10,121,2
1716,5,16,9.5,1.93649,0,125,70.5,20.7638,0,6,1.9,30.5448,15,125,6,9,118,2,5,0,0,5,0,0,5,0,0,13,116,5,12,123,2,16,109,2,5,0,0,10,114,2
1717,5,16,9.5,1.93649,0,128,71.7,20.8757,0,6,1.9,30.5448,15,128,6,9,121,2,5,0,0,5,0,0,5,0,0,13,118,5,12,125,2,16,115,2,5,0,0,10,110,2
1718,5,16,9.5,1.93649,0,130,73.8,21.0507,0,6,1.9,30.5448,15,126,6,9,127,2,5,0,0,5,0,0,5,0,0,13,122,5,12,130,2,16,118,2,5,0,0,10,115,2
1719,5,16,9.5,1.93649,0,128,72.7,20.9372,0,6,1.9,30.5448,15,118,6,9,127,2,5,0,0,5,0,0,5,0,0,13,114,5,12,128,2,16,124,2,5,0,0,10,116,2
1720,5,16,9.5,1.93649,0,128,72.3,20.8796,0,6,1.9,30.5448,15,120,6,9,115,2,5,0,0,5,0,0,5,0,0,13,117,5,12,128,2,16,125,2,5,0,0,10,118,2
1721,5,16,9.5,1.93649,0,133,73.8,21.0252,0,6,1.9,30.5448,15,121,6,9,118,2,5,0,0,5,0,0,5,0,0,13,118,5,12,126,2,16,133,2,5,0,0,10,122,2
1722,5,16,9.5,1.93649,0,130,74.4,21.0687,0,6,1.9,30.5448,15,120,6,9,121,2,5,0,0,5,0,0,5,0,0,13,125,5,12,130,2,16,126,2,5,0,0,10,122,2
1723,5,16,9.5,1.93649,0,128,74.1,21.0521,0,6,1.8,30.5755,15,127,6,9,126,2,5,0,0,5,0,0,5,0,0,13,121,4,12,119,2,16,128,2,5,0,0,10,120,2
1724,5,16,9.5,1.93649,0,130,75.2,21.152,0,6,1.8,30.5755,15,125,6,9,119,2,5,0,0,5,0,0,5,0,0,13,127,4,12,126,2,16,130,2,5,0,0,10,125,2
1725,5,16,9.5,1.93649,0,129,73.7,21.0169,0,6,1.8,30.5755,15,127,6,9,115,2,5,0,0,5,0,0,5,0,0,13,129,4,12,123,2,16,119,2,5,0,0,10,124,2
1726,5,16,9.5,1.93649,0,124,72.6,20.8904,0,6,1.8,30.5755,15,120,6,9,122,2,5,0,0,5,0,0,5,0,0,13,124,4,12,122,2,16,117,2,5,0,0,10,121,2
1727,5,16,9.5,1.93649,0,127,71.3,20.8514,0,5,1.7,30.6059,15,122,5,9,127,2,5,0,0,5,0,0,5,0,0,13,111,4,12,126,2,16,109,2,5,0,0,10,118,2
1728,5,16,9.5,1.93649,0,127,71.9,20.8829,0,5,1.7,30.6059,15,127,5,9,126,2,5,0,0,5,0,0,5,0,0,13,117,4,12,120,2,16,110,2,5,0,0,10,119,2
1729,5,16,9.5,1.93649,0,126,70.9,20.7809,0,5,1.7,30.6059,15,121,5,9,126,2,5,0,0,5,0,0,5,0,0,13,116,4,12,117,2,16,111,2,5,0,0,10,118,2
1730,5,16,9.5,1.93649,0,125,69.9,20.6819,0,5,1.7,30.6059,15,116,5,9,117,2,5,0,0,5,0,0,5,0,0,13,115,4,12,114,2,16,112,2,5,0,0,10,125,2
1731,5,16,9.5,1.93649,0,119,69.2,20.6313,0,6,1.9,30.5448,15,114,6,9,119,2,5,0,0,5,0,0,5,0,0,13,116,5,12,116,2,16,110,2,5,0,0,10,117,2
1732,5,16,9.5,1.93649,0,121,69.8,20.6687,0,6,1.9,30.5448,15,115,6,9,113,2,5,0,0,5,0,0,5,0,0,13,121,5,12,118,2,16,112,2,5,0,0,10,119,2
1733,5,16,9.5,1.93649,0,128,72,20.8757,0,7,2,30.5146,15,116,7,9,120,2,5,0,0,5,0,0,5,0,0,13,128,5,12,124,2,16,110,2,5,0,0,10,122,2
1734,5,16,9.5,1.93649,0,123,69.8,20.6748,0,7,2,30.5146,15,113,7,9,109,2,5,0,0,5,0,0,5,0,0,13,118,5,12,123,2,16,118,2,5,0,0,10,117,2
1735,5,16,9.5,1.93649,0,127,72.5,20.8962,0,7,2,30.5146,15,120,7,9,116,2,5,0,0,5,0,0,5,0,0,13,127,5,12,122,2,16,124,2,5,0,0,10,116,2
1736,5,16,9.5,1.93649,0,130,72.4,20.9237,0,7,2,30.5146,15,126,7,9,111,2,5,0,0,5,0,0,5,0,0,13,123,5,12,119,2,16,130,2,5,0,0,10,115,2
1737,5,16,9.5,1.93649,0,128,72,20.8609,0,7,2,30.5146,15,123,7,9,113,2,5,0,0,5,0,0,5,0,0,13,121,5,12,119,2,16,128,2,5,0,0,10,116,2
1738,5,16,9.5,1.93649,0,125,71.3,20.8054,0,6,1.9,30.5448,15,123,6,9,112,2,5,0,0,5,0,0,5,0,0,13,125,5,12,113,2,16,122,2,5,0,0,10,118,2
1739,5,16,9.5,1.93649,0,134,73.5,21.0679,0,6,1.8,30.5755,15,122,6,9,107,2,5,0,0,5,0,0,5,0,0,13,134,4,12,123,2,16,131,2,5,0,0,10,118,2
1740,5,16,9.5,1.93649,0,135,73.2,21.0241,0,5,1.7,30.6059,15,115,5,9,110,2,5,0,0,5,0,0,5,0,0,13,121,4,12,131,2,16,135,2,5,0,0,10,120,2
1741,5,16,9.5,1.93649,0,137,73.4,21.0738,0,5,1.7,30.6059,15,121,5,9,105,2,5,0,0,5,0,0,5,0,0,13,116,4,12,127,2,16,137,2,5,0,0,10,128,2
1742,5,16,9.5,1.93649,0,133,72.5,20.9587,0,5,1.7,30.6059,15,127,5,9,108,2,5,0,0,5,0,0,5,0,0,13,117,4,12,123,2,16,133,2,5,0,0,10,117,2
1743,5,16,9.5,1.93649,0,131,71.5,20.8633,0,5,1.7,30.6059,15,119,5,9,115,2,5,0,0,5,0,0,5,0,0,13,118,4,12,124,2,16,131,2,5,0,0,10,108,2
1744,5,16,9.5,1.93649,0,122,70.4,20.7277,0,5,1.7,30.6059,15,115,5,9,118,2,5,0,0,5,0,0,5,0,0,13,119,4,12,122,2,16,120,2,5,0,0,10,110,2
1745,5,16,9.5,1.93649,0,124,71.3,20.7937,0,5,1.7,30.6059,15,115,5,9,115,2,5,0,0,5,0,0,5,0,0,13,124,4,12,123,2,16,122,2,5,0,0,10,114,2
1746,5,16,9.5,1.93649,0,121,69,20.6412,0,4,1.6,30.6366,15,106,4,9,117,2,5,0,0,5,0,0,5,0,0,13,117,4,12,119,2,16,121,2,5,0,0,10,110,2
1747,5,16,9.5,1.93649,0,118,68.7,20.5992,0,4,1.6,30.6366,15,109,4,9,118,2,5,0,0,5,0,0,5,0,0,13,115,4,12,118,2,16,112,2,5,0,0,10,115,2
1748,5,16,9.5,1.93649,0,121,69.6,20.6553,0,4,1.6,30.6366,15,113,4,9,121,2,5,0,0,5,0,0,5,0,0,13,113,4,12,114,2,16,116,2,5,0,0,10,119,2
1749,5,16,9.5,1.93649,0,126,70.7,20.7633,0,4,1.6,30.6366,15,120,4,9,120,2,5,0,0,5,0,0,5,0,0,13,119,4,12,110,2,16,112,2,5,0,0,10,126,2
1750,5,16,9.5,1.93649,0,129,71.2,20.7962,0,4,1.6,30.6366,15,118,4,9,120,2,5,0,0,5,0,0,5,0,0,13,117,4,12,117,2,16,111,2,5,0,0,10,129,2
1751,5,16,9.5,1.93649,0,135,71.6,20.8804,0,4,1.6,30.6366,15,122,4,9,115,2,5,0,0,5,0,0,5,0,0,13,121,4,12,114,2,16,109,2,5,0,0,10,135,2
1752,5,16,9.5,1.93649,0,128,71.9,20.8655,0,5,1.7,30.6059,15,121,4,9,115,2,5,0,0,5,0,0,5,0,0,13,128,5,12,115,2,16,113,2,5,0,0,10,127,2
1753,5,16,9.5,1.93649,0,127,73,20.9361,0,5,1.7,30.6059,15,120,4,9,122,2,5,0,0,5,0,0,5,0,0,13,127,5,12,124,2,16,118,2,5,0,0,10,119,2
1754,5,16,9.5,1.93649,0,123,72.4,20.878,0,5,1.7,30.6059,15,123,4,9,121,2,5,0,0,5,0,0,5,0,0,13,120,5,12,122,2,16,122,2,5,0,0,10,116,2
1755,5,16,9.5,1.93649,0,126,71.6,20.8273,0,5,1.7,30.6059,15,121,4,9,121,2,5,0,0,5,0,0,5,0,0,13,114,5,12,126,2,16,120,2,5,0,0,10,114,2
1756,5,16,9.5,1.93649,0,129,71.8,20.8515,0,5,1.7,30.6059,15,124,4,9,115,2,5,0,0,5,0,0,5,0,0,13,115,5,12,129,2,16,116,2,5,0,0,10,119,2
1757,5,16,9.5,1.93649,0,125,71.4,20.791,0,5,1.7,30.6059,15,119,4,9,118,2,5,0,0,5,0,0,5,0,0,13,114,5,12,125,2,16,119,2,5,0,0,10,119,2
1758,5,16,9.5,1.93649,0,126,71.7,20.8718,0,5,1.7,30.6059,15,122,4,9,126,2,5,0,0,5,0,0,5,0,0,13,115,5,12,119,2,16,126,2,5,0,0,10,109,2
1759,5,16,9.5,1.93649,0,124,71.9,20.8629,0,5,1.7,30.6059,15,124,4,9,122,2,5,0,0,5,0,0,5,0,0,13,124,5,12,116,2,16,121,2,5,0,0,10,112,2
1760,5,16,9.5,1.93649,0,125,71.9,20.8626,0,5,1.7,30.6059,15,122,4,9,125,2,5,0,0,5,0,0,5,0,0,13,125,5,12,116,2,16,117,2,5,0,0,10,114,2
1761,5,16,9.5,1.93649,0,124,72,20.8582,0,5,1.7,30.6059,15,123,4,9,124,2,5,0,0,5,0,0,5,0,0,13,122,5,12,114,2,16,115,2,5,0,0,10,122,2
1762,5,16,9.5,1.93649,0,123,71.5,20.8006,0,5,1.7,30.6059,15,119,4,9,123,2,5,0,0,5,0,0,5,0,0,13,118,5,12,119,2,16,114,2,5,0,0,10,122,2
1763,5,16,9.5,1.93649,0,124,71.7,20.8283,0,5,1.7,30.6059,15,124,4,9,123,2,5,0,0,5,0,0,5,0,0,13,117,5,12,120,2,16,117,2,5,0,0,10,116,2
1764,5,16,9.5,1.93649,0,124,70.4,20.73,0,5,1.7,30.6059,15,118,4,9,119,2,5,0,0,5,0,0,5,0,0,13,117,5,12,124,2,16,114,2,5,0,0,10,112,2
1765,5,16,9.5,1.93649,0,125,70.9,20.7608,0,5,1.7,30.6059,15,118,4,9,118,2,5,0,0,5,0,0,5,0,0,13,119,5,12,125,2,16,114,2,5,0,0,10,115,2
1766,5,16,9.5,1.93649,0,121,69.3,20.6535,0,5,1.7,30.6059,15,111,4,9,121,2,5,0,0,5,0,0,5,0,0,13,117,5,12,119,2,16,115,2,5,0,0,10,110,2
1767,5,16,9.5,1.93649,0,130,69.8,20.7386,0,5,1.7,30.6059,15,109,4,9,130,2,5,0,0,5,0,0,5,0,0,13,114,5,12,120,2,16,114,2,5,0,0,10,111,2
1768,5,16,9.5,1.93649,0,125,69.5,20.6832,0,5,1.7,30.6059,15,112,4,9,125,2,5,0,0,5,0,0,5,0,0,13,111,5,12,116,2,16,120,2,5,0,0,10,111,2
1769,5,16,9.5,1.93649,0,119,67.7,20.5618,0,5,1.7,30.6059,15,106,4,9,117,2,5,0,0,5,0,0,5,0,0,13,113,5,12,119,2,16,114,2,5,0,0,10,108,2
1770,5,16,9.5,1.93649,0,120,68.8,20.6298,0,5,1.7,30.6059,15,108,4,9,119,2,5,0,0,5,0,0,5,0,0,13,119,5,12,120,2,16,112,2,5,0,0,10,110,2
1771,5,16,9.5,1.93649,0,122,70.5,20.7227,0,5,1.7,30.6059,15,113,4,9,118,2,5,0,0,5,0,0,5,0,0,13,122,5,12,120,2,16,118,2,5,0,0,10,114,2
1772,5,16,9.5,1.93649,0,122,69.8,20.6957,0,5,1.7,30.6059,15,117,4,9,118,2,5,0,0,5,0,0,5,0,0,13,122,5,12,119,2,16,113,2,5,0,0,10,109,2
1773,5,16,9.5,1.93649,0,124,70.1,20.7222,0,5,1.7,30.6059,15,113,4,9,109,2,5,0,0,5,0,0,5,0,0,13,124,5,12,124,2,16,111,2,5,0,0,10,120,2
1774,5,16,9.6,1.97484,0,120,69,20.6306,0,5,1.8,30.5745,15,116,4,9,107,2,5,0,0,5,0,0,5,0,0,13,119,5,13,120,3,16,116,2,5,0,0,10,112,2
1775,5,16,9.6,1.97484,0,123,69.1,20.6639,0,5,1.8,30.5745,15,112,4,9,116,2,5,0,0,5,0,0,5,0,0,13,116,5,13,123,3,16,119,2,5,0,0,10,105,2
1776,5,16,9.6,1.97484,0,123,68.9,20.6328,0,5,1.8,30.5745,15,108,4,9,117,2,5,0,0,5,0,0,5,0,0,13,113,5,13,118,3,16,123,2,5,0,0,10,110,2
1777,5,16,9.6,1.97484,0,120,69.1,20.6513,0,5,1.8,30.5745,15,118,4,9,120,2,5,0,0,5,0,0,5,0,0,13,114,5,13,109,3,16,120,2,5,0,0,10,110,2
1778,5,16,9.6,1.97484,0,120,69.2,20.6294,0,5,1.8,30.5745,15,116,4,9,115,2,5,0,0,5,0,0,5,0,0,13,120,5,13,112,3,16,115,2,5,0,0,10,114,2
1779,5,16,9.6,1.97484,0,122,69.7,20.7161,0,5,1.8,30.5745,15,122,4,9,120,2,5,0,0,5,0,0,5,0,0,13,118,5,13,103,3,16,118,2,5,0,0,10,116,2
1780,5,16,9.6,1.97484,0,124,70.7,20.7881,0,5,1.8,30.5745,15,124,4,9,123,2,5,0,0,5,0,0,5,0,0,13,118,5,13,108,3,16,111,2,5,0,0,10,123,2
1781,5,16,9.6,1.97484,0,126,72.1,20.8785,0,5,1.8,30.5745,15,124,4,9,123,2,5,0,0,5,0,0,5,0,0,13,120,5,13,110,3,16,118,2,5,0,0,10,126,2
1782,5,16,9.6,1.97484,0,126,71.9,20.8485,0,5,1.8,30.5745,15,120,4,9,120,2,5,0,0,5,0,0,5,0,0,13,123,5,13,116,3,16,126,2,5,0,0,10,114,2
1783,5,16,9.6,1.97484,0,130,71.8,20.8648,0,5,1.8,30.5745,15,117,4,9,116,2,5,0,0,5,0,0,5,0,0,13,126,5,13,111,3,16,130,2,5,0,0,10,118,2
1784,5,16,9.6,1.97484,0,128,72.1,20.8485,0,5,1.8,30.5745,15,117,4,9,118,2,5,0,0,5,0,0,5,0,0,13,119,5,13,118,3,16,128,2,5,0,0,10,121,2
1785,5,16,9.6,1.97484,0,126,72.3,20.8624,0,4,1.7,30.6053,15,119,4,9,119,2,5,0,0,5,0,0,5,0,0,13,116,4,13,119,3,16,126,2,5,0,0,10,124,2
1786,5,16,9.7,2.02731,0,126,73.1,20.9497,0,5,1.8,30.5745,16,126,5,9,115,2,5,0,0,5,0,0,5,0,0,13,126,4,13,121,3,16,123,2,5,0,0,10,120,2
1787,5,16,9.7,2.02731,0,124,72.9,20.932,0,5,1.8,30.5745,16,124,5,9,120,2,5,0,0,5,0,0,5,0,0,13,124,4,13,122,3,16,124,2,5,0,0,10,115,2
1788,5,16,9.7,2.02731,0,126,71.3,20.7961,0,4,1.7,30.6053,16,119,4,9,126,2,5,0,0,5,0,0,5,0,0,13,118,4,13,114,3,16,117,2,5,0,0,10,119,2
1789,5,16,9.7,2.02731,0,130,70.8,20.8309,0,4,1.7,30.6053,16,120,4,9,130,2,5,0,0,5,0,0,5,0,0,13,121,4,13,112,3,16,118,2,5,0,0,10,107,2
1790,5,16,9.7,2.02731,0,131,71.7,20.92,0,4,1.7,30.6053,16,131,4,9,125,2,5,0,0,5,0,0,5,0,0,13,124,4,13,108,3,16,117,2,5,0,0,10,112,2
1791,5,16,9.7,2.02731,0,136,73.8,21.1146,0,4,1.7,30.6053,16,136,4,9,128,2,5,0,0,5,0,0,5,0,0,13,127,4,13,114,3,16,118,2,5,0,0,10,115,2
1792,5,16,9.7,2.02731,0,126,71.5,20.8367,0,4,1.7,30.6053,16,126,4,9,124,2,5,0,0,5,0,0,5,0,0,13,121,4,13,115,3,16,114,2,5,0,0,10,115,2
1793,5,16,9.7,2.02731,0,128,71.9,20.8953,0,4,1.7,30.6053,16,128,4,9,125,2,5,0,0,5,0,0,5,0,0,13,121,4,13,117,3,16,108,2,5,0,0,10,120,2
1794,5,16,9.7,2.02731,0,123,68.9,20.6252,0,4,1.7,30.6053,16,116,4,9,116,2,5,0,0,5,0,0,5,0,0,13,114,4,13,112,3,16,108,2,5,0,0,10,123,2
1795,5,16,9.7,2.02731,0,123,70,20.6841,0,4,1.7,30.6053,16,117,4,9,114,2,5,0,0,5,0,0,5,0,0,13,112,4,13,120,3,16,114,2,5,0,0,10,123,2
1796,5,16,9.7,2.02731,0,123,70.7,20.7353,0,4,1.7,30.6053,16,119,4,9,114,2,5,0,0,5,0,0,5,0,0,13,123,4,13,118,3,16,115,2,5,0,0,10,118,2
1797,5,16,9.7,2.02731,0,126,69.5,20.6983,0,4,1.7,30.6053,16,119,4,9,109,2,5,0,0,5,0,0,5,0,0,13,126,4,13,119,3,16,108,2,5,0,0,10,114,2
1798,5,16,9.7,2.02731,0,124,68.8,20.6623,0,4,1.7,30.6053,16,119,4,9,111,2,5,0,0,5,0,0,5,0,0,13,119,4,13,124,3,16,107,2,5,0,0,10,108,2
1799,5,16,9.7,2.02731,0,123,68.7,20.6672,0,4,1.7,30.6053,16,123,4,9,102,2,5,0,0,5,0,0,5,0,0,13,119,4,13,119,3,16,116,2,5,0,0,10,108,2
1800,5,16,9.7,2.02731,0,123,68.3,20.6514,0,4,1.7,30.6053,16,118,4,9,98,2,5,0,0,5,0,0,5,0,0,13,120,4,13,113,3,16,123,2,5,0,0,10,111,2
1801,5,16,9.7,2.02731,0,123,69.2,20.6731,0,4,1.7,30.6053,16,119,4,9,106,2,5,0,0,5,0,0,5,0,0,13,114,4,13,121,3,16,123,2,5,0,0,10,109,2
1802,5,16,9.7,2.02731,0,122,69,20.6624,0,4,1.7,30.6053,16,122,4,9,106,2,5,0,0,5,0,0,5,0,0,13,114,4,13,122,3,16,117,2,5,0,0,10,109,2
1803,5,16,9.7,2.02731,0,126,70,20.7496,0,4,1.7,30.6053,16,126,4,9,109,2,5,0,0,5,0,0,5,0,0,13,115,4,13,124,3,16,118,2,5,0,0,10,108,2
1804,5,16,9.7,2.02731,0,131,69.1,20.7316,0,4,1.7,30.6053,16,131,4,9,115,2,5,0,0,5,0,0,5,0,0,13,109,4,13,119,3,16,110,2,5,0,0,10,107,2
1805,5,16,9.7,2.02731,0,130,70.1,20.7701,0,4,1.7,30.6053,16,130,4,9,116,2,5,0,0,5,0,0,5,0,0,13,109,4,13,119,3,16,118,2,5,0,0,10,109,2
1806,5,16,9.7,2.02731,0,138,71.8,20.9454,0,4,1.7,30.6053,16,138,4,9,119,2,5,0,0,5,0,0,5,0,0,13,113,4,13,120,3,16,116,2,5,0,0,10,112,2
1807,5,16,9.7,2.02731,0,130,71.3,20.8599,0,4,1.7,30.6053,16,130,4,9,122,2,5,0,0,5,0,0,5,0,0,13,111,4,13,122,3,16,118,2,5,0,0,10,110,2
1808,5,16,9.7,2.02731,0,132,72.8,21.0256,0,4,1.7,30.6053,16,132,4,9,129,2,5,0,0,5,0,0,5,0,0,13,114,4,13,122,3,16,123,2,5,0,0,10,108,2
1809,5,16,9.7,2.02731,0,134,73.3,21.0704,0,4,1.7,30.6053,16,134,4,9,127,2,5,0,0,5,0,0,5,0,0,13,116,4,13,128,3,16,118,2,5,0,0,10,110,2
1810,5,16,9.7,2.02731,0,128,71,20.8213,0,4,1.7,30.6053,16,128,4,9,122,2,5,0,0,5,0,0,5,0,0,13,118,4,13,120,3,16,111,2,5,0,0,10,111,2
1811,5,16,9.7,2.02731,0,124,72,20.8437,0,4,1.7,30.6053,16,124,4,9,121,2,5,0,0,5,0,0,5,0,0,13,121,4,13,117,3,16,117,2,5,0,0,10,120,2
1812,5,16,9.7,2.02731,0,126,71.7,20.8304,0,4,1.7,30.6053,16,126,4,9,122,2,5,0,0,5,0,0,5,0,0,13,116,4,13,116,3,16,118,2,5,0,0,10,119,2
1813,5,16,9.7,2.02731,0,127,71.5,20.8296,0,4,1.7,30.6053,16,126,4,9,115,2,5,0,0,5,0,0,5,0,0,13,113,4,13,117,3,16,127,2,5,0,0,10,117,2
1814,5,16,9.7,2.02731,0,131,71.8,20.8819,0,4,1.7,30.6053,16,131,4,9,112,2,5,0,0,5,0,0,5,0,0,13,115,4,13,113,3,16,120,2,5,0,0,10,127,2
1815,5,16,9.7,2.02731,0,127,72.5,20.9013,0,4,1.7,30.6053,16,127,4,9,117,2,5,0,0,5,0,0,5,0,0,13,117,4,13,115,3,16,125,2,5,0,0,10,124,2
1816,5,16,9.7,2.02731,0,125,71,20.7603,0,4,1.7,30.6053,16,117,4,9,114,2,5,0,0,5,0,0,5,0,0,13,125,4,13,115,3,16,119,2,5,0,0,10,120,2
1817,5,16,9.7,2.02731,0,126,69.2,20.6569,0,4,1.7,30.6053,16,107,4,9,112,2,5,0,0,5,0,0,5,0,0,13,126,4,13,117,3,16,114,2,5,0,0,10,116,2
1818,5,16,9.7,2.02731,0,135,71.6,20.8735,0,4,1.7,30.6053,16,110,4,9,118,2,5,0,0,5,0,0,5,0,0,13,135,4,13,115,3,16,119,2,5,0,0,10,119,2
1819,5,16,9.7,2.02731,0,132,72.4,20.9179,0,4,1.7,30.6053,16,112,4,9,122,2,5,0,0,5,0,0,5,0,0,13,132,4,13,114,3,16,121,2,5,0,0,10,123,2
1820,5,16,9.7,2.02731,0,124,70.4,20.7367,0,4,1.7,30.6053,16,112,4,9,120,2,5,0,0,5,0,0,5,0,0,13,119,4,13,108,3,16,124,2,5,0,0,10,121,2
1821,5,16,9.7,2.02731,0,126,70.9,20.7966,0,4,1.7,30.6053,16,118,4,9,122,2,5,0,0,5,0,0,5,0,0,13,112,4,13,107,3,16,124,2,5,0,0,10,126,2
1822,5,16,9.7,2.02731,0,123,69.8,20.6851,0,4,1.7,30.6053,16,120,4,9,114,2,5,0,0,5,0,0,5,0,0,13,112,4,13,110,3,16,123,2,5,0,0,10,119,2
1823,5,16,9.7,2.02731,0,128,71.4,20.8184,0,4,1.7,30.6053,16,128,4,9,113,2,5,0,0,5,0,0,5,0,0,13,113,4,13,117,3,16,120,2,5,0,0,10,123,2
1824,5,16,9.7,2.02731,0,126,71.8,20.8458,0,4,1.7,30.6053,16,125,4,9,110,2,5,0,0,5,0,0,5,0,0,13,116,4,13,118,3,16,123,2,5,0,0,10,126,2
1825,5,16,9.7,2.02731,0,126,71.7,20.8207,0,4,1.7,30.6053,16,113,4,9,119,2,5,0,0,5,0,0,5,0,0,13,122,4,13,126,3,16,119,2,5,0,0,10,118,2
1826,5,16,9.7,2.02731,0,126,70.6,20.7536,0,4,1.7,30.6053,16,115,4,9,118,2,5,0,0,5,0,0,5,0,0,13,116,4,13,121,3,16,126,2,5,0,0,10,110,2
1827,5,16,9.7,2.02731,0,131,72.6,20.9233,0,4,1.7,30.6053,16,120,4,9,118,2,5,0,0,5,0,0,5,0,0,13,112,4,13,118,3,16,131,2,5,0,0,10,127,2
1828,5,16,9.7,2.02731,0,135,72.5,20.955,0,4,1.7,30.6053,16,123,4,9,114,2,5,0,0,5,0,0,5,0,0,13,110,4,13,117,3,16,135,2,5,0,0,10,126,2
1829,5,16,9.7,2.02731,0,129,71.9,20.878,0,4,1.7,30.6053,16,120,4,9,118,2,5,0,0,5,0,0,5,0,0,13,106,4,13,121,3,16,125,2,5,0,0,10,129,2
1830,5,16,9.7,2.02731,0,129,71.6,20.8191,0,4,1.7,30.6053,16,116,4,9,119,2,5,0,0,5,0,0,5,0,0,13,112,4,13,118,3,16,122,2,5,0,0,10,129,2
1831,5,16,9.7,2.02731,0,125,71.1,20.7726,0,4,1.7,30.6053,16,113,4,9,118,2,5,0,0,5,0,0,5,0,0,13,114,4,13,123,3,16,125,2,5,0,0,10,118,2
1832,5,16,9.7,2.02731,0,128,71.5,20.8579,0,4,1.7,30.6053,16,112,4,9,128,2,5,0,0,5,0,0,5,0,0,13,107,4,13,120,3,16,121,2,5,0,0,10,127,2
1833,5,16,9.8,2.04939,0,124,71,20.7968,0,4,1.8,30.5739,16,109,4,10,124,3,5,0,0,5,0,0,5,0,0,13,109,4,13,123,3,16,122,2,5,0,0,10,123,2
1834,5,16,9.8,2.04939,0,122,69.9,20.6935,0,4,1.8,30.5739,16,108,4,10,121,3,5,0,0,5,0,0,5,0,0,13,112,4,13,122,3,16,119,2,5,0,0,10,117,2
1835,5,16,9.8,2.04939,0,125,71.4,20.8051,0,4,1.8,30.5739,16,112,4,10,123,3,5,0,0,5,0,0,5,0,0,13,114,4,13,122,3,16,125,2,5,0,0,10,118,2
1836,5,16,9.8,2.04939,0,128,72.2,20.8923,0,4,1.8,30.5739,16,111,4,10,128,3,5,0,0,5,0,0,5,0,0,13,115,4,13,124,3,16,125,2,5,0,0,10,119,2
1837,5,16,9.9,2.09045,0,128,72.1,20.8738,0,5,2,30.512,16,113,4,10,125,4,5,0,0,5,0,0,5,0,0,14,116,5,13,122,3,16,128,2,5,0,0,10,117,2
1838,5,16,9.9,2.09045,0,128,72.2,20.8866,0,5,2,30.512,16,115,4,10,128,4,5,0,0,5,0,0,5,0,0,14,122,5,13,116,3,16,125,2,5,0,0,10,116,2
1839,5,16,9.9,2.09045,0,132,73.6,21.0393,0,5,2,30.512,16,116,4,10,132,4,5,0,0,5,0,0,5,0,0,14,126,5,13,124,3,16,124,2,5,0,0,10,114,2
1840,5,16,9.9,2.09045,0,125,71.4,20.8376,0,5,2,30.512,16,120,4,10,122,4,5,0,0,5,0,0,5,0,0,14,124,5,13,125,3,16,112,2,5,0,0,10,111,2
1841,5,16,9.9,2.09045,0,131,72.7,20.9558,0,5,2,30.512,16,125,4,10,118,4,5,0,0,5,0,0,5,0,0,14,131,5,13,124,3,16,115,2,5,0,0,10,114,2
1842,5,16,9.9,2.09045,0,128,71.3,20.8101,0,5,2,30.512,16,120,4,10,116,4,5,0,0,5,0,0,5,0,0,14,128,5,13,120,3,16,112,2,5,0,0,10,117,2
1843,5,16,9.9,2.09045,0,124,71.2,20.7816,0,5,2,30.512,16,120,4,10,116,4,5,0,0,5,0,0,5,0,0,14,124,5,13,121,3,16,115,2,5,0,0,10,116,2
1844,5,16,9.9,2.09045,0,126,71.2,20.7907,0,5,2,30.512,16,114,4,10,112,4,5,0,0,5,0,0,5,0,0,14,124,5,13,122,3,16,114,2,5,0,0,10,126,2
1845,5,16,9.9,2.09045,0,125,71.1,20.7642,0,5,2,30.512,16,116,4,10,120,4,5,0,0,5,0,0,5,0,0,14,114,5,13,116,3,16,120,2,5,0,0,10,125,2
1846,5,16,9.9,2.09045,0,126,71.5,20.8389,0,5,2,30.512,16,110,4,10,124,4,5,0,0,5,0,0,5,0,0,14,120,5,13,110,3,16,125,2,5,0,0,10,126,2
1847,5,16,9.9,2.09045,0,132,71.9,20.8987,0,5,2,30.512,16,118,4,10,126,4,5,0,0,5,0,0,5,0,0,14,112,5,13,109,3,16,122,2,5,0,0,10,132,2
1848,5,16,9.9,2.09045,0,127,72.4,20.9224,0,5,2,30.512,16,123,4,10,125,4,5,0,0,5,0,0,5,0,0,14,111,5,13,112,3,16,126,2,5,0,0,10,127,2
1849,5,16,9.9,2.09045,0,128,73,20.9526,0,5,2,30.512,16,128,4,10,119,4,5,0,0,5,0,0,5,0,0,14,118,5,13,116,3,16,128,2,5,0,0,10,121,2
1850,5,16,9.9,2.09045,0,127,72.9,20.9382,0,6,2.2,30.4503,16,125,4,10,122,4,5,0,0,5,0,0,5,0,0,14,117,6,13,114,4,16,127,2,5,0,0,10,124,2
1851,5,16,9.9,2.09045,0,126,71.2,20.8071,0,6,2.2,30.4503,16,126,4,10,118,4,5,0,0,5,0,0,5,0,0,14,120,6,13,109,4,16,121,2,5,0,0,10,118,2
1852,5,16,9.9,2.09045,0,130,71.6,20.8465,0,6,2.2,30.4503,16,130,4,10,115,4,5,0,0,5,0,0,5,0,0,14,112,6,13,117,4,16,122,2,5,0,0,10,120,2
1853,5,16,9.9,2.09045,0,127,71,20.7752,0,6,2.2,30.4503,16,119,4,10,117,4,5,0,0,5,0,0,5,0,0,14,114,6,13,127,4,16,113,2,5,0,0,10,120,2
1854,5,16,9.9,2.09045,0,128,71.4,20.8432,0,5,2.1,30.4809,16,126,4,10,111,4,5,0,0,5,0,0,5,0,0,14,111,5,13,128,4,16,115,2,5,0,0,10,123,2
1855,5,16,9.9,2.09045,0,130,71.3,20.8703,0,4,1.9,30.5435,16,129,4,10,112,4,5,0,0,5,0,0,5,0,0,14,108,4,13,130,4,16,115,1,5,0,0,10,119,2
1856,5,16,9.9,2.09045,0,123,70.2,20.7328,0,4,1.9,30.5435,16,123,4,10,105,4,5,0,0,5,0,0,5,0,0,14,114,4,13,122,4,16,120,1,5,0,0,10,118,2
1857,5,16,9.9,2.09045,0,123,69.7,20.6983,0,4,1.9,30.5435,16,123,4,10,108,4,5,0,0,5,0,0,5,0,0,14,116,4,13,123,4,16,115,1,5,0,0,10,112,2
1858,5,16,9.9,2.09045,0,119,68.5,20.5832,0,4,1.9,30.5435,16,110,4,10,109,4,5,0,0,5,0,0,5,0,0,14,119,4,13,116,4,16,114,1,5,0,0,10,117,2
1859,5,16,9.9,2.09045,0,123,70.5,20.7098,0,4,1.9,30.5435,16,116,4,10,115,4,5,0,0,5,0,0,5,0,0,14,117,4,13,115,4,16,119,1,5,0,0,10,123,2
1860,5,16,9.9,2.09045,0,125,72.6,20.8884,0,4,1.9,30.5435,16,115,4,10,120,4,5,0,0,5,0,0,5,0,0,14,118,4,13,123,4,16,125,1,5,0,0,10,125,2
1861,5,16,9.9,2.09045,0,124,71.8,20.8211,0,4,1.9,30.5435,16,115,4,10,124,4,5,0,0,5,0,0,5,0,0,14,117,4,13,121,4,16,119,1,5,0,0,10,122,2
1862,5,16,9.9,2.09045,0,124,72.4,20.8712,0,4,1.9,30.5435,16,115,4,10,124,4,5,0,0,5,0,0,5,0,0,14,119,4,13,120,4,16,123,1,5,0,0,10,123,2
1863,5,16,9.9,2.09045,0,128,73.1,20.952,0,4,1.8,30.5745,16,119,4,10,128,4,5,0,0,5,0,0,5,0,0,14,122,4,13,122,3,16,123,1,5,0,0,10,117,2
1864,5,16,9.9,2.09045,0,128,72.5,20.8989,0,4,1.8,30.5745,16,121,4,10,128,4,5,0,0,5,0,0,5,0,0,14,118,4,13,117,3,16,122,1,5,0,0,10,119,2
1865,5,16,9.9,2.09045,0,128,70.4,20.7427,0,4,1.8,30.5745,16,113,4,10,128,4,5,0,0,5,0,0,5,0,0,14,114,4,13,116,3,16,114,1,5,0,0,10,119,2
1866,5,16,9.9,2.09045,0,123,69.3,20.6598,0,4,1.8,30.5745,16,109,4,10,115,4,5,0,0,5,0,0,5,0,0,14,108,4,13,122,3,16,123,1,5,0,0,10,116,2
1867,5,16,9.9,2.09045,0,128,71.1,20.796,0,4,1.8,30.5745,16,114,4,10,120,4,5,0,0,5,0,0,5,0,0,14,109,4,13,128,3,16,119,1,5,0,0,10,121,2
1868,5,16,9.9,2.09045,0,126,71.4,20.8364,0,4,1.6,30.6372,16,120,4,10,114,3,5,0,0,5,0,0,5,0,0,14,106,4,13,125,3,16,126,1,5,0,0,10,123,1
1869,5,16,9.9,2.09045,0,125,71.5,20.8221,0,4,1.7,30.6056,16,123,4,10,111,3,5,0,0,5,0,0,5,0,0,14,112,4,13,125,3,16,120,1,5,0,0,10,124,2
1870,5,16,9.9,2.09045,0,130,71.5,20.8548,0,4,1.7,30.6056,16,124,4,10,113,3,5,0,0,5,0,0,5,0,0,14,108,4,13,130,3,16,119,1,5,0,0,10,121,2
1871,5,16,9.9,2.09045,0,129,71.3,20.8353,0,4,1.7,30.6056,16,120,4,10,114,3,5,0,0,5,0,0,5,0,0,14,107,4,13,125,3,16,129,1,5,0,0,10,118,2
1872,5,16,9.9,2.09045,0,126,72.3,20.8732,0,4,1.7,30.6056,16,124,4,10,117,3,5,0,0,5,0,0,5,0,0,14,115,4,13,121,3,16,126,1,5,0,0,10,120,2
1873,5,16,9.9,2.09045,0,123,70.2,20.7173,0,4,1.7,30.6056,16,123,4,10,111,3,5,0,0,5,0,0,5,0,0,14,111,4,13,122,3,16,118,1,5,0,0,10,117,2
1874,5,16,9.9,2.09045,0,124,70.8,20.7483,0,4,1.7,30.6056,16,118,4,10,111,3,5,0,0,5,0,0,5,0,0,14,118,4,13,114,3,16,124,1,5,0,0,10,123,2
1875,5,16,9.9,2.09045,0,125,70.5,20.7324,0,4,1.6,30.6372,16,112,4,10,111,3,5,0,0,5,0,0,5,0,0,14,120,4,13,121,3,16,125,1,5,0,0,10,116,1
1876,5,16,9.9,2.09045,0,132,72.1,20.8793,0,4,1.6,30.6372,16,119,4,10,114,3,5,0,0,5,0,0,5,0,0,14,122,4,13,117,3,16,132,1,5,0,0,10,117,1
1877,5,16,9.9,2.09045,0,123,70.2,20.7,0,4,1.7,30.6062,16,111,4,10,112,3,5,0,0,5,0,0,5,0,0,14,123,4,13,118,4,16,119,1,5,0,0,10,119,1
1878,5,16,9.9,2.09045,0,122,71,20.7529,0,4,1.7,30.6062,16,115,4,10,117,3,5,0,0,5,0,0,5,0,0,14,122,4,13,116,4,16,122,1,5,0,0,10,118,1
1879,5,16,9.9,2.09045,0,123,71.3,20.7878,0,4,1.7,30.6062,16,119,4,10,122,3,5,0,0,5,0,0,5,0,0,14,118,4,13,113,4,16,123,1,5,0,0,10,118,1
1880,5,16,9.9,2.09045,0,123,70.5,20.7366,0,4,1.7,30.6062,16,116,4,10,123,3,5,0,0,5,0,0,5,0,0,14,115,4,13,115,4,16,123,1,5,0,0,10,113,1
1881,5,16,9.9,2.09045,0,126,70.1,20.7207,0,4,1.7,30.6062,16,114,4,10,126,3,5,0,0,5,0,0,5,0,0,14,115,4,13,109,4,16,118,1,5,0,0,10,119,1
1882,5,16,9.9,2.09045,0,124,71,20.773,0,4,1.6,30.6372,16,115,4,10,122,3,5,0,0,5,0,0,5,0,0,14,115,4,13,111,3,16,123,1,5,0,0,10,124,1
1883,5,16,9.9,2.09045,0,129,72.5,20.9048,0,4,1.7,30.6062,16,116,4,10,124,3,5,0,0,5,0,0,5,0,0,14,113,4,13,119,4,16,129,1,5,0,0,10,124,1
1884,5,16,9.9,2.09045,0,126,73.2,20.9576,0,4,1.7,30.6062,16,126,4,10,121,3,5,0,0,5,0,0,5,0,0,14,114,4,13,123,4,16,124,1,5,0,0,10,124,1
1885,5,16,9.9,2.09045,0,128,74,21.0382,0,4,1.7,30.6062,16,128,4,10,115,3,5,0,0,5,0,0,5,0,0,14,121,4,13,125,4,16,127,1,5,0,0,10,124,1
1886,5,16,9.9,2.09045,0,130,73.6,21.0026,0,4,1.7,30.6062,16,123,4,10,114,3,5,0,0,5,0,0,5,0,0,14,123,4,13,130,4,16,125,1,5,0,0,10,121,1
1887,5,16,9.9,2.09045,0,129,72.1,20.8802,0,4,1.7,30.6062,16,129,4,10,113,3,5,0,0,5,0,0,5,0,0,14,119,4,13,118,4,16,116,1,5,0,0,10,126,1
1888,5,16,9.9,2.09045,0,133,73,20.9728,0,4,1.7,30.6062,16,133,4,10,114,3,5,0,0,5,0,0,5,0,0,14,119,4,13,118,4,16,124,1,5,0,0,10,122,1
1889,5,16,9.9,2.09045,0,128,71.4,20.8259,0,4,1.5,30.6682,16,128,3,10,116,3,5,0,0,5,0,0,5,0,0,14,119,3,13,118,4,16,121,1,5,0,0,10,112,1
1890,5,16,9.9,2.09045,0,120,70.3,20.718,0,4,1.5,30.6682,16,120,3,10,118,3,5,0,0,5,0,0,5,0,0,14,120,3,13,118,4,16,116,1,5,0,0,10,111,1
1891,5,16,9.9,2.09045,0,123,70.9,20.7747,0,4,1.5,30.6682,16,119,3,10,123,3,5,0,0,5,0,0,5,0,0,14,123,3,13,110,4,16,116,1,5,0,0,10,118,1
1892,5,16,9.9,2.09045,0,126,71.6,20.8392,0,4,1.5,30.6682,16,115,3,10,126,3,5,0,0,5,0,0,5,0,0,14,124,3,13,111,4,16,116,1,5,0,0,10,124,1
1893,5,16,9.9,2.09045,0,121,69.9,20.6727,0,4,1.5,30.6682,16,111,3,10,118,3,5,0,0,5,0,0,5,0,0,14,118,3,13,113,4,16,118,1,5,0,0,10,121,1
1894,5,16,9.9,2.09045,0,124,69.2,20.6706,0,4,1.5,30.6682,16,107,3,10,124,3,5,0,0,5,0,0,5,0,0,14,114,3,13,110,4,16,113,1,5,0,0,10,124,1
1895,5,16,9.9,2.09045,0,117,68.6,20.5908,0,4,1.6,30.6366,16,108,3,10,117,3,5,0,0,5,0,0,5,0,0,14,115,3,13,117,4,16,112,2,5,0,0,10,117,1
1896,5,16,9.9,2.09045,0,128,72.2,20.8949,0,4,1.6,30.6366,16,109,3,10,128,3,5,0,0,5,0,0,5,0,0,14,122,3,13,117,4,16,119,2,5,0,0,10,127,1
1897,5,16,9.9,2.09045,0,127,71.2,20.7951,0,4,1.6,30.6366,16,111,3,10,127,3,5,0,0,5,0,0,5,0,0,14,116,3,13,118,4,16,117,2,5,0,0,10,123,1
1898,5,16,9.9,2.09045,0,130,72.6,20.9221,0,4,1.6,30.6366,16,114,3,10,130,3,5,0,0,5,0,0,5,0,0,14,119,3,13,118,4,16,118,2,5,0,0,10,127,1
1899,5,16,9.9,2.09045,0,131,73.6,21.017,0,4,1.6,30.6366,16,115,3,10,124,3,5,0,0,5,0,0,5,0,0,14,126,3,13,131,4,16,123,2,5,0,0,10,117,1
1900,5,16,9.9,2.09045,0,129,73,20.9943,0,4,1.6,30.6366,16,122,3,10,121,3,5,0,0,5,0,0,5,0,0,14,125,3,13,129,4,16,125,2,5,0,0,10,108,1
1901,5,16,9.9,2.09045,0,130,73,20.9593,0,4,1.6,30.6366,16,127,3,10,119,3,5,0,0,5,0,0,5,0,0,14,117,3,13,130,4,16,118,2,5,0,0,10,119,1
1902,5,16,9.9,2.09045,0,129,72.2,20.9067,0,4,1.6,30.6366,16,129,3,10,121,3,5,0,0,5,0,0,5,0,0,14,111,3,13,123,4,16,123,2,5,0,0,10,115,1
1903,5,16,9.9,2.09045,0,124,72.2,20.8777,0,4,1.6,30.6366,16,122,3,10,122,3,5,0,0,5,0,0,5,0,0,14,117,3,13,124,4,16,124,2,5,0,0,10,113,1
1904,5,16,9.9,2.09045,0,134,74,21.1138,0,4,1.6,30.6366,16,134,3,10,125,3,5,0,0,5,0,0,5,0,0,14,121,3,13,118,4,16,130,2,5,0,0,10,112,1
1905,5,16,9.9,2.09045,0,131,74.8,21.1261,0,4,1.6,30.6366,16,131,3,10,123,3,5,0,0,5,0,0,5,0,0,14,121,3,13,122,4,16,129,2,5,0,0,10,122,1
1906,5,16,9.9,2.09045,0,126,71.6,20.8277,0,4,1.6,30.6366,16,126,3,10,114,3,5,0,0,5,0,0,5,0,0,14,112,3,13,118,4,16,123,2,5,0,0,10,123,1
1907,5,16,9.9,2.09045,0,133,73,20.9917,0,4,1.6,30.6366,16,133,3,10,122,3,5,0,0,5,0,0,5,0,0,14,117,3,13,111,4,16,123,2,5,0,0,10,124,1
1908,5,16,9.9,2.09045,0,131,72.4,20.9303,0,4,1.5,30.6679,16,126,3,10,131,3,5,0,0,5,0,0,5,0,0,14,115,2,13,116,4,16,119,2,5,0,0,10,117,1
1909,5,16,9.9,2.09045,0,123,70.6,20.7313,0,4,1.5,30.6679,16,114,3,10,121,3,5,0,0,5,0,0,5,0,0,14,115,2,13,118,4,16,123,2,5,0,0,10,115,1
1910,5,16,9.9,2.09045,0,122,70.6,20.7377,0,4,1.5,30.6679,16,119,3,10,122,3,5,0,0,5,0,0,5,0,0,14,111,2,13,118,4,16,120,2,5,0,0,10,116,1
1911,5,16,9.9,2.09045,0,130,70.7,20.7864,0,4,1.5,30.6679,16,118,3,10,114,3,5,0,0,5,0,0,5,0,0,14,115,2,13,107,4,16,130,2,5,0,0,10,123,1
1912,5,16,9.9,2.09045,0,132,72.8,20.9685,0,4,1.5,30.6679,16,121,3,10,112,3,5,0,0,5,0,0,5,0,0,14,124,2,13,111,4,16,132,2,5,0,0,10,128,1
1913,5,16,9.9,2.09045,0,139,73.8,21.0817,0,4,1.5,30.6679,16,112,3,10,116,3,5,0,0,5,0,0,5,0,0,14,123,2,13,119,4,16,139,2,5,0,0,10,129,1
1914,5,16,9.9,2.09045,0,138,73.3,21.0212,0,4,1.5,30.6679,16,114,3,10,114,3,5,0,0,5,0,0,5,0,0,14,118,2,13,124,4,16,138,2,5,0,0,10,125,1
1915,5,16,9.9,2.09045,0,138,73.8,21.0815,0,4,1.5,30.6679,16,113,3,10,112,3,5,0,0,5,0,0,5,0,0,14,127,2,13,123,4,16,138,2,5,0,0,10,125,1
1916,5,16,9.9,2.09045,0,130,72.8,20.9551,0,4,1.5,30.6679,16,112,3,10,110,3,5,0,0,5,0,0,5,0,0,14,123,2,13,128,4,16,125,2,5,0,0,10,130,1
1917,5,16,9.9,2.09045,0,128,73.1,20.9422,0,4,1.5,30.6679,16,116,3,10,119,3,5,0,0,5,0,0,5,0,0,14,117,2,13,125,4,16,126,2,5,0,0,10,128,1
1918,5,16,9.9,2.09045,0,129,74.2,21.066,0,4,1.5,30.6679,16,124,3,10,129,3,5,0,0,5,0,0,5,0,0,14,121,2,13,126,4,16,116,2,5,0,0,10,126,1
1919,5,16,9.9,2.09045,0,126,72.1,20.8516,0,4,1.5,30.6679,16,117,3,10,124,3,5,0,0,5,0,0,5,0,0,14,115,2,13,120,4,16,119,2,5,0,0,10,126,1
1920,5,16,9.9,2.09045,0,125,71.6,20.8112,0,4,1.5,30.6679,16,114,3,10,122,3,5,0,0,5,0,0,5,0,0,14,122,2,13,118,4,16,115,2,5,0,0,10,125,1
1921,5,16,9.9,2.09045,0,125,69.9,20.6986,0,4,1.5,30.6679,16,115,3,10,125,3,5,0,0,5,0,0,5,0,0,14,115,2,13,116,4,16,116,2,5,0,0,10,112,1
1922,5,16,9.9,2.09045,0,128,70.4,20.7727,0,4,1.5,30.6679,16,128,3,10,117,3,5,0,0,5,0,0,5,0,0,14,117,2,13,114,4,16,120,2,5,0,0,10,108,1
1923,5,16,10,2.13542,0,120,69.8,20.6797,0,4,1.7,30.6055,16,118,3,10,120,3,5,0,0,5,0,0,5,0,0,15,114,4,13,110,4,16,120,2,5,0,0,10,116,1
1924,5,16,10,2.13542,0,121,70.4,20.7228,0,4,1.7,30.6055,16,120,3,10,120,3,5,0,0,5,0,0,5,0,0,15,112,4,13,112,4,16,121,2,5,0,0,10,119,1
1925,5,16,10,2.13542,0,129,71.8,20.8511,0,4,1.7,30.6055,16,120,3,10,117,3,5,0,0,5,0,0,5,0,0,15,120,4,13,110,4,16,129,2,5,0,0,10,122,1
1926,5,16,10,2.13542,0,123,71.2,20.7718,0,4,1.7,30.6055,16,112,3,10,116,3,5,0,0,5,0,0,5,0,0,15,123,4,13,118,4,16,122,2,5,0,0,10,121,1
1927,5,16,10,2.13542,0,123,68.9,20.6283,0,4,1.7,30.6055,16,113,3,10,109,3,5,0,0,5,0,0,5,0,0,15,118,4,13,116,4,16,123,2,5,0,0,10,110,1
1928,5,16,10,2.13542,0,121,69.4,20.6611,0,4,1.7,30.6055,16,112,3,10,106,3,5,0,0,5,0,0,5,0,0,15,121,4,13,119,4,16,121,2,5,0,0,10,115,1
1929,5,16,10,2.13542,0,129,70.4,20.7419,0,4,1.7,30.6055,16,110,3,10,113,3,5,0,0,5,0,0,5,0,0,15,119,4,13,129,4,16,115,2,5,0,0,10,118,1
1930,5,16,10,2.13542,0,123,68.4,20.5992,0,4,1.7,30.6055,16,106,3,10,109,3,5,0,0,5,0,0,5,0,0,15,117,4,13,123,4,16,114,2,5,0,0,10,115,1
1931,5,16,10,2.13542,0,121,69.1,20.6264,0,4,1.7,30.6055,16,108,3,10,115,3,5,0,0,5,0,0,5,0,0,15,116,4,13,121,4,16,117,2,5,0,0,10,114,1
1932,5,16,10,2.13542,0,127,71,20.7749,0,4,1.7,30.6055,16,115,3,10,111,3,5,0,0,5,0,0,5,0,0,15,127,4,13,120,4,16,120,2,5,0,0,10,117,1
1933,5,16,10,2.13542,0,123,71.4,20.7878,0,4,1.7,30.6055,16,118,3,10,119,3,5,0,0,5,0,0,5,0,0,15,123,4,13,120,4,16,115,2,5,0,0,10,119,1
1934,5,16,10,2.13542,0,125,70.6,20.7489,0,4,1.7,30.6055,16,113,3,10,111,3,5,0,0,5,0,0,5,0,0,15,125,4,13,115,4,16,125,2,5,0,0,10,117,1
1935,5,16,10,2.13542,0,125,71.2,20.7804,0,4,1.7,30.6055,16,120,3,10,116,3,5,0,0,5,0,0,5,0,0,15,125,4,13,114,4,16,117,2,5,0,0,10,120,1
1936,5,16,10,2.13542,0,121,70.3,20.7143,0,4,1.6,30.6366,16,121,3,10,121,3,5,0,0,5,0,0,5,0,0,15,114,3,13,117,4,16,114,2,5,0,0,10,116,1
1937,5,16,10,2.13542,0,123,71,20.758,0,4,1.6,30.6366,16,117,3,10,122,3,5,0,0,5,0,0,5,0,0,15,114,3,13,118,4,16,116,2,5,0,0,10,123,1
1938,5,16,10,2.13542,0,120,69.7,20.6711,0,4,1.6,30.6366,16,111,3,10,120,3,5,0,0,5,0,0,5,0,0,15,117,3,13,120,4,16,117,2,5,0,0,10,112,1
1939,5,16,10,2.13542,0,128,71.6,20.8559,0,4,1.6,30.6366,16,119,3,10,124,3,5,0,0,5,0,0,5,0,0,15,109,3,13,122,4,16,128,2,5,0,0,10,114,1
1940,5,16,10,2.13542,0,124,71.1,20.7929,0,4,1.6,30.6366,16,124,3,10,123,3,5,0,0,5,0,0,5,0,0,15,110,3,13,119,4,16,117,2,5,0,0,10,118,1
1941,5,16,10,2.13542,0,129,71.3,20.813,0,4,1.7,30.6052,16,112,3,10,129,3,5,0,0,5,0,0,5,0,0,15,120,3,13,116,4,16,116,3,5,0,0,10,120,1
1942,5,16,10,2.13542,0,123,70.6,20.7267,0,4,1.6,30.6366,16,112,3,10,121,3,5,0,0,5,0,0,5,0,0,15,118,3,13,116,4,16,116,2,5,0,0,10,123,1
1943,5,16,10,2.13542,0,126,71,20.7872,0,4,1.6,30.6366,16,119,3,10,126,3,5,0,0,5,0,0,5,0,0,15,121,3,13,114,4,16,112,2,5,0,0,10,118,1
1944,5,16,10,2.13542,0,120,68.4,20.6163,0,4,1.6,30.6366,16,120,3,10,118,3,5,0,0,5,0,0,5,0,0,15,117,3,13,106,4,16,110,2,5,0,0,10,113,1
1945,5,16,10,2.13542,0,123,67.6,20.6124,0,5,1.8,30.5748,16,114,3,10,119,3,5,0,0,5,0,0,5,0,0,15,123,5,13,103,4,16,111,2,5,0,0,10,106,1
1946,5,16,10,2.13542,0,126,68.5,20.6667,0,5,1.8,30.5748,16,110,3,10,126,3,5,0,0,5,0,0,5,0,0,15,117,5,13,101,4,16,112,2,5,0,0,10,119,1
1947,5,16,10,2.13542,0,126,71.1,20.8141,0,4,1.7,30.6055,16,120,3,10,125,3,5,0,0,5,0,0,5,0,0,15,114,4,13,107,4,16,119,2,5,0,0,10,126,1
1948,5,16,10,2.13542,0,126,70.8,20.8026,0,4,1.7,30.6055,16,121,3,10,122,3,5,0,0,5,0,0,5,0,0,15,114,4,13,104,4,16,121,2,5,0,0,10,126,1
1949,5,16,10,2.13542,0,129,71.3,20.865,0,4,1.8,30.5739,16,129,3,10,116,3,5,0,0,5,0,0,5,0,0,15,114,4,13,105,4,16,122,2,5,0,0,10,127,2
1950,5,16,10,2.13542,0,128,69.9,20.7373,0,4,1.8,30.5739,16,119,3,10,116,3,5,0,0,5,0,0,5,0,0,15,113,4,13,103,4,16,120,2,5,0,0,10,128,2
1951,5,16,10,2.13542,0,123,70.6,20.7237,0,4,1.8,30.5739,16,113,3,10,119,3,5,0,0,5,0,0,5,0,0,15,115,4,13,115,4,16,121,2,5,0,0,10,123,2
1952,5,16,10,2.13542,0,124,70.1,20.7004,0,4,1.8,30.5739,16,116,3,10,113,3,5,0,0,5,0,0,5,0,0,15,114,4,13,111,4,16,123,2,5,0,0,10,124,2
1953,5,16,10,2.13542,0,125,71.3,20.7858,0,4,1.8,30.5739,16,115,3,10,111,3,5,0,0,5,0,0,5,0,0,15,118,4,13,120,4,16,124,2,5,0,0,10,125,2
1954,5,16,10,2.13542,0,129,72.4,20.9067,0,4,1.8,30.5739,16,129,3,10,111,3,5,0,0,5,0,0,5,0,0,15,120,4,13,117,4,16,124,2,5,0,0,10,123,2
1955,5,16,10,2.13542,0,124,71.5,20.8032,0,4,1.8,30.5739,16,124,3,10,114,3,5,0,0,5,0,0,5,0,0,15,115,4,13,122,4,16,120,2,5,0,0,10,120,2
1956,5,16,10,2.13542,0,126,71.1,20.7778,0,4,1.8,30.5739,16,119,3,10,118,3,5,0,0,5,0,0,5,0,0,15,111,4,13,119,4,16,126,2,5,0,0,10,118,2
1957,5,16,10,2.13542,0,131,72.9,20.9391,0,4,1.8,30.5739,16,123,3,10,119,3,5,0,0,5,0,0,5,0,0,15,116,4,13,121,4,16,131,2,5,0,0,10,119,2
1958,5,16,10,2.13542,0,130,72.3,20.8949,0,4,1.8,30.5739,16,114,3,10,123,3,5,0,0,5,0,0,5,0,0,15,122,4,13,119,4,16,130,2,5,0,0,10,115,2
1959,5,16,10,2.13542,0,129,70.3,20.7875,0,4,1.7,30.6055,16,105,3,10,129,3,5,0,0,5,0,0,5,0,0,15,121,4,13,113,4,16,123,2,5,0,0,10,112,1
1960,5,16,10,2.13542,0,124,69.8,20.7374,0,4,1.7,30.6055,16,108,3,10,120,3,5,0,0,5,0,0,5,0,0,15,122,4,13,119,4,16,124,2,5,0,0,10,105,1
1961,5,16,10,2.13542,0,122,67.7,20.5802,0,4,1.7,30.6055,16,106,3,10,122,3,5,0,0,5,0,0,5,0,0,15,115,4,13,115,4,16,112,2,5,0,0,10,107,1
1962,5,16,10,2.13542,0,119,67.5,20.5428,0,4,1.7,30.6055,16,108,3,10,115,3,5,0,0,5,0,0,5,0,0,15,114,4,13,111,4,16,119,2,5,0,0,10,108,1
1963,5,16,10,2.13542,0,123,70,20.7058,0,4,1.7,30.6055,16,109,3,10,123,3,5,0,0,5,0,0,5,0,0,15,121,4,13,112,4,16,119,2,5,0,0,10,116,1
1964,5,16,10,2.13542,0,124,69.6,20.711,0,4,1.7,30.6055,16,112,3,10,124,3,5,0,0,5,0,0,5,0,0,15,118,4,13,117,4,16,120,2,5,0,0,10,105,1
1965,5,16,10,2.13542,0,125,70.3,20.7847,0,4,1.7,30.6055,16,120,3,10,125,3,5,0,0,5,0,0,5,0,0,15,117,4,13,117,4,16,121,2,5,0,0,10,103,1
1966,5,16,10,2.13542,0,127,69.9,20.7289,0,4,1.6,30.6372,16,115,3,10,127,3,5,0,0,5,0,0,5,0,0,15,114,4,13,115,4,16,120,1,5,0,0,10,108,1
1967,5,16,10,2.13542,0,127,69.9,20.7113,0,4,1.6,30.6372,16,116,3,10,127,3,5,0,0,5,0,0,5,0,0,15,116,4,13,112,4,16,113,1,5,0,0,10,115,1
1968,5,16,10,2.13542,0,123,68.8,20.6517,0,4,1.6,30.6372,16,123,3,10,119,3,5,0,0,5,0,0,5,0,0,15,116,4,13,110,4,16,107,1,5,0,0,10,113,1
1969,5,16,10,2.13542,0,126,71.3,20.8379,0,4,1.6,30.6372,16,126,3,10,123,3,5,0,0,5,0,0,5,0,0,15,115,4,13,119,4,16,107,1,5,0,0,10,123,1
1970,5,16,10,2.13542,0,124,69.8,20.7459,0,4,1.6,30.6372,16,121,3,10,124,3,5,0,0,5,0,0,5,0,0,15,119,4,13,116,4,16,102,1,5,0,0,10,116,1
1971,5,16,10,2.13542,0,133,70.5,20.8082,0,4,1.6,30.6372,16,116,3,10,133,3,5,0,0,5,0,0,5,0,0,15,118,4,13,116,4,16,110,1,5,0,0,10,112,1
1972,5,16,10,2.13542,0,125,70.4,20.7711,0,4,1.6,30.6372,16,117,3,10,125,3,5,0,0,5,0,0,5,0,0,15,113,4,13,122,4,16,105,1,5,0,0,10,122,1
1973,5,16,10,2.13542,0,127,70.3,20.7845,0,4,1.7,30.6055,16,123,3,10,120,3,5,0,0,5,0,0,5,0,0,15,107,4,13,127,4,16,107,2,5,0,0,10,119,1
1974,5,16,10.1,2.17486,0,121,70.5,20.725,0,6,1.9,30.5444,16,119,3,10,120,3,5,0,0,5,0,0,5,0,0,15,114,4,14,119,6,16,112,2,5,0,0,10,121,1
1975,5,16,10.1,2.17486,0,121,70.6,20.7385,0,6,1.9,30.5444,16,120,3,10,118,3,5,0,0,5,0,0,5,0,0,15,116,4,14,121,6,16,110,2,5,0,0,10,121,1
1976,5,16,10.1,2.17486,0,127,70.8,20.8014,0,6,1.9,30.5444,16,114,3,10,124,3,5,0,0,5,0,0,5,0,0,15,120,4,14,118,6,16,105,2,5,0,0,10,127,1
1977,5,16,10.1,2.17486,0,131,70.4,20.8056,0,6,1.9,30.5444,16,117,3,10,131,3,5,0,0,5,0,0,5,0,0,15,117,4,14,120,6,16,105,2,5,0,0,10,114,1
1978,5,16,10.1,2.17486,0,124,70,20.707,0,6,1.9,30.5444,16,112,3,10,124,3,5,0,0,5,0,0,5,0,0,15,117,4,14,115,6,16,110,2,5,0,0,10,122,1
1979,5,16,10.1,2.17486,0,120,69.2,20.637,0,6,1.8,30.5755,16,116,3,10,117,3,5,0,0,5,0,0,5,0,0,15,118,3,14,111,6,16,110,2,5,0,0,10,120,1
1980,5,16,10.1,2.17486,0,119,69.2,20.6384,0,6,1.8,30.5755,16,118,3,10,114,3,5,0,0,5,0,0,5,0,0,15,119,3,14,113,6,16,109,2,5,0,0,10,119,1
1981,5,16,10.1,2.17486,0,126,69.7,20.71,0,6,1.8,30.5755,16,126,3,10,111,3,5,0,0,5,0,0,5,0,0,15,118,3,14,117,6,16,107,2,5,0,0,10,118,1
1982,5,16,10.1,2.17486,0,122,69.9,20.6876,0,6,1.8,30.5755,16,119,3,10,113,3,5,0,0,5,0,0,5,0,0,15,122,3,14,114,6,16,111,2,5,0,0,10,120,1
1983,5,16,10.1,2.17486,0,129,71.2,20.7975,0,6,1.8,30.5755,16,113,3,10,117,3,5,0,0,5,0,0,5,0,0,15,129,3,14,119,6,16,114,2,5,0,0,10,120,1
1984,5,16,10.1,2.17486,0,125,70.9,20.772,0,6,1.8,30.5755,16,110,3,10,122,3,5,0,0,5,0,0,5,0,0,15,125,3,14,113,6,16,118,2,5,0,0,10,121,1
1985,5,16,10.1,2.17486,0,120,69.5,20.6627,0,6,1.8,30.5755,16,112,3,10,120,3,5,0,0,5,0,0,5,0,0,15,120,3,14,110,6,16,119,2,5,0,0,10,114,1
1986,5,16,10.1,2.17486,0,127,71.2,20.8243,0,6,1.8,30.5755,16,116,3,10,127,3,5,0,0,5,0,0,5,0,0,15,116,3,14,108,6,16,126,2,5,0,0,10,119,1
1987,5,16,10.1,2.17486,0,127,72.8,20.9227,0,6,1.8,30.5755,16,113,3,10,120,3,5,0,0,5,0,0,5,0,0,15,125,3,14,117,6,16,127,2,5,0,0,10,126,1
1988,5,16,10.1,2.17486,0,128,72.5,20.9135,0,6,1.8,30.5755,16,123,3,10,117,3,5,0,0,5,0,0,5,0,0,15,124,3,14,110,6,16,123,2,5,0,0,10,128,1
1989,5,16,10.1,2.17486,0,127,72.2,20.9065,0,5,1.7,30.6059,16,124,3,10,122,3,5,0,0,5,0,0,5,0,0,15,121,3,14,107,5,16,127,2,5,0,0,10,121,1
1990,5,16,10.1,2.17486,0,134,71.8,20.8811,0,5,1.7,30.6059,16,121,3,10,119,3,5,0,0,5,0,0,5,0,0,15,116,3,14,112,5,16,134,2,5,0,0,10,116,1
1991,5,16,10.1,2.17486,0,129,71.7,20.8282,0,5,1.7,30.6059,16,120,3,10,117,3,5,0,0,5,0,0,5,0,0,15,117,3,14,117,5,16,129,2,5,0,0,10,117,1
1992,5,16,10.1,2.17486,0,126,71.1,20.7709,0,5,1.7,30.6059,16,110,3,10,119,3,5,0,0,5,0,0,5,0,0,15,116,3,14,120,5,16,120,2,5,0,0,10,126,1
1993,5,16,10.1,2.17486,0,122,71.3,20.7749,0,5,1.7,30.6059,16,118,3,10,118,3,5,0,0,5,0,0,5,0,0,15,122,3,14,116,5,16,117,2,5,0,0,10,122,1
1994,5,16,10.1,2.17486,0,123,71.6,20.8021,0,5,1.7,30.6059,16,122,3,10,117,3,5,0,0,5,0,0,5,0,0,15,120,3,14,116,5,16,118,2,5,0,0,10,123,1
1995,5,16,10.1,2.17486,0,127,71.9,20.8691,0,5,1.7,30.6059,16,127,3,10,109,3,5,0,0,5,0,0,5,0,0,15,125,3,14,121,5,16,117,2,5,0,0,10,120,1
1996,5,16,10.1,2.17486,0,127,71.6,20.8244,0,5,1.7,30.6059,16,116,3,10,113,3,5,0,0,5,0,0,5,0,0,15,124,3,14,127,5,16,120,2,5,0,0,10,116,1
1997,5,16,10.1,2.17486,0,136,73.1,21.0046,0,5,1.7,30.6059,16,114,3,10,115,3,5,0,0,5,0,0,5,0,0,15,118,3,14,136,5,16,129,2,5,0,0,10,119,1
1998,5,16,10.1,2.17486,0,136,75.3,21.2238,0,5,1.7,30.6059,16,113,3,10,125,3,5,0,0,5,0,0,5,0,0,15,125,3,14,136,5,16,133,2,5,0,0,10,121,1
1999,5,16,10.1,2.17486,0,135,74.5,21.1428,0,5,1.7,30.6059,16,120,3,10,118,3,5,0,0,5,0,0,5,0,0,15,124,3,14,133,5,16,135,2,5,0,0,10,115,1
2000,5,16,10.1,2.17486,0,133,72,20.9143,0,5,1.7,30.6059,16,114,3,10,114,3,5,0,0,5,0,0,5,0,0,15,133,3,14,122,5,16,126,2,5,0,0,10,111,1
2001,5,16,10.1,2.17486,0,132,71,20.844,0,5,1.7,30.6059,16,111,3,10,116,3,5,0,0,5,0,0,5,0,0,15,132,3,14,118,5,16,125,2,5,0,0,10,108,1
2002,5,16,10.1,2.17486,0,126,68.5,20.6311,0,5,1.7,30.6059,16,111,3,10,116,3,5,0,0,5,0,0,5,0,0,15,126,3,14,108,5,16,114,2,5,0,0,10,110,1
2003,5,16,10.1,2.17486,0,120,67.8,20.5863,0,5,1.7,30.6059,16,111,3,10,120,3,5,0,0,5,0,0,5,0,0,15,120,3,14,110,5,16,110,2,5,0,0,10,107,1
2004,5,16,10.1,2.17486,0,124,68.9,20.6514,0,5,1.7,30.6059,16,114,3,10,118,3,5,0,0,5,0,0,5,0,0,15,124,3,14,115,5,16,110,2,5,0,0,10,108,1
2005,5,16,10.1,2.17486,0,122,69.3,20.6529,0,4,1.6,30.6366,16,115,3,10,114,3,5,0,0,5,0,0,5,0,0,15,122,3,14,119,4,16,113,2,5,0,0,10,110,1
2006,5,16,10.1,2.17486,0,120,70.3,20.7021,0,4,1.6,30.6366,16,120,3,10,116,3,5,0,0,5,0,0,5,0,0,15,117,3,14,118,4,16,113,2,5,0,0,10,119,1
2007,5,16,10.1,2.17486,0,123,69.7,20.6821,0,4,1.6,30.6366,16,119,3,10,117,3,5,0,0,5,0,0,5,0,0,15,114,3,14,123,4,16,111,2,5,0,0,10,113,1
2008,5,16,10.1,2.17486,0,125,68.6,20.6213,0,4,1.6,30.6366,16,113,3,10,114,3,5,0,0,5,0,0,5,0,0,15,114,3,14,125,4,16,110,2,5,0,0,10,110,1
2009,5,16,10.1,2.17486,0,123,69.6,20.687,0,4,1.6,30.6366,16,111,3,10,111,3,5,0,0,5,0,0,5,0,0,15,123,3,14,123,4,16,118,2,5,0,0,10,110,1
2010,5,16,10.1,2.17486,0,120,67.6,20.55,0,4,1.6,30.6366,16,106,3,10,113,3,5,0,0,5,0,0,5,0,0,15,120,3,14,115,4,16,112,2,5,0,0,10,110,1
2011,5,16,10.1,2.17486,0,120,68.3,20.5894,0,4,1.6,30.6366,16,107,3,10,117,3,5,0,0,5,0,0,5,0,0,15,116,3,14,120,4,16,112,2,5,0,0,10,111,1
2012,5,16,10.1,2.17486,0,128,70.1,20.7465,0,4,1.6,30.6366,16,106,3,10,128,3,5,0,0,5,0,0,5,0,0,15,115,3,14,120,4,16,119,2,5,0,0,10,113,1
2013,5,16,10.1,2.17486,0,118,69,20.6233,0,3,1.5,30.6675,16,112,3,10,118,3,5,0,0,5,0,0,5,0,0,15,118,3,14,115,3,16,117,2,5,0,0,10,110,1
2014,5,16,10.1,2.17486,0,130,70.8,20.8121,0,4,1.6,30.6366,16,122,3,10,130,3,5,0,0,5,0,0,5,0,0,15,117,3,14,115,4,16,110,2,5,0,0,10,114,1
2015,5,16,10.1,2.17486,0,121,70.4,20.723,0,3,1.5,30.6675,16,118,3,10,121,3,5,0,0,5,0,0,5,0,0,15,121,3,14,116,3,16,112,2,5,0,0,10,116,1
2016,5,16,10.1,2.17486,0,122,70.3,20.7066,0,3,1.5,30.6675,16,115,3,10,118,3,5,0,0,5,0,0,5,0,0,15,119,3,14,118,3,16,111,2,5,0,0,10,122,1
2017,5,16,10.1,2.17486,0,123,72.6,20.8797,0,3,1.5,30.6675,16,120,3,10,118,3,5,0,0,5,0,0,5,0,0,15,121,3,14,122,3,16,122,2,5,0,0,10,123,1
2018,5,16,10.1,2.17486,0,125,72.6,20.8919,0,3,1.5,30.6675,16,125,3,10,119,3,5,0,0,5,0,0,5,0,0,15,119,3,14,123,3,16,119,2,5,0,0,10,121,1
2019,5,16,10.1,2.17486,0,127,72.4,20.8815,0,3,1.5,30.6675,16,116,3,10,123,3,5,0,0,5,0,0,5,0,0,15,127,3,14,119,3,16,119,2,5,0,0,10,120,1
2020,5,16,10.1,2.17486,0,122,71.4,20.7856,0,3,1.5,30.6675,16,118,3,10,120,3,5,0,0,5,0,0,5,0,0,15,122,3,14,117,3,16,120,2,5,0,0,10,117,1
2021,5,16,10.1,2.17486,0,124,71.7,20.8603,0,3,1.5,30.6675,16,123,3,10,124,3,5,0,0,5,0,0,5,0,0,15,123,3,14,120,3,16,118,2,5,0,0,10,109,1
2022,5,16,10.1,2.17486,0,127,71,20.7705,0,3,1.5,30.6675,16,116,3,10,116,3,5,0,0,5,0,0,5,0,0,15,127,3,14,119,3,16,115,2,5,0,0,10,117,1
2023,5,16,10.1,2.17486,0,123,69.6,20.6728,0,3,1.5,30.6675,16,117,3,10,107,3,5,0,0,5,0,0,5,0,0,15,123,3,14,113,3,16,116,2,5,0,0,10,120,1
2024,5,16,10.1,2.17486,0,122,70.8,20.7435,0,3,1.5,30.6675,16,120,3,10,113,3,5,0,0,5,0,0,5,0,0,15,116,3,14,121,3,16,122,2,5,0,0,10,116,1
2025,5,16,10.1,2.17486,0,124,71.6,20.8124,0,3,1.5,30.6675,16,121,3,10,112,3,5,0,0,5,0,0,5,0,0,15,118,3,14,123,3,16,124,2,5,0,0,10,118,1
2026,5,16,10.1,2.17486,0,127,70.5,20.7573,0,3,1.5,30.6675,16,116,3,10,111,3,5,0,0,5,0,0,5,0,0,15,113,3,14,127,3,16,125,2,5,0,0,10,113,1
2027,5,16,10.1,2.17486,0,133,72.4,20.9257,0,3,1.5,30.6675,16,119,3,10,116,3,5,0,0,5,0,0,5,0,0,15,118,3,14,133,3,16,125,2,5,0,0,10,113,1
2028,5,17,10.2,2.22711,0,124,71.1,20.7931,0,4,1.7,30.6052,16,122,3,10,115,3,5,0,0,5,0,0,5,0,0,15,116,3,14,124,3,17,123,4,5,0,0,10,111,1
2029,5,17,10.2,2.22711,0,125,72,20.8955,0,3,1.6,30.6362,16,123,3,10,120,3,5,0,0,5,0,0,5,0,0,15,123,3,14,122,3,17,125,3,5,0,0,10,107,1
2030,5,17,10.2,2.22711,0,130,73,21.007,0,3,1.6,30.6362,16,130,3,10,120,3,5,0,0,5,0,0,5,0,0,15,125,3,14,125,3,17,122,3,5,0,0,10,108,1
2031,5,17,10.2,2.22711,0,134,73.8,21.0776,0,3,1.6,30.6362,16,134,3,10,123,3,5,0,0,5,0,0,5,0,0,15,126,3,14,123,3,17,119,3,5,0,0,10,113,1
2032,5,17,10.2,2.22711,0,132,74.3,21.1924,0,3,1.6,30.6362,16,132,3,10,127,3,5,0,0,5,0,0,5,0,0,15,129,3,14,130,3,17,119,3,5,0,0,10,106,1
2033,5,17,10.2,2.22711,0,127,72.6,20.9465,0,3,1.6,30.6362,16,124,3,10,123,3,5,0,0,5,0,0,5,0,0,15,126,3,14,127,3,17,113,3,5,0,0,10,113,1
2034,5,17,10.2,2.22711,0,125,72,20.8532,0,3,1.6,30.6362,16,115,3,10,125,3,5,0,0,5,0,0,5,0,0,15,122,3,14,122,3,17,121,3,5,0,0,10,115,1
2035,5,17,10.2,2.22711,0,126,74,21.0223,0,3,1.6,30.6362,16,117,3,10,125,3,5,0,0,5,0,0,5,0,0,15,123,3,14,125,3,17,126,3,5,0,0,10,124,1
2036,5,17,10.2,2.22711,0,127,73.3,20.9609,0,3,1.6,30.6362,16,119,3,10,126,3,5,0,0,5,0,0,5,0,0,15,118,3,14,121,3,17,127,3,5,0,0,10,122,1
2037,5,17,10.2,2.22711,0,128,73.4,20.9822,0,3,1.6,30.6362,16,115,3,10,127,3,5,0,0,5,0,0,5,0,0,15,120,3,14,124,3,17,128,3,5,0,0,10,120,1
2038,5,17,10.2,2.22711,0,135,73.8,21.0659,0,3,1.6,30.6362,16,114,3,10,127,3,5,0,0,5,0,0,5,0,0,15,115,3,14,118,3,17,135,3,5,0,0,10,129,1
2039,5,17,10.2,2.22711,0,129,71.7,20.8467,0,3,1.6,30.6362,16,109,3,10,115,3,5,0,0,5,0,0,5,0,0,15,115,3,14,123,3,17,126,3,5,0,0,10,129,1
2040,5,17,10.2,2.22711,0,126,71,20.7775,0,3,1.6,30.6362,16,110,3,10,113,3,5,0,0,5,0,0,5,0,0,15,123,3,14,126,3,17,120,3,5,0,0,10,118,1
2041,5,17,10.2,2.22711,0,130,72.8,20.9659,0,3,1.6,30.6362,16,107,3,10,120,3,5,0,0,5,0,0,5,0,0,15,126,3,14,128,3,17,117,3,5,0,0,10,130,1
2042,5,17,10.2,2.22711,0,126,71.8,20.8212,0,4,1.6,30.6366,16,113,3,10,117,3,5,0,0,5,0,0,5,0,0,15,120,3,14,123,2,17,119,4,5,0,0,10,126,1
2043,5,17,10.3,2.25167,0,130,70.5,20.7443,0,3,1.7,30.6046,16,114,3,10,118,3,5,0,0,5,0,0,5,0,0,15,113,3,14,112,3,17,118,3,5,0,0,11,130,2
2044,5,17,10.3,2.25167,0,127,71.3,20.8148,0,3,1.6,30.6362,16,114,3,10,107,3,5,0,0,5,0,0,5,0,0,15,117,3,14,122,3,17,126,3,5,0,0,11,127,1
2045,5,17,10.3,2.25167,0,125,70.8,20.7612,0,3,1.6,30.6362,16,117,3,10,109,3,5,0,0,5,0,0,5,0,0,15,125,3,14,115,3,17,123,3,5,0,0,11,119,1
2046,5,17,10.3,2.25167,0,122,71.1,20.7695,0,3,1.6,30.6362,16,121,3,10,117,3,5,0,0,5,0,0,5,0,0,15,122,3,14,113,3,17,120,3,5,0,0,11,118,1
2047,5,17,10.3,2.25167,0,128,71.7,20.8484,0,3,1.6,30.6362,16,115,3,10,124,3,5,0,0,5,0,0,5,0,0,15,128,3,14,119,3,17,112,3,5,0,0,11,119,1
2048,5,17,10.3,2.25167,0,125,71.2,20.791,0,3,1.6,30.6362,16,116,3,10,123,3,5,0,0,5,0,0,5,0,0,15,125,3,14,117,3,17,116,3,5,0,0,11,115,1
2049,5,17,10.3,2.25167,0,122,69.3,20.6622,0,3,1.6,30.6362,16,114,3,10,116,3,5,0,0,5,0,0,5,0,0,15,122,3,14,117,3,17,117,3,5,0,0,11,107,1
2050,5,17,10.3,2.25167,0,120,68.2,20.6195,0,3,1.6,30.6362,16,116,3,10,115,3,5,0,0,5,0,0,5,0,0,15,120,3,14,113,3,17,116,3,5,0,0,11,102,1
2051,5,17,10.3,2.25167,0,123,68.7,20.6488,0,4,1.8,30.5741,16,110,4,10,117,3,5,0,0,5,0,0,5,0,0,15,118,3,14,123,3,17,115,4,5,0,0,11,104,1
2052,5,17,10.3,2.25167,0,117,66.8,20.5079,0,4,1.8,30.5741,16,109,4,10,110,3,5,0,0,5,0,0,5,0,0,15,117,3,14,111,3,17,115,4,5,0,0,11,106,1
2053,5,17,10.3,2.25167,0,119,67.9,20.5716,0,4,1.7,30.6052,16,112,3,10,119,3,5,0,0,5,0,0,5,0,0,15,112,3,14,110,3,17,118,4,5,0,0,11,108,1
2054,5,17,10.3,2.25167,0,120,67.3,20.5429,0,4,1.7,30.6055,16,105,4,10,120,2,5,0,0,5,0,0,5,0,0,15,112,3,14,107,3,17,113,4,5,0,0,11,116,1
2055,5,17,10.3,2.25167,0,119,68.5,20.6025,0,4,1.7,30.6055,16,104,4,10,115,2,5,0,0,5,0,0,5,0,0,15,117,3,14,119,3,17,111,4,5,0,0,11,119,1
2056,5,17,10.3,2.25167,0,122,69.1,20.6484,0,4,1.6,30.6366,16,104,4,10,118,2,5,0,0,5,0,0,5,0,0,15,111,3,14,115,3,17,121,3,5,0,0,11,122,1
2057,5,17,10.3,2.25167,0,123,71.2,20.7805,0,4,1.6,30.6366,16,110,4,10,121,2,5,0,0,5,0,0,5,0,0,15,118,3,14,123,3,17,117,3,5,0,0,11,123,1
2058,5,17,10.3,2.25167,0,124,71.2,20.7736,0,4,1.6,30.6366,16,114,4,10,115,2,5,0,0,5,0,0,5,0,0,15,119,3,14,124,3,17,116,3,5,0,0,11,124,1
2059,5,17,10.3,2.25167,0,125,70.3,20.7589,0,4,1.6,30.6366,16,110,4,10,117,2,5,0,0,5,0,0,5,0,0,15,125,3,14,125,3,17,118,3,5,0,0,11,108,1
2060,5,17,10.3,2.25167,0,128,69.2,20.6842,0,4,1.6,30.6366,16,112,4,10,113,2,5,0,0,5,0,0,5,0,0,15,128,3,14,117,3,17,115,3,5,0,0,11,107,1
2061,5,17,10.3,2.25167,0,128,70.1,20.7393,0,4,1.6,30.6366,16,114,4,10,115,2,5,0,0,5,0,0,5,0,0,15,128,3,14,116,3,17,120,3,5,0,0,11,108,1
2062,5,17,10.3,2.25167,0,125,68.5,20.6653,0,4,1.6,30.6366,16,109,4,10,118,2,5,0,0,5,0,0,5,0,0,15,125,3,14,103,3,17,121,3,5,0,0,11,109,1
2063,5,17,10.3,2.25167,0,126,69.1,20.6736,0,4,1.6,30.6366,16,115,4,10,117,2,5,0,0,5,0,0,5,0,0,15,126,3,14,105,3,17,115,3,5,0,0,11,113,1
2064,5,17,10.3,2.25167,0,124,70.4,20.7402,0,4,1.6,30.6366,16,113,4,10,124,2,5,0,0,5,0,0,5,0,0,15,122,3,14,109,3,17,118,3,5,0,0,11,118,1
2065,5,17,10.3,2.25167,0,127,72.4,20.9097,0,3,1.5,30.6675,16,117,3,10,127,2,5,0,0,5,0,0,5,0,0,15,127,3,14,115,3,17,114,3,5,0,0,11,124,1
2066,5,17,10.3,2.25167,0,134,74.1,21.0949,0,3,1.5,30.6675,16,114,3,10,124,2,5,0,0,5,0,0,5,0,0,15,127,3,14,129,3,17,113,3,5,0,0,11,134,1
2067,5,17,10.3,2.25167,0,133,73.7,21.0412,0,3,1.5,30.6675,16,115,3,10,120,2,5,0,0,5,0,0,5,0,0,15,121,3,14,133,3,17,116,3,5,0,0,11,132,1
2068,5,18,10.4,2.30651,0,130,74.7,21.0949,0,6,1.8,30.5755,16,123,3,10,122,2,5,0,0,5,0,0,5,0,0,15,121,3,14,128,3,18,123,6,5,0,0,11,130,1
2069,5,18,10.4,2.30651,0,128,73.2,20.9798,0,6,1.8,30.5755,16,124,3,10,125,2,5,0,0,5,0,0,5,0,0,15,111,3,14,128,3,18,122,6,5,0,0,11,122,1
2070,5,18,10.4,2.30651,0,128,73.5,20.9799,0,6,1.8,30.5755,16,120,3,10,128,2,5,0,0,5,0,0,5,0,0,15,121,3,14,123,3,18,122,6,5,0,0,11,121,1
2071,5,18,10.4,2.30651,0,131,73.3,21.015,0,6,1.9,30.5438,16,126,3,10,131,2,5,0,0,5,0,0,5,0,0,15,125,3,14,113,3,18,116,6,5,0,0,11,122,2
2072,5,18,10.4,2.30651,0,128,73.8,21.006,0,7,2,30.5136,16,122,3,10,121,2,5,0,0,5,0,0,5,0,0,15,127,3,14,119,3,18,121,7,5,0,0,11,128,2
2073,5,18,10.5,2.35584,0,125,70.2,20.7148,0,7,2.1,30.4825,17,122,4,10,111,2,5,0,0,5,0,0,5,0,0,15,115,3,14,112,3,18,117,7,5,0,0,11,125,2
2074,5,18,10.5,2.35584,0,128,69.8,20.7254,0,7,2.1,30.4825,17,119,4,10,119,2,5,0,0,5,0,0,5,0,0,15,104,3,14,115,3,18,113,7,5,0,0,11,128,2
2075,5,18,10.5,2.35584,0,130,70,20.7372,0,7,2.1,30.4825,17,121,4,10,116,2,5,0,0,5,0,0,5,0,0,15,108,3,14,114,3,18,111,7,5,0,0,11,130,2
2076,5,18,10.5,2.35584,0,131,70.3,20.7871,0,7,2.1,30.4825,17,125,4,10,110,2,5,0,0,5,0,0,5,0,0,15,117,3,14,113,3,18,107,7,5,0,0,11,131,2
2077,5,18,10.5,2.35584,0,124,67.9,20.6384,0,7,2.1,30.4825,17,124,4,10,108,2,5,0,0,5,0,0,5,0,0,15,116,3,14,107,3,18,102,7,5,0,0,11,122,2
2078,5,18,10.5,2.35584,0,120,67.5,20.5566,0,7,2.1,30.4825,17,118,4,10,109,2,5,0,0,5,0,0,5,0,0,15,114,3,14,106,3,18,108,7,5,0,0,11,120,2
2079,5,18,10.5,2.35584,0,126,68.6,20.629,0,7,2.2,30.4516,17,115,5,10,115,2,5,0,0,5,0,0,5,0,0,15,115,3,14,108,3,18,107,7,5,0,0,11,126,2
2080,5,18,10.5,2.35584,0,123,69,20.6587,0,7,2.2,30.4516,17,123,5,10,115,2,5,0,0,5,0,0,5,0,0,15,112,3,14,115,3,18,105,7,5,0,0,11,120,2
2081,5,18,10.5,2.35584,0,126,69.6,20.7087,0,7,2.2,30.4516,17,126,5,10,111,2,5,0,0,5,0,0,5,0,0,15,116,3,14,116,3,18,106,7,5,0,0,11,121,2
2082,5,18,10.5,2.35584,0,128,71.9,20.8871,0,7,2.2,30.4516,17,128,5,10,109,2,5,0,0,5,0,0,5,0,0,15,128,3,14,117,3,18,116,7,5,0,0,11,121,2
2083,5,18,10.5,2.35584,0,129,71.3,20.829,0,7,2,30.514,17,125,4,10,113,2,5,0,0,5,0,0,5,0,0,15,121,3,14,110,2,18,115,7,5,0,0,11,129,2
2084,5,18,10.5,2.35584,0,126,69.8,20.7292,0,7,2.1,30.4832,17,118,5,10,116,2,5,0,0,5,0,0,5,0,0,15,122,3,14,103,2,18,113,7,5,0,0,11,126,2
2085,5,18,10.5,2.35584,0,121,67.5,20.5582,0,6,2,30.5133,17,112,5,10,111,2,5,0,0,5,0,0,5,0,0,15,118,3,14,104,2,18,109,6,5,0,0,11,121,2
2086,5,18,10.5,2.35584,0,125,69.3,20.6656,0,6,2,30.5133,17,113,5,10,112,2,5,0,0,5,0,0,5,0,0,15,125,3,14,109,2,18,112,6,5,0,0,11,122,2
2087,5,18,10.5,2.35584,0,123,69.3,20.6575,0,6,2,30.5133,17,116,5,10,110,2,5,0,0,5,0,0,5,0,0,15,123,3,14,108,2,18,119,6,5,0,0,11,117,2
2088,5,18,10.5,2.35584,0,125,70.4,20.7619,0,6,1.9,30.5441,17,125,4,10,108,2,5,0,0,5,0,0,5,0,0,15,119,3,14,115,2,18,125,6,5,0,0,11,112,2
2089,5,18,10.5,2.35584,0,122,70.6,20.747,0,6,1.9,30.5441,17,122,4,10,110,2,5,0,0,5,0,0,5,0,0,15,119,3,14,120,2,18,122,6,5,0,0,11,113,2
2090,5,18,10.5,2.35584,0,127,71.3,20.828,0,6,1.9,30.5441,17,120,4,10,109,2,5,0,0,5,0,0,5,0,0,15,120,3,14,127,2,18,125,6,5,0,0,11,112,2
2091,5,18,10.5,2.35584,0,124,70.1,20.7188,0,6,1.8,30.5758,17,116,4,10,113,1,5,0,0,5,0,0,5,0,0,15,124,3,14,115,2,18,123,6,5,0,0,11,110,2
2092,5,18,10.5,2.35584,0,127,68.8,20.6583,0,6,1.8,30.5758,17,113,4,10,115,1,5,0,0,5,0,0,5,0,0,15,127,3,14,115,2,18,111,6,5,0,0,11,107,2
2093,5,18,10.5,2.35584,0,127,69.9,20.7304,0,6,1.8,30.5758,17,118,4,10,117,1,5,0,0,5,0,0,5,0,0,15,127,3,14,116,2,18,114,6,5,0,0,11,107,2
2094,5,18,10.5,2.35584,0,133,71.7,20.9271,0,6,1.8,30.5758,17,133,4,10,121,1,5,0,0,5,0,0,5,0,0,15,121,3,14,123,2,18,109,6,5,0,0,11,110,2
2095,5,18,10.5,2.35584,0,134,71,20.8951,0,6,1.8,30.5758,17,134,4,10,117,1,5,0,0,5,0,0,5,0,0,15,126,3,14,114,2,18,112,6,5,0,0,11,107,2
2096,5,18,10.5,2.35584,0,128,70.7,20.8446,0,6,1.8,30.5758,17,126,4,10,119,1,5,0,0,5,0,0,5,0,0,15,128,3,14,112,2,18,118,6,5,0,0,11,104,2
2097,5,18,10.5,2.35584,0,128,69.2,20.7497,0,6,1.8,30.5758,17,117,4,10,120,1,5,0,0,5,0,0,5,0,0,15,128,3,14,116,2,18,111,6,5,0,0,11,100,2
2098,5,18,10.5,2.35584,0,126,69.8,20.7537,0,6,1.8,30.5758,17,120,4,10,121,1,5,0,0,5,0,0,5,0,0,15,126,3,14,117,2,18,107,6,5,0,0,11,107,2
2099,5,18,10.5,2.35584,0,130,71.1,20.8556,0,6,1.8,30.5758,17,114,4,10,130,1,5,0,0,5,0,0,5,0,0,15,125,3,14,121,2,18,113,6,5,0,0,11,108,2
2100,5,18,10.5,2.35584,0,129,72.6,20.9582,0,6,1.8,30.5758,17,117,4,10,129,1,5,0,0,5,0,0,5,0,0,15,128,3,14,125,2,18,114,6,5,0,0,11,113,2
2101,5,18,10.5,2.35584,0,131,72.7,20.9707,0,6,1.8,30.5758,17,112,4,10,130,1,5,0,0,5,0,0,5,0,0,15,131,3,14,119,2,18,120,6,5,0,0,11,115,2
2102,5,18,10.5,2.35584,0,131,71.7,20.8963,0,6,1.9,30.5451,17,108,5,10,131,1,5,0,0,5,0,0,5,0,0,15,127,3,14,121,2,18,114,6,5,0,0,11,116,2
2103,5,18,10.5,2.35584,0,125,71.2,20.8007,0,7,2,30.515,17,116,5,10,124,1,5,0,0,5,0,0,5,0,0,15,125,3,14,111,2,18,119,7,5,0,0,11,117,2
2104,5,18,10.5,2.35584,0,124,69.8,20.6863,0,7,2,30.515,17,112,5,10,112,1,5,0,0,5,0,0,5,0,0,15,124,3,14,110,2,18,120,7,5,0,0,11,120,2
2105,5,18,10.5,2.35584,0,125,70.7,20.7577,0,7,1.9,30.5457,17,113,4,10,111,1,5,0,0,5,0,0,5,0,0,15,125,3,14,112,2,18,123,7,5,0,0,11,123,2
2106,5,18,10.5,2.35584,0,122,70.5,20.7196,0,6,1.8,30.5758,17,116,4,10,113,1,5,0,0,5,0,0,5,0,0,15,122,3,14,113,2,18,119,6,5,0,0,11,122,2
2107,5,18,10.5,2.35584,0,130,71.7,20.8481,0,6,1.8,30.5758,17,119,4,10,116,1,5,0,0,5,0,0,5,0,0,15,115,3,14,111,2,18,126,6,5,0,0,11,130,2
2108,5,18,10.5,2.35584,0,127,72.2,20.9059,0,6,1.8,30.5758,17,127,4,10,117,1,5,0,0,5,0,0,5,0,0,15,108,3,14,118,2,18,126,6,5,0,0,11,126,2
2109,5,18,10.5,2.35584,0,124,69.9,20.7043,0,6,1.8,30.5758,17,121,4,10,113,1,5,0,0,5,0,0,5,0,0,15,107,3,14,115,2,18,124,6,5,0,0,11,119,2
2110,5,18,10.5,2.35584,0,121,68.9,20.6374,0,6,1.8,30.5758,17,121,4,10,114,1,5,0,0,5,0,0,5,0,0,15,105,3,14,113,2,18,119,6,5,0,0,11,117,2
2111,5,18,10.5,2.35584,0,125,69.4,20.6831,0,6,1.8,30.5758,17,125,4,10,116,1,5,0,0,5,0,0,5,0,0,15,109,3,14,109,2,18,119,6,5,0,0,11,116,2
2112,5,18,10.5,2.35584,0,124,68.8,20.647,0,6,1.8,30.5758,17,124,4,10,114,1,5,0,0,5,0,0,5,0,0,15,106,3,14,109,2,18,116,6,5,0,0,11,119,2
2113,5,18,10.5,2.35584,0,125,69.4,20.6954,0,6,1.8,30.5758,17,125,4,10,118,1,5,0,0,5,0,0,5,0,0,15,110,3,14,114,2,18,119,6,5,0,0,11,108,2
2114,5,18,10.5,2.35584,0,128,70.8,20.7792,0,6,1.8,30.5758,17,128,4,10,118,1,5,0,0,5,0,0,5,0,0,15,118,3,14,116,2,18,114,6,5,0,0,11,114,2
2115,5,18,10.5,2.35584,0,126,70.1,20.7231,0,6,1.8,30.5758,17,126,4,10,118,1,5,0,0,5,0,0,5,0,0,15,115,3,14,110,2,18,115,6,5,0,0,11,117,2
2116,5,18,10.5,2.35584,0,128,71.8,20.8625,0,5,1.7,30.6062,17,128,4,10,121,1,5,0,0,5,0,0,5,0,0,15,113,3,14,118,2,18,113,5,5,0,0,11,125,2
2117,5,18,10.5,2.35584,0,129,70.7,20.8068,0,5,1.7,30.6062,17,126,4,10,119,1,5,0,0,5,0,0,5,0,0,15,114,3,14,109,2,18,110,5,5,0,0,11,129,2
2118,5,18,10.5,2.35584,0,127,70.2,20.7166,0,5,1.7,30.6062,17,118,4,10,118,1,5,0,0,5,0,0,5,0,0,15,110,3,14,114,2,18,115,5,5,0,0,11,127,2
2119,5,18,10.5,2.35584,0,129,71,20.7996,0,4,1.6,30.6369,17,117,4,10,122,1,5,0,0,5,0,0,5,0,0,15,120,3,14,109,2,18,113,4,5,0,0,11,129,2
2120,5,18,10.5,2.35584,0,132,73.1,20.9903,0,4,1.6,30.6369,17,129,4,10,120,1,5,0,0,5,0,0,5,0,0,15,121,3,14,113,2,18,116,4,5,0,0,11,132,2
2121,5,18,10.5,2.35584,0,132,71.7,20.8706,0,4,1.6,30.6369,17,132,4,10,119,1,5,0,0,5,0,0,5,0,0,15,116,3,14,114,2,18,114,4,5,0,0,11,122,2
2122,5,18,10.5,2.35584,0,132,72.9,21.0074,0,4,1.6,30.6369,17,132,4,10,124,1,5,0,0,5,0,0,5,0,0,15,126,3,14,118,2,18,108,4,5,0,0,11,121,2
2123,5,18,10.5,2.35584,0,127,72.7,20.9192,0,5,1.7,30.6062,17,124,5,10,120,1,5,0,0,5,0,0,5,0,0,15,125,3,14,115,2,18,116,4,5,0,0,11,127,2
2124,5,18,10.5,2.35584,0,129,74,21.0449,0,5,1.7,30.6062,17,124,5,10,127,1,5,0,0,5,0,0,5,0,0,15,129,3,14,120,2,18,120,4,5,0,0,11,120,2
2125,5,18,10.5,2.35584,0,130,73.1,20.9778,0,5,1.7,30.6062,17,121,5,10,130,1,5,0,0,5,0,0,5,0,0,15,126,3,14,116,2,18,122,4,5,0,0,11,116,2
2126,5,18,10.5,2.35584,0,122,72.1,20.8414,0,5,1.7,30.6062,17,118,5,10,122,1,5,0,0,5,0,0,5,0,0,15,116,3,14,122,2,18,121,4,5,0,0,11,122,2
2127,5,18,10.5,2.35584,0,123,69,20.6409,0,5,1.7,30.6062,17,109,5,10,123,1,5,0,0,5,0,0,5,0,0,15,116,3,14,118,2,18,111,4,5,0,0,11,113,2
2128,5,18,10.5,2.35584,0,122,68.8,20.6586,0,5,1.7,30.6062,17,103,5,10,122,1,5,0,0,5,0,0,5,0,0,15,114,3,14,119,2,18,121,4,5,0,0,11,109,2
2129,5,18,10.5,2.35584,0,124,67.5,20.5926,0,5,1.7,30.6062,17,106,5,10,124,1,5,0,0,5,0,0,5,0,0,15,112,3,14,117,2,18,111,4,5,0,0,11,105,2
2130,5,18,10.5,2.35584,0,119,66.6,20.5305,0,5,1.7,30.6062,17,105,5,10,119,1,5,0,0,5,0,0,5,0,0,15,110,3,14,118,2,18,109,4,5,0,0,11,105,2
2131,5,18,10.5,2.35584,0,118,68.6,20.5985,0,5,1.7,30.6062,17,116,5,10,113,1,5,0,0,5,0,0,5,0,0,15,113,3,14,118,2,18,117,4,5,0,0,11,109,2
2132,5,18,10.5,2.35584,0,124,69.5,20.6848,0,4,1.6,30.6369,17,124,4,10,113,1,5,0,0,5,0,0,5,0,0,15,112,3,14,121,2,18,115,4,5,0,0,11,110,2
2133,5,18,10.5,2.35584,0,118,69.3,20.6379,0,5,1.7,30.6062,17,118,5,10,115,1,5,0,0,5,0,0,5,0,0,15,116,3,14,117,2,18,116,4,5,0,0,11,111,2
2134,5,18,10.5,2.35584,0,119,70.7,20.7225,0,4,1.6,30.6369,17,118,4,10,117,1,5,0,0,5,0,0,5,0,0,15,117,3,14,118,2,18,119,4,5,0,0,11,118,2
2135,5,18,10.5,2.35584,0,122,69.2,20.6579,0,4,1.6,30.6369,17,122,4,10,111,1,5,0,0,5,0,0,5,0,0,15,106,3,14,118,2,18,119,4,5,0,0,11,116,2
2136,5,18,10.5,2.35584,0,120,68.4,20.5964,0,4,1.6,30.6369,17,117,4,10,106,1,5,0,0,5,0,0,5,0,0,15,109,3,14,119,2,18,113,4,5,0,0,11,120,2
2137,5,18,10.5,2.35584,0,122,68.3,20.5943,0,4,1.5,30.6679,17,115,3,10,107,1,5,0,0,5,0,0,5,0,0,15,109,3,14,122,2,18,111,4,5,0,0,11,119,2
2138,5,18,10.5,2.35584,0,126,70.7,20.7462,0,5,1.6,30.6373,17,118,3,10,117,1,5,0,0,5,0,0,5,0,0,15,120,3,14,114,2,18,112,5,5,0,0,11,126,2
2139,5,18,10.5,2.35584,0,126,71,20.7752,0,5,1.6,30.6373,17,123,3,10,117,1,5,0,0,5,0,0,5,0,0,15,117,3,14,113,2,18,114,5,5,0,0,11,126,2
2140,5,18,10.5,2.35584,0,121,70.5,20.7317,0,5,1.6,30.6373,17,120,3,10,120,1,5,0,0,5,0,0,5,0,0,15,119,3,14,114,2,18,111,5,5,0,0,11,121,2
2141,5,18,10.5,2.35584,0,125,69.8,20.6973,0,5,1.6,30.6373,17,125,3,10,113,1,5,0,0,5,0,0,5,0,0,15,119,3,14,111,2,18,113,5,5,0,0,11,117,2
2142,5,18,10.5,2.35584,0,122,68.7,20.6179,0,5,1.6,30.6373,17,122,3,10,112,1,5,0,0,5,0,0,5,0,0,15,112,3,14,116,2,18,115,5,5,0,0,11,110,2
2143,5,18,10.5,2.35584,0,123,70,20.6984,0,5,1.6,30.6373,17,116,3,10,110,1,5,0,0,5,0,0,5,0,0,15,120,3,14,119,2,18,123,5,5,0,0,11,112,2
2144,5,18,10.5,2.35584,0,120,68.1,20.5631,0,5,1.6,30.6373,17,110,3,10,112,1,5,0,0,5,0,0,5,0,0,15,109,3,14,120,2,18,115,5,5,0,0,11,115,2
2145,5,18,10.5,2.35584,0,120,67.2,20.5358,0,5,1.6,30.6373,17,113,3,10,103,1,5,0,0,5,0,0,5,0,0,15,106,3,14,115,2,18,115,5,5,0,0,11,120,2
2146,5,18,10.5,2.35584,0,121,67.6,20.5522,0,5,1.6,30.6373,17,111,3,10,106,1,5,0,0,5,0,0,5,0,0,15,110,3,14,119,2,18,109,5,5,0,0,11,121,2
2147,5,18,10.5,2.35584,0,119,68.2,20.5764,0,5,1.7,30.6062,17,106,3,10,113,1,5,0,0,5,0,0,5,0,0,15,110,4,14,119,2,18,119,5,5,0,0,11,115,2
2148,5,18,10.5,2.35584,0,123,70.7,20.7407,0,5,1.6,30.6373,17,109,3,10,114,1,5,0,0,5,0,0,5,0,0,15,120,3,14,123,2,18,120,5,5,0,0,11,121,2
2149,5,18,10.5,2.35584,0,127,71.4,20.8299,0,4,1.6,30.6369,17,107,3,10,122,1,5,0,0,5,0,0,5,0,0,15,123,4,14,127,2,18,115,4,5,0,0,11,120,2
2150,5,18,10.5,2.35584,0,122,70.8,20.7603,0,4,1.6,30.6369,17,113,3,10,120,1,5,0,0,5,0,0,5,0,0,15,122,4,14,122,2,18,110,4,5,0,0,11,121,2
2151,5,18,10.5,2.35584,0,122,70.8,20.7403,0,4,1.6,30.6369,17,116,3,10,122,1,5,0,0,5,0,0,5,0,0,15,119,4,14,117,2,18,115,4,5,0,0,11,119,2
2152,5,18,10.5,2.35584,0,122,70.8,20.7642,0,4,1.6,30.6369,17,108,3,10,122,1,5,0,0,5,0,0,5,0,0,15,121,4,14,122,2,18,120,4,5,0,0,11,115,2
2153,5,18,10.5,2.35584,0,121,69,20.6616,0,4,1.5,30.6679,17,104,3,10,119,1,5,0,0,5,0,0,5,0,0,15,121,3,14,120,2,18,117,4,5,0,0,11,109,2
2154,5,18,10.5,2.35584,0,124,69.5,20.682,0,4,1.5,30.6679,17,108,3,10,117,1,5,0,0,5,0,0,5,0,0,15,124,3,14,121,2,18,114,4,5,0,0,11,111,2
2155,5,18,10.5,2.35584,0,125,70.6,20.7604,0,4,1.5,30.6679,17,116,3,10,125,1,5,0,0,5,0,0,5,0,0,15,123,3,14,111,2,18,117,4,5,0,0,11,114,2
2156,5,18,10.5,2.35584,0,127,71.9,20.8832,0,4,1.5,30.6679,17,118,3,10,125,1,5,0,0,5,0,0,5,0,0,15,127,3,14,107,2,18,121,4,5,0,0,11,121,2
2157,5,18,10.5,2.35584,0,130,70.6,20.7963,0,4,1.5,30.6679,17,116,3,10,121,1,5,0,0,5,0,0,5,0,0,15,130,3,14,107,2,18,112,4,5,0,0,11,120,2
2158,5,18,10.5,2.35584,0,124,70.4,20.7632,0,4,1.5,30.6679,17,117,3,10,122,1,5,0,0,5,0,0,5,0,0,15,124,3,14,111,2,18,107,4,5,0,0,11,123,2
2159,5,18,10.5,2.35584,0,130,72.5,20.9358,0,4,1.5,30.6679,17,110,3,10,125,1,5,0,0,5,0,0,5,0,0,15,128,3,14,115,2,18,117,4,5,0,0,11,130,2
2160,5,18,10.5,2.35584,0,124,71.6,20.8382,0,4,1.5,30.6679,17,106,3,10,124,1,5,0,0,5,0,0,5,0,0,15,123,3,14,120,2,18,119,4,5,0,0,11,124,2
2161,5,18,10.5,2.35584,0,128,72.4,20.8848,0,4,1.5,30.6679,17,111,3,10,120,1,5,0,0,5,0,0,5,0,0,15,119,3,14,121,2,18,125,4,5,0,0,11,128,2
2162,5,18,10.5,2.35584,0,127,71.8,20.8336,0,4,1.5,30.6679,17,115,3,10,112,1,5,0,0,5,0,0,5,0,0,15,118,3,14,124,2,18,127,4,5,0,0,11,122,2
2163,5,18,10.5,2.35584,0,123,70.4,20.732,0,4,1.5,30.6679,17,107,3,10,122,1,5,0,0,5,0,0,5,0,0,15,116,3,14,123,2,18,117,4,5,0,0,11,119,2
2164,5,18,10.5,2.35584,0,119,69.3,20.6544,0,4,1.5,30.6679,17,118,3,10,114,1,5,0,0,5,0,0,5,0,0,15,119,3,14,115,2,18,119,4,5,0,0,11,108,2
2165,5,18,10.5,2.35584,0,123,70.4,20.726,0,4,1.5,30.6679,17,118,3,10,112,1,5,0,0,5,0,0,5,0,0,15,121,3,14,118,2,18,123,4,5,0,0,11,112,2
2166,5,18,10.5,2.35584,0,127,72,20.8845,0,4,1.5,30.6679,17,126,3,10,115,1,5,0,0,5,0,0,5,0,0,15,127,3,14,123,2,18,116,4,5,0,0,11,113,2
2167,5,18,10.5,2.35584,0,130,73.1,20.9926,0,4,1.5,30.6679,17,130,3,10,110,1,5,0,0,5,0,0,5,0,0,15,126,3,14,123,2,18,125,4,5,0,0,11,117,2
2168,5,18,10.5,2.35584,0,126,70.1,20.7211,0,4,1.5,30.6679,17,126,3,10,116,1,5,0,0,5,0,0,5,0,0,15,112,3,14,119,2,18,114,4,5,0,0,11,114,2
2169,5,18,10.5,2.35584,0,121,68.2,20.5837,0,4,1.5,30.6679,17,115,3,10,114,1,5,0,0,5,0,0,5,0,0,15,111,3,14,121,2,18,108,4,5,0,0,11,113,2
2170,5,18,10.5,2.35584,0,120,69.1,20.6481,0,4,1.5,30.6679,17,117,3,10,118,1,5,0,0,5,0,0,5,0,0,15,112,3,14,120,2,18,106,4,5,0,0,11,118,2
2171,5,18,10.5,2.35584,0,127,70.4,20.7621,0,4,1.5,30.6679,17,111,3,10,125,1,5,0,0,5,0,0,5,0,0,15,117,3,14,116,2,18,108,4,5,0,0,11,127,2
2172,5,18,10.5,2.35584,0,128,70.3,20.7621,0,4,1.5,30.6679,17,111,3,10,126,1,5,0,0,5,0,0,5,0,0,15,115,3,14,114,2,18,109,4,5,0,0,11,128,2
2173,5,18,10.5,2.35584,0,129,70.5,20.7592,0,4,1.5,30.6679,17,110,3,10,123,1,5,0,0,5,0,0,5,0,0,15,117,3,14,111,2,18,115,4,5,0,0,11,129,2
2174,5,18,10.5,2.35584,0,125,70.5,20.737,0,4,1.5,30.6679,17,116,3,10,122,1,5,0,0,5,0,0,5,0,0,15,115,3,14,110,2,18,117,4,5,0,0,11,125,2
2175,5,18,10.5,2.35584,0,125,71.2,20.7887,0,4,1.5,30.6679,17,110,3,10,123,1,5,0,0,5,0,0,5,0,0,15,121,3,14,115,2,18,118,4,5,0,0,11,125,2
2176,5,18,10.5,2.35584,0,130,72.6,20.9029,0,4,1.5,30.6679,17,114,3,10,119,1,5,0,0,5,0,0,5,0,0,15,122,3,14,119,2,18,130,4,5,0,0,11,122,2
2177,5,18,10.5,2.35584,0,124,71.7,20.8309,0,4,1.5,30.6679,17,122,3,10,115,1,5,0,0,5,0,0,5,0,0,15,124,3,14,118,2,18,124,4,5,0,0,11,114,2
2178,5,18,10.5,2.35584,0,122,70.3,20.7177,0,4,1.5,30.6679,17,116,3,10,112,1,5,0,0,5,0,0,5,0,0,15,122,3,14,110,2,18,122,4,5,0,0,11,121,2
2179,5,18,10.5,2.35584,0,123,70.4,20.7094,0,4,1.5,30.6679,17,114,3,10,114,1,5,0,0,5,0,0,5,0,0,15,123,3,14,117,2,18,119,4,5,0,0,11,117,2
2180,5,18,10.5,2.35584,0,128,70.7,20.7752,0,4,1.5,30.6679,17,115,3,10,107,1,5,0,0,5,0,0,5,0,0,15,124,3,14,116,2,18,128,4,5,0,0,11,117,2
2181,5,18,10.5,2.35584,0,129,71.5,20.8215,0,4,1.5,30.6679,17,116,3,10,113,1,5,0,0,5,0,0,5,0,0,15,129,3,14,116,2,18,123,4,5,0,0,11,118,2
2182,5,18,10.5,2.35584,0,126,72,20.8455,0,4,1.5,30.6679,17,120,3,10,117,1,5,0,0,5,0,0,5,0,0,15,126,3,14,121,2,18,115,4,5,0,0,11,121,2
2183,5,18,10.5,2.35584,0,125,72.1,20.8466,0,4,1.5,30.6679,17,119,3,10,118,1,5,0,0,5,0,0,5,0,0,15,125,3,14,117,2,18,118,4,5,0,0,11,124,2
2184,5,18,10.5,2.35584,0,122,70.1,20.7307,0,4,1.5,30.6679,17,122,3,10,119,1,5,0,0,5,0,0,5,0,0,15,117,3,14,121,2,18,106,4,5,0,0,11,116,2
2185,5,18,10.5,2.35584,0,126,71,20.7783,0,4,1.5,30.6679,17,120,3,10,113,1,5,0,0,5,0,0,5,0,0,15,113,3,14,126,2,18,114,4,5,0,0,11,124,2
2186,5,18,10.5,2.35584,0,127,70,20.7264,0,4,1.5,30.6679,17,116,3,10,117,1,5,0,0,5,0,0,5,0,0,15,106,3,14,127,2,18,113,4,5,0,0,11,121,2
2187,5,19,10.6,2.41247,0,122,67.3,20.5442,0,4,1.6,30.6366,17,109,3,10,112,1,5,0,0,5,0,0,5,0,0,15,107,3,14,117,3,19,106,4,5,0,0,11,122,2
2188,5,19,10.6,2.41247,0,121,67.1,20.5336,0,4,1.5,30.6679,17,104,3,10,114,1,5,0,0,5,0,0,5,0,0,15,109,3,14,116,2,19,107,4,5,0,0,11,121,2
2189,5,19,10.6,2.41247,0,118,67.6,20.5406,0,4,1.5,30.6679,17,108,3,10,115,1,5,0,0,5,0,0,5,0,0,15,107,3,14,118,2,19,113,4,5,0,0,11,115,2
2190,5,19,10.6,2.41247,0,124,69.3,20.6854,0,4,1.6,30.6366,17,112,3,10,123,1,5,0,0,5,0,0,5,0,0,15,113,3,14,124,3,19,113,4,5,0,0,11,108,2
2191,5,19,10.6,2.41247,0,123,68.7,20.6535,0,4,1.6,30.6366,17,112,3,10,123,1,5,0,0,5,0,0,5,0,0,15,114,3,14,122,3,19,106,4,5,0,0,11,110,2
2192,5,19,10.6,2.41247,0,119,68,20.582,0,4,1.6,30.6366,17,111,3,10,119,1,5,0,0,5,0,0,5,0,0,15,117,3,14,116,3,19,109,4,5,0,0,11,108,2
2193,5,19,10.6,2.41247,0,127,68.8,20.6825,0,4,1.7,30.6056,17,113,3,10,127,1,5,0,0,5,0,0,5,0,0,15,120,3,14,110,4,19,112,4,5,0,0,11,106,2
2194,5,19,10.6,2.41247,0,122,68.8,20.663,0,4,1.7,30.6056,17,118,3,10,121,1,5,0,0,5,0,0,5,0,0,15,110,3,14,112,4,19,122,4,5,0,0,11,105,2
2195,5,19,10.6,2.41247,0,125,69.7,20.8151,0,4,1.7,30.6056,17,124,3,10,125,1,5,0,0,5,0,0,5,0,0,15,118,3,14,110,4,19,122,4,5,0,0,11,98,2
2196,5,19,10.6,2.41247,0,129,69.1,20.7368,0,4,1.7,30.6056,17,121,3,10,118,1,5,0,0,5,0,0,5,0,0,15,113,3,14,101,4,19,129,4,5,0,0,11,109,2
2197,5,19,10.6,2.41247,0,136,69.4,20.805,0,4,1.6,30.6366,17,116,3,10,117,1,5,0,0,5,0,0,5,0,0,15,112,3,14,98,3,19,136,4,5,0,0,11,115,2
2198,5,19,10.6,2.41247,0,124,67.9,20.6074,0,3,1.5,30.6676,17,111,3,10,113,1,5,0,0,5,0,0,5,0,0,15,115,3,14,100,3,19,124,3,5,0,0,11,116,2
2199,5,19,10.6,2.41247,0,122,69.5,20.6789,0,3,1.5,30.6676,17,115,3,10,117,1,5,0,0,5,0,0,5,0,0,15,117,3,14,104,3,19,120,3,5,0,0,11,122,2
2200,5,19,10.6,2.41247,0,120,68.9,20.6308,0,3,1.5,30.6676,17,113,3,10,118,1,5,0,0,5,0,0,5,0,0,15,114,3,14,105,3,19,119,3,5,0,0,11,120,2
2201,5,19,10.6,2.41247,0,127,70.6,20.7531,0,3,1.5,30.6676,17,114,3,10,127,1,5,0,0,5,0,0,5,0,0,15,116,3,14,112,3,19,116,3,5,0,0,11,121,2
2202,5,19,10.6,2.41247,0,118,69,20.6115,0,3,1.5,30.6676,17,114,3,10,118,1,5,0,0,5,0,0,5,0,0,15,115,3,14,114,3,19,112,3,5,0,0,11,117,2
2203,5,19,10.6,2.41247,0,121,68.6,20.6336,0,4,1.6,30.6366,17,111,3,10,121,1,5,0,0,5,0,0,5,0,0,15,116,3,14,117,3,19,103,4,5,0,0,11,118,2
2204,5,19,10.6,2.41247,0,128,71.4,20.8295,0,4,1.6,30.6366,17,117,3,10,128,1,5,0,0,5,0,0,5,0,0,15,116,3,14,119,3,19,110,4,5,0,0,11,124,2
2205,5,19,10.6,2.41247,0,121,70.7,20.73,0,4,1.6,30.6366,17,114,3,10,120,1,5,0,0,5,0,0,5,0,0,15,115,3,14,121,3,19,116,4,5,0,0,11,121,2
2206,5,19,10.6,2.41247,0,124,68.9,20.6296,0,4,1.7,30.6056,17,109,3,10,113,1,5,0,0,5,0,0,5,0,0,15,116,4,14,119,3,19,108,4,5,0,0,11,124,2
2207,5,19,10.6,2.41247,0,127,68.7,20.6385,0,4,1.7,30.6056,17,103,3,10,115,1,5,0,0,5,0,0,5,0,0,15,111,4,14,118,3,19,113,4,5,0,0,11,127,2
2208,5,19,10.6,2.41247,0,121,67.4,20.5353,0,4,1.7,30.6056,17,108,3,10,110,1,5,0,0,5,0,0,5,0,0,15,110,4,14,117,3,19,108,4,5,0,0,11,121,2
2209,5,19,10.6,2.41247,0,120,68,20.5552,0,4,1.7,30.6056,17,109,3,10,114,1,5,0,0,5,0,0,5,0,0,15,109,4,14,115,3,19,113,4,5,0,0,11,120,2
2210,5,19,10.6,2.41247,0,116,67.2,20.5209,0,4,1.7,30.6056,17,110,3,10,115,1,5,0,0,5,0,0,5,0,0,15,116,4,14,107,3,19,113,4,5,0,0,11,111,2
2211,5,19,10.6,2.41247,0,115,66.9,20.5056,0,4,1.7,30.6056,17,115,3,10,109,1,5,0,0,5,0,0,5,0,0,15,112,4,14,106,3,19,115,4,5,0,0,11,112,2
2212,5,19,10.6,2.41247,0,122,68,20.5815,0,4,1.7,30.6056,17,115,3,10,106,1,5,0,0,5,0,0,5,0,0,15,122,4,14,113,3,19,114,4,5,0,0,11,110,2
2213,5,19,10.6,2.41247,0,122,69,20.633,0,4,1.8,30.5745,17,115,3,10,112,1,5,0,0,5,0,0,5,0,0,15,122,4,14,118,4,19,113,4,5,0,0,11,110,2
2214,5,19,10.6,2.41247,0,123,70.2,20.7147,0,4,1.8,30.5745,17,112,3,10,121,1,5,0,0,5,0,0,5,0,0,15,119,4,14,123,4,19,113,4,5,0,0,11,114,2
2215,5,19,10.6,2.41247,0,126,70.1,20.6997,0,4,1.8,30.5745,17,112,3,10,115,1,5,0,0,5,0,0,5,0,0,15,115,4,14,126,4,19,115,4,5,0,0,11,118,2
2216,5,19,10.6,2.41247,0,124,71.9,20.8371,0,4,1.8,30.5745,17,116,3,10,124,1,5,0,0,5,0,0,5,0,0,15,119,4,14,123,4,19,121,4,5,0,0,11,116,2
2217,5,19,10.6,2.41247,0,127,70.4,20.7348,0,4,1.8,30.5745,17,116,3,10,117,1,5,0,0,5,0,0,5,0,0,15,112,4,14,127,4,19,112,4,5,0,0,11,120,2
2218,5,19,10.6,2.41247,0,133,69.9,20.7523,0,4,1.8,30.5745,17,115,3,10,116,1,5,0,0,5,0,0,5,0,0,15,112,4,14,133,4,19,109,4,5,0,0,11,114,2
2219,5,19,10.6,2.41247,0,127,69.5,20.7018,0,5,1.9,30.5438,17,110,3,10,121,1,5,0,0,5,0,0,5,0,0,15,116,4,14,127,4,19,111,5,5,0,0,11,110,2
2220,5,19,10.6,2.41247,0,123,68.6,20.6312,0,5,1.9,30.5438,17,106,3,10,117,1,5,0,0,5,0,0,5,0,0,15,115,4,14,123,4,19,106,5,5,0,0,11,119,2
2221,5,19,10.6,2.41247,0,121,68.8,20.627,0,5,1.8,30.5749,17,108,3,10,119,1,5,0,0,5,0,0,5,0,0,15,116,4,14,117,3,19,107,5,5,0,0,11,121,2
2222,5,19,10.6,2.41247,0,124,69.1,20.6382,0,5,1.8,30.5749,17,111,3,10,114,1,5,0,0,5,0,0,5,0,0,15,118,4,14,116,3,19,108,5,5,0,0,11,124,2
2223,5,19,10.6,2.41247,0,123,71.1,20.7668,0,5,1.7,30.6062,17,118,2,10,116,1,5,0,0,5,0,0,5,0,0,15,120,4,14,123,3,19,113,5,5,0,0,11,121,2
2224,5,19,10.6,2.41247,0,123,70.1,20.6916,0,5,1.6,30.6376,17,117,2,10,113,1,5,0,0,5,0,0,5,0,0,15,123,4,14,114,2,19,116,5,5,0,0,11,118,2
2225,5,19,10.6,2.41247,0,127,70.1,20.7221,0,5,1.6,30.6376,17,118,2,10,118,1,5,0,0,5,0,0,5,0,0,15,113,4,14,114,2,19,127,5,5,0,0,11,111,2
2226,5,19,10.6,2.41247,0,128,69.6,20.7757,0,5,1.6,30.6376,17,108,2,10,120,1,5,0,0,5,0,0,5,0,0,15,127,4,14,107,2,19,128,5,5,0,0,11,106,2
2227,5,19,10.6,2.41247,0,124,68.7,20.6592,0,5,1.6,30.6376,17,106,2,10,115,1,5,0,0,5,0,0,5,0,0,15,124,4,14,107,2,19,124,5,5,0,0,11,111,2
2228,5,19,10.6,2.41247,0,119,68.1,20.5713,0,5,1.6,30.6376,17,107,2,10,116,1,5,0,0,5,0,0,5,0,0,15,116,4,14,112,2,19,119,5,5,0,0,11,111,2
2229,5,19,10.6,2.41247,0,115,66.1,20.4745,0,5,1.6,30.6376,17,104,2,10,108,1,5,0,0,5,0,0,5,0,0,15,114,4,14,113,2,19,115,5,5,0,0,11,107,2
2230,5,19,10.6,2.41247,0,122,68.8,20.6304,0,4,1.5,30.6683,17,109,2,10,116,1,5,0,0,5,0,0,5,0,0,15,120,4,14,112,2,19,122,4,5,0,0,11,109,2
2231,5,19,10.6,2.41247,0,122,69,20.6151,0,4,1.5,30.6683,17,111,2,10,110,1,5,0,0,5,0,0,5,0,0,15,114,4,14,116,2,19,122,4,5,0,0,11,117,2
2232,5,19,10.6,2.41247,0,127,71.6,20.8195,0,4,1.5,30.6683,17,110,2,10,119,1,5,0,0,5,0,0,5,0,0,15,120,4,14,127,2,19,120,4,5,0,0,11,120,2
2233,5,19,10.6,2.41247,0,126,72.6,20.903,0,4,1.5,30.6683,17,113,2,10,126,1,5,0,0,5,0,0,5,0,0,15,119,4,14,125,2,19,120,4,5,0,0,11,123,2
2234,5,19,10.6,2.41247,0,123,71.1,20.7722,0,4,1.5,30.6683,17,117,2,10,122,1,5,0,0,5,0,0,5,0,0,15,123,4,14,117,2,19,116,4,5,0,0,11,116,2
2235,5,19,10.6,2.41247,0,127,72.5,20.896,0,4,1.5,30.6683,17,120,2,10,121,1,5,0,0,5,0,0,5,0,0,15,127,4,14,123,2,19,117,4,5,0,0,11,117,2
2236,5,19,10.7,2.43926,0,125,73.7,21.0206,0,4,1.7,30.6061,17,125,2,10,125,1,5,0,0,5,0,0,5,0,0,15,125,4,14,125,2,19,113,4,5,0,0,12,124,4
2237,5,19,10.7,2.43926,0,127,73.6,20.9887,0,4,1.7,30.6061,17,121,2,10,123,1,5,0,0,5,0,0,5,0,0,15,122,4,14,127,2,19,117,4,5,0,0,12,126,4
2238,5,19,10.7,2.43926,0,128,73.3,20.9624,0,4,1.7,30.6061,17,118,2,10,128,1,5,0,0,5,0,0,5,0,0,15,122,4,14,123,2,19,120,4,5,0,0,12,122,4
2239,5,19,10.7,2.43926,0,128,72.2,20.8962,0,5,1.8,30.5753,17,125,2,10,128,1,5,0,0,5,0,0,5,0,0,15,116,4,14,121,2,19,117,5,5,0,0,12,115,4
2240,5,19,10.7,2.43926,0,124,71,20.7688,0,5,1.9,30.5439,17,124,2,10,120,1,5,0,0,5,0,0,5,0,0,15,113,4,14,118,3,19,117,5,5,0,0,12,118,4
2241,5,19,10.7,2.43926,0,130,70.8,20.7977,0,5,1.9,30.5439,17,120,2,10,130,1,5,0,0,5,0,0,5,0,0,15,111,4,14,117,3,19,115,5,5,0,0,12,115,4
2242,5,19,10.7,2.43926,0,123,72.1,20.846,0,5,1.9,30.5439,17,117,2,10,123,1,5,0,0,5,0,0,5,0,0,15,115,4,14,122,3,19,122,5,5,0,0,12,122,4
2243,5,19,10.7,2.43926,0,126,70.8,20.7694,0,5,1.9,30.5439,17,115,2,10,126,1,5,0,0,5,0,0,5,0,0,15,113,4,14,123,3,19,114,5,5,0,0,12,117,4
2244,5,19,10.7,2.43926,0,123,68.7,20.5964,0,5,1.9,30.5439,17,111,2,10,111,1,5,0,0,5,0,0,5,0,0,15,113,4,14,116,3,19,113,5,5,0,0,12,123,4
2245,5,19,10.7,2.43926,0,122,70.2,20.6904,0,5,1.9,30.5439,17,113,2,10,116,1,5,0,0,5,0,0,5,0,0,15,118,4,14,115,3,19,122,5,5,0,0,12,118,4
2246,5,19,10.7,2.43926,0,122,69.4,20.647,0,5,1.8,30.5757,17,111,1,10,113,1,5,0,0,5,0,0,5,0,0,15,112,4,14,122,3,19,114,5,5,0,0,12,122,4
2247,5,19,10.7,2.43926,0,126,70,20.7071,0,5,1.8,30.5757,17,111,1,10,113,1,5,0,0,5,0,0,5,0,0,15,109,4,14,123,3,19,118,5,5,0,0,12,126,4
2248,5,19,10.7,2.43926,0,128,70.9,20.7729,0,5,1.7,30.6067,17,118,1,10,116,1,5,0,0,5,0,0,5,0,0,15,113,3,14,128,3,19,113,5,5,0,0,12,121,4
2249,5,19,10.8,2.48193,0,119,70.3,20.6983,0,5,1.8,30.5757,17,118,1,10,118,1,5,0,0,5,0,0,5,0,0,16,116,4,14,119,3,19,116,5,5,0,0,12,116,4
2250,5,19,10.8,2.48193,0,125,72.3,20.8863,0,5,1.8,30.5757,17,123,1,10,125,1,5,0,0,5,0,0,5,0,0,16,120,4,14,115,3,19,124,5,5,0,0,12,116,4
2251,5,19,10.8,2.48193,0,130,72.5,20.9249,0,5,1.8,30.5757,17,123,1,10,121,1,5,0,0,5,0,0,5,0,0,16,130,4,14,112,3,19,122,5,5,0,0,12,117,4
2252,5,19,10.8,2.48193,0,129,74.2,21.0661,0,5,1.8,30.5757,17,128,1,10,125,1,5,0,0,5,0,0,5,0,0,16,124,4,14,117,3,19,119,5,5,0,0,12,129,4
2253,5,19,10.8,2.48193,0,130,74.1,21.0637,0,5,1.8,30.5757,17,128,1,10,127,1,5,0,0,5,0,0,5,0,0,16,118,4,14,117,3,19,121,5,5,0,0,12,130,4
2254,5,19,10.8,2.48193,0,128,72.3,20.905,0,5,1.8,30.5757,17,122,1,10,128,1,5,0,0,5,0,0,5,0,0,16,123,4,14,119,3,19,111,5,5,0,0,12,120,4
2255,5,20,10.9,2.53969,0,124,72.3,20.8623,0,9,2.1,30.4872,17,118,1,10,121,1,5,0,0,5,0,0,5,0,0,16,124,4,14,122,2,20,117,9,5,0,0,12,121,4
2256,5,20,10.9,2.53969,0,126,71.2,20.7812,0,9,2.1,30.4872,17,119,1,10,116,1,5,0,0,5,0,0,5,0,0,16,126,4,14,115,2,20,118,9,5,0,0,12,118,4
2257,5,20,10.9,2.53969,0,136,73.2,21.0039,0,9,2.1,30.4872,17,119,1,10,117,1,5,0,0,5,0,0,5,0,0,16,136,4,14,123,2,20,121,9,5,0,0,12,116,4
2258,5,20,11,2.58844,0,134,73.6,21.0374,0,9,2,30.5184,18,119,1,10,116,1,5,0,0,5,0,0,5,0,0,16,126,3,14,134,2,20,126,9,5,0,0,12,115,4
2259,5,20,11,2.58844,0,135,73.4,21.003,0,8,1.9,30.5478,18,117,1,10,118,1,5,0,0,5,0,0,5,0,0,16,123,3,14,135,2,20,122,8,5,0,0,12,119,4
2260,5,20,11,2.58844,0,135,71.8,20.8845,0,8,1.9,30.5478,18,117,1,10,113,1,5,0,0,5,0,0,5,0,0,16,117,3,14,135,2,20,113,8,5,0,0,12,123,4
2261,5,20,11,2.58844,0,135,72.7,20.9642,0,8,1.9,30.5478,18,119,1,10,112,1,5,0,0,5,0,0,5,0,0,16,118,3,14,135,2,20,115,8,5,0,0,12,128,4
2262,5,20,11,2.58844,0,130,72.6,20.9223,0,8,1.9,30.5478,18,125,1,10,115,1,5,0,0,5,0,0,5,0,0,16,120,3,14,123,2,20,113,8,5,0,0,12,130,4
2263,5,20,11,2.58844,0,128,70.9,20.8082,0,8,1.9,30.5478,18,128,1,10,112,1,5,0,0,5,0,0,5,0,0,16,114,3,14,121,2,20,109,8,5,0,0,12,125,4
2264,5,20,11,2.58844,0,123,69.6,20.6746,0,8,1.9,30.5478,18,123,1,10,111,1,5,0,0,5,0,0,5,0,0,16,116,3,14,119,2,20,111,8,5,0,0,12,116,4
2265,5,20,11,2.58844,0,123,68.5,20.6286,0,8,1.9,30.5478,18,123,1,10,118,1,5,0,0,5,0,0,5,0,0,16,112,3,14,109,2,20,114,8,5,0,0,12,109,4
2266,5,20,11,2.58844,0,127,70,20.7884,0,8,1.9,30.5478,18,127,1,10,124,1,5,0,0,5,0,0,5,0,0,16,106,3,14,115,2,20,121,8,5,0,0,12,107,4
2267,5,20,11,2.58844,0,128,70.7,20.873,0,8,1.9,30.5478,18,128,1,10,122,1,5,0,0,5,0,0,5,0,0,16,114,3,14,115,2,20,127,8,5,0,0,12,101,4
2268,5,20,11,2.58844,0,135,72.6,21.0218,0,8,1.9,30.5478,18,135,1,10,129,1,5,0,0,5,0,0,5,0,0,16,115,3,14,113,2,20,123,8,5,0,0,12,111,4
2269,5,20,11,2.58844,0,126,70.5,20.7676,0,7,1.8,30.5776,18,126,1,10,119,1,5,0,0,5,0,0,5,0,0,16,111,3,14,118,2,20,121,7,5,0,0,12,110,4
2270,5,20,11,2.58844,0,130,71.6,20.9206,0,7,1.8,30.5776,18,130,1,10,130,1,5,0,0,5,0,0,5,0,0,16,114,3,14,120,2,20,112,7,5,0,0,12,110,4
2271,5,20,11,2.58844,0,124,70.5,20.7483,0,7,1.8,30.5776,18,124,1,10,116,1,5,0,0,5,0,0,5,0,0,16,113,3,14,124,2,20,113,7,5,0,0,12,115,4
2272,5,20,11,2.58844,0,126,70,20.7566,0,7,1.8,30.5776,18,126,1,10,108,1,5,0,0,5,0,0,5,0,0,16,116,3,14,126,2,20,115,7,5,0,0,12,109,4
2273,5,20,11,2.58844,0,131,71.6,20.8601,0,7,1.8,30.5776,18,125,1,10,115,1,5,0,0,5,0,0,5,0,0,16,112,3,14,131,2,20,115,7,5,0,0,12,118,4
2274,5,20,11,2.58844,0,125,72.5,20.9044,0,6,1.7,30.6077,18,124,1,10,125,1,5,0,0,5,0,0,5,0,0,16,115,3,14,124,2,20,115,6,5,0,0,12,122,4
2275,5,20,11,2.58844,0,128,73.6,20.9942,0,6,1.8,30.576,18,122,2,10,128,1,5,0,0,5,0,0,5,0,0,16,119,3,14,125,2,20,121,6,5,0,0,12,121,4
2276,5,20,11,2.58844,0,127,73.8,21.0068,0,6,1.8,30.576,18,119,2,10,127,1,5,0,0,5,0,0,5,0,0,16,121,3,14,125,2,20,120,6,5,0,0,12,126,4
2277,5,20,11,2.58844,0,131,72.8,20.9524,0,7,1.9,30.5459,18,113,2,10,124,1,5,0,0,5,0,0,5,0,0,16,118,3,14,128,2,20,114,7,5,0,0,12,131,4
2278,5,20,11,2.58844,0,135,71.5,20.8626,0,7,1.8,30.5776,18,111,1,10,118,1,5,0,0,5,0,0,5,0,0,16,121,3,14,120,2,20,110,7,5,0,0,12,135,4
2279,5,20,11,2.58844,0,134,72.4,20.9485,0,7,1.8,30.5776,18,114,1,10,127,1,5,0,0,5,0,0,5,0,0,16,120,3,14,120,2,20,109,7,5,0,0,12,134,4
2280,5,20,11,2.58844,0,130,71.5,20.8287,0,7,1.8,30.5776,18,114,1,10,121,1,5,0,0,5,0,0,5,0,0,16,115,3,14,123,2,20,112,7,5,0,0,12,130,4
2281,5,20,11.1,2.6096,0,125,70.2,20.7232,0,6,1.7,30.6077,18,109,1,11,121,1,5,0,0,5,0,0,5,0,0,16,115,3,14,125,2,20,112,6,5,0,0,12,120,4
2282,5,20,11.1,2.6096,0,122,69.8,20.6738,0,6,1.7,30.6077,18,111,1,11,122,1,5,0,0,5,0,0,5,0,0,16,116,3,14,118,2,20,115,6,5,0,0,12,116,4
2283,5,20,11.1,2.6096,0,123,70.7,20.7492,0,6,1.7,30.6077,18,116,1,11,123,1,5,0,0,5,0,0,5,0,0,16,112,3,14,123,2,20,117,6,5,0,0,12,116,4
2284,5,20,11.1,2.6096,0,120,70.2,20.696,0,6,1.6,30.6386,18,116,1,11,120,1,5,0,0,5,0,0,5,0,0,16,118,3,14,118,2,20,113,6,5,0,0,12,117,3
2285,5,20,11.1,2.6096,0,123,71.7,20.81,0,6,1.6,30.6386,18,117,1,11,123,1,5,0,0,5,0,0,5,0,0,16,120,3,14,120,2,20,118,6,5,0,0,12,119,3
2286,5,20,11.1,2.6096,0,125,70.3,20.7286,0,6,1.7,30.6077,18,110,1,11,125,1,5,0,0,5,0,0,5,0,0,16,120,3,14,116,2,20,118,6,5,0,0,12,114,4
2287,5,20,11.2,2.6533,0,128,71.4,20.8463,0,8,2.2,30.4554,18,109,1,11,128,1,5,0,0,5,0,0,5,0,0,17,125,8,14,113,2,20,123,6,5,0,0,12,116,4
2288,5,20,11.2,2.6533,0,130,70.7,20.8299,0,8,2.3,30.4235,18,107,2,11,130,1,5,0,0,5,0,0,5,0,0,17,123,8,14,108,2,20,124,6,5,0,0,12,115,4
2289,5,20,11.2,2.6533,0,122,69.5,20.6938,0,8,2.1,30.4852,18,115,2,11,122,1,5,0,0,5,0,0,5,0,0,17,118,8,14,111,2,20,122,5,5,0,0,12,107,3
2290,5,20,11.2,2.6533,0,127,70.4,20.7321,0,8,2.1,30.4852,18,118,2,11,113,1,5,0,0,5,0,0,5,0,0,17,118,8,14,111,2,20,127,5,5,0,0,12,117,3
2291,5,20,11.2,2.6533,0,127,70.9,20.7729,0,8,2.1,30.4852,18,127,2,11,115,1,5,0,0,5,0,0,5,0,0,17,113,8,14,115,2,20,118,5,5,0,0,12,121,3
2292,5,20,11.2,2.6533,0,126,71.6,20.816,0,8,2.1,30.4852,18,126,2,11,118,1,5,0,0,5,0,0,5,0,0,17,116,8,14,120,2,20,117,5,5,0,0,12,119,3
2293,5,20,11.2,2.6533,0,124,70.5,20.7397,0,8,2.2,30.4533,18,122,2,11,114,2,5,0,0,5,0,0,5,0,0,17,115,8,14,124,2,20,111,5,5,0,0,12,119,3
2294,5,20,11.2,2.6533,0,125,69.6,20.6939,0,8,2.1,30.4852,18,112,2,11,115,1,5,0,0,5,0,0,5,0,0,17,113,8,14,125,2,20,107,5,5,0,0,12,124,3
2295,5,20,11.2,2.6533,0,123,68.9,20.6607,0,7,2,30.515,18,106,2,11,120,1,5,0,0,5,0,0,5,0,0,17,111,7,14,123,2,20,107,5,5,0,0,12,122,3
2296,5,20,11.2,2.6533,0,118,69,20.616,0,7,2,30.515,18,113,2,11,118,1,5,0,0,5,0,0,5,0,0,17,111,7,14,118,2,20,112,5,5,0,0,12,118,3
2297,5,20,11.2,2.6533,0,123,68.8,20.6037,0,7,2,30.515,18,113,2,11,109,1,5,0,0,5,0,0,5,0,0,17,113,7,14,116,2,20,114,5,5,0,0,12,123,3
2298,5,20,11.2,2.6533,0,123,69.6,20.6526,0,7,2,30.515,18,114,2,11,115,1,5,0,0,5,0,0,5,0,0,17,112,7,14,118,2,20,114,5,5,0,0,12,123,3
2299,5,20,11.2,2.6533,0,127,70.2,20.7108,0,6,1.9,30.5452,18,114,2,11,118,1,5,0,0,5,0,0,5,0,0,17,110,6,14,116,2,20,117,5,5,0,0,12,127,3
2300,5,20,11.2,2.6533,0,131,71.4,20.821,0,6,1.9,30.5455,18,118,3,11,119,1,5,0,0,5,0,0,5,0,0,17,114,6,14,111,1,20,121,5,5,0,0,12,131,3
2301,5,20,11.2,2.6533,0,125,71.1,20.805,0,6,1.9,30.5455,18,122,3,11,125,1,5,0,0,5,0,0,5,0,0,17,120,6,14,109,1,20,114,5,5,0,0,12,121,3
2302,5,20,11.2,2.6533,0,127,70.4,20.7776,0,6,2,30.5137,18,124,3,11,109,2,5,0,0,5,0,0,5,0,0,17,127,6,14,107,1,20,118,5,5,0,0,12,119,3
2303,5,20,11.2,2.6533,0,127,71.9,20.8798,0,6,2.1,30.4826,18,127,4,11,109,2,5,0,0,5,0,0,5,0,0,17,127,6,14,117,1,20,122,5,5,0,0,12,117,3
2304,5,20,11.2,2.6533,0,131,72.7,20.9533,0,6,2,30.5134,18,126,4,11,115,2,5,0,0,5,0,0,5,0,0,17,131,6,14,123,1,20,113,4,5,0,0,12,119,3
2305,5,20,11.2,2.6533,0,125,70.1,20.7713,0,6,2,30.5134,18,125,4,11,108,2,5,0,0,5,0,0,5,0,0,17,125,6,14,122,1,20,113,4,5,0,0,12,108,3
2306,5,20,11.2,2.6533,0,130,71.1,20.8411,0,6,2,30.5134,18,115,4,11,114,2,5,0,0,5,0,0,5,0,0,17,125,6,14,130,1,20,120,4,5,0,0,12,107,3
2307,5,20,11.2,2.6533,0,132,70.7,20.8007,0,5,1.9,30.5438,18,116,4,11,113,2,5,0,0,5,0,0,5,0,0,17,116,5,14,132,1,20,121,4,5,0,0,12,109,3
2308,5,20,11.2,2.6533,0,140,70.6,20.8848,0,5,1.9,30.5438,18,118,4,11,110,2,5,0,0,5,0,0,5,0,0,17,117,5,14,140,1,20,114,4,5,0,0,12,107,3
2309,5,20,11.2,2.6533,0,132,70.1,20.7686,0,5,1.8,30.5756,18,115,4,11,115,1,5,0,0,5,0,0,5,0,0,17,118,5,14,132,1,20,114,4,5,0,0,12,107,3
2310,5,20,11.2,2.6533,0,134,71.9,20.9016,0,5,1.8,30.5756,18,118,4,11,118,1,5,0,0,5,0,0,5,0,0,17,123,5,14,134,1,20,114,4,5,0,0,12,112,3
2311,5,20,11.2,2.6533,0,129,72.1,20.8881,0,5,1.8,30.5756,18,120,4,11,129,1,5,0,0,5,0,0,5,0,0,17,120,5,14,123,1,20,114,4,5,0,0,12,115,3
2312,5,20,11.2,2.6533,0,124,70.9,20.7652,0,5,1.8,30.5756,18,114,4,11,123,1,5,0,0,5,0,0,5,0,0,17,124,5,14,117,1,20,115,4,5,0,0,12,116,3
2313,5,20,11.2,2.6533,0,130,70.4,20.7959,0,6,1.9,30.5452,18,112,4,11,121,1,5,0,0,5,0,0,5,0,0,17,130,6,14,122,1,20,110,4,5,0,0,12,109,3
2314,5,20,11.2,2.6533,0,126,69.3,20.6783,0,6,1.9,30.5452,18,108,4,11,114,1,5,0,0,5,0,0,5,0,0,17,126,6,14,119,1,20,117,4,5,0,0,12,109,3
2315,5,20,11.2,2.6533,0,121,70.3,20.6947,0,6,1.9,30.5452,18,113,4,11,118,1,5,0,0,5,0,0,5,0,0,17,117,6,14,118,1,20,116,4,5,0,0,12,121,3
2316,5,20,11.2,2.6533,0,123,70.8,20.7514,0,6,1.8,30.5765,18,110,4,11,121,1,5,0,0,5,0,0,5,0,0,17,120,6,14,120,1,20,114,4,5,0,0,12,123,2
2317,5,20,11.2,2.6533,0,122,70.9,20.7522,0,6,1.9,30.5457,18,114,5,11,121,1,5,0,0,5,0,0,5,0,0,17,116,6,14,122,1,20,114,4,5,0,0,12,122,2
2318,5,20,11.2,2.6533,0,126,70.6,20.733,0,6,1.9,30.5457,18,112,5,11,120,1,5,0,0,5,0,0,5,0,0,17,115,6,14,118,1,20,115,4,5,0,0,12,126,2
2319,5,20,11.2,2.6533,0,124,70.8,20.7383,0,7,2,30.5156,18,114,5,11,116,1,5,0,0,5,0,0,5,0,0,17,120,7,14,114,1,20,120,4,5,0,0,12,124,2
2320,5,20,11.2,2.6533,0,123,70.7,20.7296,0,7,2,30.5156,18,118,5,11,118,1,5,0,0,5,0,0,5,0,0,17,115,7,14,114,1,20,119,4,5,0,0,12,123,2
2321,5,20,11.2,2.6533,0,125,71.9,20.8353,0,7,2,30.5156,18,117,5,11,113,1,5,0,0,5,0,0,5,0,0,17,116,7,14,123,1,20,125,4,5,0,0,12,125,2
2322,5,20,11.2,2.6533,0,133,72.5,20.913,0,7,2,30.5156,18,117,5,11,111,1,5,0,0,5,0,0,5,0,0,17,120,7,14,124,1,20,120,4,5,0,0,12,133,2
2323,5,20,11.2,2.6533,0,127,72.4,20.8855,0,6,1.9,30.5457,18,122,5,11,114,1,5,0,0,5,0,0,5,0,0,17,114,6,14,123,1,20,124,4,5,0,0,12,127,2
2324,5,20,11.2,2.6533,0,132,73.8,21.0178,0,6,1.9,30.5457,18,124,5,11,118,1,5,0,0,5,0,0,5,0,0,17,120,6,14,121,1,20,132,4,5,0,0,12,123,2
2325,5,20,11.2,2.6533,0,129,73.4,20.991,0,6,1.9,30.5457,18,126,5,11,123,1,5,0,0,5,0,0,5,0,0,17,119,6,14,121,1,20,129,4,5,0,0,12,116,2
2326,5,20,11.2,2.6533,0,124,71.5,20.8117,0,6,1.9,30.5457,18,122,5,11,116,1,5,0,0,5,0,0,5,0,0,17,124,6,14,117,1,20,122,4,5,0,0,12,114,2
2327,5,20,11.2,2.6533,0,125,70.5,20.7523,0,6,1.8,30.5765,18,119,4,11,113,1,5,0,0,5,0,0,5,0,0,17,123,6,14,125,1,20,113,4,5,0,0,12,112,2
2328,5,20,11.2,2.6533,0,124,68.3,20.6371,0,6,1.9,30.5448,18,119,4,11,113,1,5,0,0,5,0,0,5,0,0,17,113,6,14,124,2,20,110,4,5,0,0,12,104,2
2329,5,20,11.2,2.6533,0,122,69.4,20.6714,0,6,1.9,30.5448,18,122,4,11,116,1,5,0,0,5,0,0,5,0,0,17,111,6,14,119,2,20,117,4,5,0,0,12,109,2
2330,5,21,11.3,2.71109,0,122,68.3,20.5974,0,6,1.9,30.5445,18,122,4,11,112,1,5,0,0,5,0,0,5,0,0,17,113,6,14,113,2,21,114,3,5,0,0,12,109,3
2331,5,21,11.3,2.71109,0,119,69.4,20.645,0,6,1.9,30.5445,18,117,4,11,119,1,5,0,0,5,0,0,5,0,0,17,112,6,14,116,2,21,117,3,5,0,0,12,113,3
2332,5,21,11.3,2.71109,0,120,69.7,20.6718,0,6,1.9,30.5445,18,117,4,11,119,1,5,0,0,5,0,0,5,0,0,17,117,6,14,112,2,21,120,3,5,0,0,12,112,3
2333,5,21,11.3,2.71109,0,122,71.2,20.7636,0,6,1.9,30.5445,18,117,4,11,115,1,5,0,0,5,0,0,5,0,0,17,116,6,14,120,2,21,122,3,5,0,0,12,122,3
2334,5,21,11.3,2.71109,0,125,71.6,20.8131,0,6,1.9,30.5445,18,112,4,11,114,1,5,0,0,5,0,0,5,0,0,17,122,6,14,125,2,21,119,3,5,0,0,12,124,3
2335,5,21,11.3,2.71109,0,127,71.9,20.8397,0,6,1.9,30.5445,18,111,4,11,117,1,5,0,0,5,0,0,5,0,0,17,124,6,14,120,2,21,120,3,5,0,0,12,127,3
2336,5,21,11.3,2.71109,0,124,70.7,20.7372,0,6,1.9,30.5445,18,111,4,11,117,1,5,0,0,5,0,0,5,0,0,17,121,6,14,114,2,21,120,3,5,0,0,12,124,3
2337,5,21,11.3,2.71109,0,129,72.5,20.9072,0,6,1.9,30.5445,18,123,4,11,119,1,5,0,0,5,0,0,5,0,0,17,122,6,14,111,2,21,121,3,5,0,0,12,129,3
2338,5,21,11.3,2.71109,0,123,70.3,20.7277,0,6,1.9,30.5445,18,121,4,11,115,1,5,0,0,5,0,0,5,0,0,17,123,6,14,110,2,21,113,3,5,0,0,12,121,3
2339,5,21,11.3,2.71109,0,129,71.2,20.8103,0,6,1.9,30.5445,18,129,4,11,114,1,5,0,0,5,0,0,5,0,0,17,121,6,14,116,2,21,116,3,5,0,0,12,116,3
2340,5,21,11.3,2.71109,0,130,70.9,20.8005,0,6,1.9,30.5445,18,130,4,11,117,1,5,0,0,5,0,0,5,0,0,17,119,6,14,112,2,21,114,3,5,0,0,12,117,3
2341,5,21,11.3,2.71109,0,135,71.7,20.9453,0,6,2,30.5134,18,135,4,11,123,1,5,0,0,5,0,0,5,0,0,17,124,6,14,109,2,21,114,4,5,0,0,12,112,3
2342,5,21,11.3,2.71109,0,126,70.8,20.7696,0,6,2,30.5134,18,126,4,11,119,1,5,0,0,5,0,0,5,0,0,17,118,6,14,112,2,21,118,4,5,0,0,12,115,3
2343,5,21,11.3,2.71109,0,122,70.7,20.7252,0,6,2,30.5134,18,117,4,11,114,1,5,0,0,5,0,0,5,0,0,17,120,6,14,116,2,21,118,4,5,0,0,12,122,3
2344,5,21,11.3,2.71109,0,124,71.7,20.8112,0,6,2,30.5134,18,120,4,11,120,1,5,0,0,5,0,0,5,0,0,17,117,6,14,116,2,21,124,4,5,0,0,12,120,3
2345,5,21,11.3,2.71109,0,120,70,20.6828,0,6,2,30.5134,18,118,4,11,116,1,5,0,0,5,0,0,5,0,0,17,115,6,14,120,2,21,118,4,5,0,0,12,113,3
2346,5,21,11.3,2.71109,0,123,70.5,20.73,0,6,1.9,30.5445,18,115,3,11,120,1,5,0,0,5,0,0,5,0,0,17,114,6,14,123,2,21,120,4,5,0,0,12,113,3
2347,5,21,11.3,2.71109,0,120,69.8,20.6679,0,6,1.9,30.5445,18,109,3,11,119,1,5,0,0,5,0,0,5,0,0,17,115,6,14,116,2,21,119,4,5,0,0,12,120,3
2348,5,21,11.3,2.71109,0,123,71,20.7624,0,6,2,30.5134,18,113,4,11,122,1,5,0,0,5,0,0,5,0,0,17,123,6,14,117,2,21,117,4,5,0,0,12,118,3
2349,5,21,11.3,2.71109,0,124,69.7,20.6739,0,6,1.9,30.5445,18,109,4,11,118,1,5,0,0,5,0,0,5,0,0,17,115,6,14,124,2,21,115,3,5,0,0,12,116,3
2350,5,21,11.3,2.71109,0,129,71,20.7979,0,6,1.9,30.5445,18,108,4,11,120,1,5,0,0,5,0,0,5,0,0,17,120,6,14,129,2,21,118,3,5,0,0,12,115,3
2351,5,21,11.3,2.71109,0,125,70.2,20.7318,0,6,1.9,30.5445,18,108,4,11,119,1,5,0,0,5,0,0,5,0,0,17,121,6,14,118,2,21,125,3,5,0,0,12,111,3
2352,5,21,11.3,2.71109,0,126,69.6,20.6924,0,6,1.9,30.5445,18,109,4,11,112,1,5,0,0,5,0,0,5,0,0,17,126,6,14,112,2,21,123,3,5,0,0,12,114,3
2353,5,21,11.3,2.71109,0,128,72.3,20.9018,0,6,1.9,30.5445,18,121,4,11,124,1,5,0,0,5,0,0,5,0,0,17,122,6,14,115,2,21,128,3,5,0,0,12,113,3
2354,5,21,11.3,2.71109,0,126,72.3,20.8785,0,6,1.8,30.5758,18,122,4,11,120,1,5,0,0,5,0,0,5,0,0,17,126,6,14,119,2,21,121,3,5,0,0,12,115,2
2355,5,21,11.3,2.71109,0,128,75.1,21.1562,0,6,1.8,30.5758,18,128,4,11,127,1,5,0,0,5,0,0,5,0,0,17,127,6,14,119,2,21,128,3,5,0,0,12,122,2
2356,5,21,11.3,2.71109,0,130,73.1,20.9817,0,6,1.7,30.6069,18,121,3,11,130,1,5,0,0,5,0,0,5,0,0,17,124,6,14,117,2,21,125,3,5,0,0,12,114,2
2357,5,21,11.3,2.71109,0,129,71.6,20.8816,0,6,1.7,30.6069,18,123,3,11,129,1,5,0,0,5,0,0,5,0,0,17,120,6,14,121,2,21,115,3,5,0,0,12,108,2
2358,5,21,11.3,2.71109,0,126,71.9,20.864,0,6,1.7,30.6069,18,120,3,11,124,1,5,0,0,5,0,0,5,0,0,17,121,6,14,126,2,21,111,3,5,0,0,12,117,2
2359,5,21,11.3,2.71109,0,128,71.1,20.7907,0,6,1.7,30.6069,18,112,3,11,120,1,5,0,0,5,0,0,5,0,0,17,120,6,14,128,2,21,116,3,5,0,0,12,115,2
2360,5,21,11.3,2.71109,0,128,71.2,20.8149,0,6,1.7,30.6069,18,119,3,11,117,1,5,0,0,5,0,0,5,0,0,17,123,6,14,128,2,21,113,3,5,0,0,12,112,2
2361,5,21,11.3,2.71109,0,124,70.6,20.7392,0,6,1.7,30.6069,18,116,3,11,112,1,5,0,0,5,0,0,5,0,0,17,122,6,14,124,2,21,118,3,5,0,0,12,114,2
2362,5,21,11.3,2.71109,0,119,68.9,20.6049,0,6,1.8,30.5756,18,114,3,11,111,1,5,0,0,5,0,0,5,0,0,17,115,6,14,117,2,21,119,3,5,0,0,12,113,3
2363,5,21,11.3,2.71109,0,122,69.8,20.6657,0,7,1.9,30.5455,18,114,3,11,114,1,5,0,0,5,0,0,5,0,0,17,113,7,14,119,2,21,122,3,5,0,0,12,116,3
2364,5,21,11.3,2.71109,0,124,71,20.7753,0,7,1.9,30.5455,18,119,3,11,112,1,5,0,0,5,0,0,5,0,0,17,122,7,14,124,2,21,120,3,5,0,0,12,113,3
2365,5,21,11.3,2.71109,0,125,69.9,20.7371,0,6,1.8,30.5756,18,120,3,11,111,1,5,0,0,5,0,0,5,0,0,17,118,6,14,125,2,21,120,3,5,0,0,12,105,3
2366,5,21,11.3,2.71109,0,119,68.9,20.6232,0,6,1.8,30.5756,18,118,3,11,113,1,5,0,0,5,0,0,5,0,0,17,117,6,14,113,2,21,119,3,5,0,0,12,109,3
2367,5,21,11.3,2.71109,0,120,69.8,20.6703,0,6,1.8,30.5756,18,112,3,11,120,1,5,0,0,5,0,0,5,0,0,17,115,6,14,117,2,21,120,3,5,0,0,12,114,3
2368,5,21,11.3,2.71109,0,124,70.3,20.7367,0,6,1.7,30.6073,18,113,3,11,124,1,5,0,0,5,0,0,5,0,0,17,118,6,14,122,1,21,116,3,5,0,0,12,110,3
2369,5,21,11.3,2.71109,0,120,70.8,20.7357,0,6,1.7,30.6073,18,117,3,11,120,1,5,0,0,5,0,0,5,0,0,17,115,6,14,120,1,21,116,3,5,0,0,12,120,3
2370,5,21,11.3,2.71109,0,120,70.2,20.6972,0,6,1.7,30.6073,18,118,3,11,120,1,5,0,0,5,0,0,5,0,0,17,118,6,14,115,1,21,116,3,5,0,0,12,115,3
2371,5,21,11.4,2.73496,0,122,70.3,20.7314,0,6,1.8,30.5756,18,122,3,12,122,2,5,0,0,5,0,0,5,0,0,17,109,6,14,118,1,21,117,3,5,0,0,12,115,3
2372,5,21,11.4,2.73496,0,129,71.9,20.8685,0,6,1.8,30.5756,18,120,3,12,129,2,5,0,0,5,0,0,5,0,0,17,114,6,14,123,1,21,114,3,5,0,0,12,119,3
2373,5,21,11.4,2.73496,0,125,72.7,20.9086,0,6,1.8,30.5756,18,122,3,12,123,2,5,0,0,5,0,0,5,0,0,17,116,6,14,125,1,21,123,3,5,0,0,12,118,3
2374,5,21,11.4,2.73496,0,134,72.3,20.9522,0,6,1.8,30.5756,18,117,3,12,117,2,5,0,0,5,0,0,5,0,0,17,110,6,14,134,1,21,130,3,5,0,0,12,115,3
2375,5,21,11.4,2.73496,0,129,72.3,20.8947,0,6,1.8,30.5756,18,115,3,12,123,2,5,0,0,5,0,0,5,0,0,17,119,6,14,129,1,21,123,3,5,0,0,12,114,3
2376,5,21,11.4,2.73496,0,131,72.8,20.9356,0,6,1.8,30.5756,18,115,3,12,123,2,5,0,0,5,0,0,5,0,0,17,117,6,14,124,1,21,131,3,5,0,0,12,118,3
2377,5,21,11.4,2.73496,0,125,71.8,20.8236,0,6,1.8,30.5756,18,115,3,12,118,2,5,0,0,5,0,0,5,0,0,17,118,6,14,125,1,21,124,3,5,0,0,12,118,3
2378,5,21,11.4,2.73496,0,126,71.6,20.8149,0,6,2,30.5124,18,115,3,12,117,3,5,0,0,5,0,0,5,0,0,17,123,6,14,126,2,21,119,3,5,0,0,12,116,3
2379,5,21,11.4,2.73496,0,128,70.5,20.7607,0,5,1.9,30.5429,18,112,3,12,112,3,5,0,0,5,0,0,5,0,0,17,124,5,14,128,2,21,116,3,5,0,0,12,113,3
2380,5,21,11.4,2.73496,0,126,70,20.7309,0,5,2.1,30.4806,18,112,3,12,117,4,5,0,0,5,0,0,5,0,0,17,123,5,14,126,2,21,113,4,5,0,0,12,109,3
2381,5,21,11.4,2.73496,0,128,71.6,20.8508,0,5,2,30.5124,18,121,3,12,122,4,5,0,0,5,0,0,5,0,0,17,120,5,14,128,1,21,111,4,5,0,0,12,114,3
2382,5,21,11.4,2.73496,0,126,71.5,20.8047,0,5,2,30.5124,18,114,3,12,119,4,5,0,0,5,0,0,5,0,0,17,121,5,14,126,1,21,115,4,5,0,0,12,120,3
2383,5,21,11.4,2.73496,0,127,72.5,20.8917,0,5,2,30.5124,18,117,3,12,120,4,5,0,0,5,0,0,5,0,0,17,124,5,14,127,1,21,120,4,5,0,0,12,117,3
2384,5,21,11.4,2.73496,0,124,71.9,20.8358,0,5,2,30.5124,18,124,3,12,116,4,5,0,0,5,0,0,5,0,0,17,118,5,14,124,1,21,117,4,5,0,0,12,120,3
2385,5,21,11.4,2.73496,0,123,70.1,20.7081,0,5,2,30.5124,18,116,3,12,114,4,5,0,0,5,0,0,5,0,0,17,119,5,14,121,1,21,108,4,5,0,0,12,123,3
2386,5,21,11.4,2.73496,0,122,70,20.6928,0,5,2,30.5124,18,118,3,12,122,4,5,0,0,5,0,0,5,0,0,17,116,5,14,112,1,21,117,4,5,0,0,12,115,3
2387,5,21,11.4,2.73496,0,126,68.9,20.6544,0,5,2,30.5124,18,115,3,12,126,4,5,0,0,5,0,0,5,0,0,17,108,5,14,112,1,21,111,4,5,0,0,12,117,3
2388,5,21,11.4,2.73496,0,127,69.9,20.7665,0,5,2,30.5124,18,122,3,12,127,4,5,0,0,5,0,0,5,0,0,17,106,5,14,109,1,21,111,4,5,0,0,12,124,3
2389,5,21,11.4,2.73496,0,133,72.2,21.022,0,5,2,30.5124,18,130,3,12,133,4,5,0,0,5,0,0,5,0,0,17,105,5,14,111,1,21,114,4,5,0,0,12,129,3
2390,5,21,11.4,2.73496,0,135,70.6,20.8675,0,5,2,30.5124,18,135,3,12,123,4,5,0,0,5,0,0,5,0,0,17,106,5,14,109,1,21,115,4,5,0,0,12,118,3
2391,5,21,11.4,2.73496,0,123,68.9,20.6542,0,5,2,30.5124,18,123,3,12,119,4,5,0,0,5,0,0,5,0,0,17,111,5,14,107,1,21,117,4,5,0,0,12,112,3
2392,5,21,11.4,2.73496,0,123,69.5,20.6777,0,5,2,30.5124,18,118,3,12,119,4,5,0,0,5,0,0,5,0,0,17,112,5,14,107,1,21,123,4,5,0,0,12,116,3
2393,5,21,11.4,2.73496,0,121,68.5,20.6044,0,5,2,30.5124,18,121,3,12,111,4,5,0,0,5,0,0,5,0,0,17,110,5,14,112,1,21,119,4,5,0,0,12,112,3
2394,5,21,11.4,2.73496,0,123,68.8,20.6327,0,5,2,30.5124,18,117,3,12,110,4,5,0,0,5,0,0,5,0,0,17,107,5,14,110,1,21,123,4,5,0,0,12,121,3
2395,5,21,11.4,2.73496,0,125,69.4,20.6972,0,5,2,30.5124,18,122,3,12,110,4,5,0,0,5,0,0,5,0,0,17,117,5,14,105,1,21,125,4,5,0,0,12,115,3
2396,5,21,11.4,2.73496,0,121,68.8,20.6224,0,5,2,30.5124,18,121,3,12,113,4,5,0,0,5,0,0,5,0,0,17,115,5,14,116,1,21,114,4,5,0,0,12,109,3
2397,5,21,11.4,2.73496,0,122,69.3,20.6862,0,5,1.9,30.5435,18,122,3,12,119,4,5,0,0,5,0,0,5,0,0,17,119,5,14,116,1,21,110,3,5,0,0,12,107,3
2398,5,21,11.4,2.73496,0,128,70.2,20.8012,0,5,1.9,30.5435,18,128,3,12,120,4,5,0,0,5,0,0,5,0,0,17,119,5,14,121,1,21,109,3,5,0,0,12,105,3
2399,5,21,11.4,2.73496,0,130,71.5,20.92,0,5,1.9,30.5435,18,126,3,12,130,4,5,0,0,5,0,0,5,0,0,17,118,5,14,122,1,21,115,3,5,0,0,12,104,3
2400,5,21,11.4,2.73496,0,132,74.4,21.1193,0,5,1.9,30.5435,18,132,3,12,122,4,5,0,0,5,0,0,5,0,0,17,123,5,14,131,1,21,120,3,5,0,0,12,116,3
2401,5,21,11.4,2.73496,0,134,73.6,21.0383,0,5,2.1,30.4812,18,134,4,12,120,4,5,0,0,5,0,0,5,0,0,17,124,5,14,122,1,21,120,4,5,0,0,12,116,3
2402,5,21,11.4,2.73496,0,129,71.7,20.8471,0,4,2,30.5121,18,129,4,12,120,4,5,0,0,5,0,0,5,0,0,17,117,4,14,117,1,21,119,4,5,0,0,12,115,3
2403,5,21,11.5,2.78029,0,123,70.5,20.7358,0,6,2.1,30.4819,18,123,3,12,116,4,5,0,0,5,0,0,5,0,0,18,111,6,14,122,1,21,117,4,5,0,0,12,116,3
2404,5,21,11.5,2.78029,0,125,70.6,20.7393,0,6,2.1,30.4819,18,118,3,12,119,4,5,0,0,5,0,0,5,0,0,18,113,6,14,125,1,21,115,4,5,0,0,12,116,3
2405,5,21,11.5,2.78029,0,122,68.7,20.6126,0,6,2.1,30.4819,18,115,3,12,106,4,5,0,0,5,0,0,5,0,0,18,112,6,14,118,1,21,122,4,5,0,0,12,114,3
2406,5,21,11.5,2.78029,0,123,69.1,20.6387,0,6,2.1,30.4819,18,115,3,12,112,4,5,0,0,5,0,0,5,0,0,18,108,6,14,119,1,21,123,4,5,0,0,12,114,3
2407,5,21,11.5,2.78029,0,128,72.2,20.8886,0,6,2.1,30.4819,18,128,3,12,119,4,5,0,0,5,0,0,5,0,0,18,115,6,14,113,1,21,125,4,5,0,0,12,122,3
2408,5,21,11.5,2.78029,0,128,71.5,20.8176,0,6,2.1,30.4819,18,119,3,12,122,4,5,0,0,5,0,0,5,0,0,18,113,6,14,113,1,21,120,4,5,0,0,12,128,3
2409,5,21,11.5,2.78029,0,125,69.3,20.7082,0,6,2.1,30.4819,18,115,3,12,123,4,5,0,0,5,0,0,5,0,0,18,117,6,14,102,1,21,111,4,5,0,0,12,125,3
2410,5,21,11.5,2.78029,0,128,69,20.6974,0,6,2.1,30.4819,18,113,3,12,122,4,5,0,0,5,0,0,5,0,0,18,116,6,14,105,1,21,106,4,5,0,0,12,128,3
2411,5,21,11.5,2.78029,0,122,69.2,20.6697,0,6,2.2,30.4508,18,119,3,12,116,4,5,0,0,5,0,0,5,0,0,18,122,6,14,105,1,21,111,4,5,0,0,12,119,4
2412,5,21,11.5,2.78029,0,129,70.8,20.8069,0,6,2.2,30.4508,18,129,3,12,111,4,5,0,0,5,0,0,5,0,0,18,119,6,14,109,1,21,124,4,5,0,0,12,116,4
2413,5,21,11.5,2.78029,0,123,69.5,20.679,0,6,2.2,30.4508,18,118,3,12,113,4,5,0,0,5,0,0,5,0,0,18,117,6,14,105,1,21,123,4,5,0,0,12,119,4
2414,5,21,11.5,2.78029,0,129,69.4,20.7521,0,6,2.1,30.4819,18,119,3,12,114,4,5,0,0,5,0,0,5,0,0,18,122,6,14,103,1,21,129,4,5,0,0,12,107,3
2415,5,21,11.5,2.78029,0,130,70.7,20.8396,0,6,2,30.5133,18,126,3,12,116,4,5,0,0,5,0,0,5,0,0,18,119,6,14,104,1,21,130,4,5,0,0,12,112,2
2416,5,21,11.5,2.78029,0,133,73,21.0395,0,6,2,30.5133,18,120,3,12,123,4,5,0,0,5,0,0,5,0,0,18,133,6,14,110,1,21,132,4,5,0,0,12,112,2
2417,5,21,11.5,2.78029,0,133,74,21.1111,0,6,1.9,30.5448,18,130,2,12,119,4,5,0,0,5,0,0,5,0,0,18,133,6,14,118,1,21,128,4,5,0,0,12,112,2
2418,5,21,11.5,2.78029,0,132,73.9,21.1288,0,6,1.9,30.5448,18,131,2,12,120,4,5,0,0,5,0,0,5,0,0,18,132,6,14,126,1,21,123,4,5,0,0,12,107,2
2419,5,21,11.5,2.78029,0,132,75.2,21.2112,0,6,1.9,30.5448,18,128,2,12,123,4,5,0,0,5,0,0,5,0,0,18,130,6,14,132,1,21,126,4,5,0,0,12,113,2
2420,5,21,11.5,2.78029,0,132,74.6,21.1391,0,6,1.9,30.5448,18,127,2,12,126,4,5,0,0,5,0,0,5,0,0,18,127,6,14,132,1,21,119,4,5,0,0,12,115,2
2421,5,21,11.5,2.78029,0,138,74.5,21.2109,0,6,1.9,30.5448,18,123,2,12,138,4,5,0,0,5,0,0,5,0,0,18,129,6,14,129,1,21,114,4,5,0,0,12,112,2
2422,5,21,11.5,2.78029,0,134,72.6,20.9965,0,5,1.8,30.5752,18,121,2,12,134,4,5,0,0,5,0,0,5,0,0,18,119,5,14,128,1,21,110,4,5,0,0,12,114,2
2423,5,21,11.5,2.78029,0,131,71.7,20.9266,0,5,1.8,30.5752,18,123,2,12,131,4,5,0,0,5,0,0,5,0,0,18,117,5,14,126,1,21,105,4,5,0,0,12,115,2
2424,5,21,11.5,2.78029,0,127,72.4,20.9069,0,5,1.8,30.5752,18,123,2,12,127,4,5,0,0,5,0,0,5,0,0,18,120,5,14,123,1,21,112,4,5,0,0,12,119,2
2425,5,21,11.5,2.78029,0,134,72.4,20.9613,0,5,1.8,30.5752,18,126,2,12,134,4,5,0,0,5,0,0,5,0,0,18,116,5,14,114,1,21,113,4,5,0,0,12,121,2
2426,5,21,11.5,2.78029,0,130,70.9,20.8608,0,5,1.8,30.5752,18,129,2,12,130,4,5,0,0,5,0,0,5,0,0,18,112,5,14,112,1,21,110,4,5,0,0,12,116,2
2427,5,21,11.5,2.78029,0,124,69.5,20.6931,0,5,1.9,30.5435,18,120,2,12,124,4,5,0,0,5,0,0,5,0,0,18,116,5,14,107,2,21,112,4,5,0,0,12,116,2
2428,5,21,11.5,2.78029,0,125,68.9,20.6778,0,5,1.9,30.5435,18,125,2,12,118,4,5,0,0,5,0,0,5,0,0,18,113,5,14,106,2,21,107,4,5,0,0,12,120,2
2429,5,21,11.5,2.78029,0,126,69.7,20.715,0,5,1.9,30.5435,18,118,2,12,126,4,5,0,0,5,0,0,5,0,0,18,117,5,14,111,2,21,107,4,5,0,0,12,118,2
2430,5,21,11.5,2.78029,0,129,70.2,20.7822,0,6,2,30.513,18,111,2,12,129,4,5,0,0,5,0,0,5,0,0,18,112,6,14,118,2,21,106,4,5,0,0,12,126,2
2431,5,21,11.5,2.78029,0,130,70.3,20.7896,0,6,2,30.513,18,118,2,12,130,4,5,0,0,5,0,0,5,0,0,18,109,6,14,114,2,21,108,4,5,0,0,12,124,2
2432,5,21,11.5,2.78029,0,121,69.1,20.6281,0,6,2.1,30.4816,18,115,2,12,115,4,5,0,0,5,0,0,5,0,0,18,111,6,14,119,2,21,110,4,5,0,0,12,121,3
2433,5,21,11.5,2.78029,0,124,70.9,20.7417,0,6,2.1,30.4816,18,117,2,12,114,4,5,0,0,5,0,0,5,0,0,18,119,6,14,118,2,21,117,4,5,0,0,12,124,3
2434,5,21,11.5,2.78029,0,124,71.3,20.7817,0,6,2.1,30.4816,18,118,2,12,122,4,5,0,0,5,0,0,5,0,0,18,115,6,14,118,2,21,116,4,5,0,0,12,124,3
2435,5,21,11.5,2.78029,0,119,69.7,20.6613,0,6,2.1,30.4816,18,116,2,12,119,4,5,0,0,5,0,0,5,0,0,18,117,6,14,116,2,21,116,4,5,0,0,12,113,3
2436,5,21,11.5,2.78029,0,116,68.3,20.5767,0,6,2.1,30.4816,18,115,2,12,116,4,5,0,0,5,0,0,5,0,0,18,114,6,14,114,2,21,108,4,5,0,0,12,116,3
2437,5,21,11.5,2.78029,0,121,70.1,20.7117,0,6,2,30.5134,18,121,2,12,121,4,5,0,0,5,0,0,5,0,0,18,119,6,14,113,1,21,111,4,5,0,0,12,116,3
2438,5,21,11.5,2.78029,0,127,70.4,20.7576,0,6,2,30.5134,18,121,2,12,117,4,5,0,0,5,0,0,5,0,0,18,127,6,14,108,1,21,115,4,5,0,0,12,116,3
2439,5,21,11.5,2.78029,0,130,72.6,20.9263,0,6,2,30.5134,18,122,2,12,120,4,5,0,0,5,0,0,5,0,0,18,126,6,14,113,1,21,115,4,5,0,0,12,130,3
2440,5,21,11.5,2.78029,0,134,72.8,20.9891,0,6,2,30.5134,18,123,2,12,120,4,5,0,0,5,0,0,5,0,0,18,125,6,14,106,1,21,120,4,5,0,0,12,134,3
2441,5,21,11.5,2.78029,0,124,69.9,20.7074,0,6,2,30.5134,18,118,2,12,114,4,5,0,0,5,0,0,5,0,0,18,119,6,14,105,1,21,119,4,5,0,0,12,124,3
2442,5,21,11.5,2.78029,0,128,70.6,20.7889,0,6,2,30.5134,18,113,2,12,117,4,5,0,0,5,0,0,5,0,0,18,114,6,14,106,1,21,128,4,5,0,0,12,128,3
2443,5,21,11.5,2.78029,0,123,70,20.7258,0,6,2,30.5134,18,114,2,12,122,4,5,0,0,5,0,0,5,0,0,18,114,6,14,105,1,21,123,4,5,0,0,12,122,3
2444,5,21,11.5,2.78029,0,122,69.2,20.6417,0,6,2.2,30.4501,18,112,3,12,119,4,5,0,0,5,0,0,5,0,0,18,111,6,14,110,2,21,122,4,5,0,0,12,118,3
2445,5,21,11.5,2.78029,0,121,69.2,20.6362,0,6,2.2,30.4501,18,109,3,12,111,4,5,0,0,5,0,0,5,0,0,18,111,6,14,119,2,21,121,4,5,0,0,12,121,3
2446,5,21,11.5,2.78029,0,121,68.7,20.617,0,6,2.2,30.4501,18,109,3,12,119,4,5,0,0,5,0,0,5,0,0,18,115,6,14,121,2,21,109,4,5,0,0,12,114,3
2447,5,21,11.5,2.78029,0,124,69.6,20.695,0,6,2.2,30.4501,18,116,3,12,124,4,5,0,0,5,0,0,5,0,0,18,113,6,14,121,2,21,108,4,5,0,0,12,114,3
2448,5,21,11.5,2.78029,0,123,70.9,20.7875,0,6,2.2,30.4501,18,123,3,12,123,4,5,0,0,5,0,0,5,0,0,18,120,6,14,119,2,21,110,4,5,0,0,12,114,3
2449,5,21,11.5,2.78029,0,128,70.5,20.7944,0,6,2.2,30.4501,18,128,3,12,115,4,5,0,0,5,0,0,5,0,0,18,126,6,14,113,2,21,111,4,5,0,0,12,112,3
2450,5,21,11.5,2.78029,0,134,73,21.0214,0,6,2.2,30.4501,18,131,3,12,116,4,5,0,0,5,0,0,5,0,0,18,134,6,14,117,2,21,113,4,5,0,0,12,119,3
2451,5,21,11.5,2.78029,0,131,72.2,20.9174,0,6,2.2,30.4501,18,127,3,12,118,4,5,0,0,5,0,0,5,0,0,18,131,6,14,115,2,21,114,4,5,0,0,12,117,3
2452,5,21,11.5,2.78029,0,134,72.2,20.9389,0,6,2.2,30.4501,18,121,3,12,114,4,5,0,0,5,0,0,5,0,0,18,134,6,14,124,2,21,119,4,5,0,0,12,110,3
2453,5,21,11.5,2.78029,0,136,73.1,21.0104,0,6,2.1,30.4815,18,122,3,12,120,4,5,0,0,5,0,0,5,0,0,18,136,6,14,123,2,21,115,4,5,0,0,12,115,2
2454,5,21,11.6,2.82843,0,132,72.7,20.948,0,6,2.3,30.4194,19,132,5,12,121,4,5,0,0,5,0,0,5,0,0,18,122,6,14,119,2,21,115,4,5,0,0,12,118,2
2455,5,21,11.6,2.82843,0,124,71.9,20.8537,0,6,2.3,30.4194,19,124,5,12,117,4,5,0,0,5,0,0,5,0,0,18,124,6,14,112,2,21,124,4,5,0,0,12,118,2
2456,5,21,11.6,2.82843,0,128,69.9,20.7131,0,7,2.4,30.3892,19,115,5,12,115,4,5,0,0,5,0,0,5,0,0,18,128,7,14,109,2,21,114,4,5,0,0,12,118,2
2457,5,21,11.6,2.82843,0,128,70.1,20.7785,0,7,2.4,30.3892,19,120,5,12,114,4,5,0,0,5,0,0,5,0,0,18,128,7,14,104,2,21,110,4,5,0,0,12,125,2
2458,5,21,11.6,2.82843,0,136,70.4,20.8355,0,7,2.4,30.3892,19,118,5,12,111,4,5,0,0,5,0,0,5,0,0,18,136,7,14,108,2,21,109,4,5,0,0,12,122,2
2459,5,21,11.6,2.82843,0,128,70.7,20.7621,0,7,2.4,30.3892,19,113,5,12,118,4,5,0,0,5,0,0,5,0,0,18,128,7,14,111,2,21,118,4,5,0,0,12,119,2
2460,5,21,11.6,2.82843,0,129,70.4,20.7558,0,7,2.4,30.3892,19,109,5,12,119,4,5,0,0,5,0,0,5,0,0,18,129,7,14,112,2,21,119,4,5,0,0,12,116,2
2461,5,21,11.6,2.82843,0,122,69.7,20.6555,0,7,2.4,30.3892,19,111,5,12,115,4,5,0,0,5,0,0,5,0,0,18,118,7,14,115,2,21,116,4,5,0,0,12,122,2
2462,5,21,11.6,2.82843,0,130,72.6,20.9163,0,7,2.4,30.3892,19,117,5,12,123,4,5,0,0,5,0,0,5,0,0,18,125,7,14,116,2,21,115,4,5,0,0,12,130,2
2463,5,21,11.6,2.82843,0,124,71.3,20.7698,0,7,2.3,30.4204,19,117,5,12,117,4,5,0,0,5,0,0,5,0,0,18,118,7,14,118,2,21,119,3,5,0,0,12,124,2
2464,5,21,11.6,2.82843,0,119,69.5,20.6454,0,7,2.4,30.3892,19,118,5,12,111,4,5,0,0,5,0,0,5,0,0,18,117,7,14,115,2,21,119,4,5,0,0,12,115,2
2465,5,21,11.6,2.82843,0,120,69.3,20.6518,0,7,2.2,30.4513,19,120,4,12,116,4,5,0,0,5,0,0,5,0,0,18,117,7,14,112,2,21,118,3,5,0,0,12,110,2
2466,5,21,11.6,2.82843,0,126,68.9,20.665,0,7,2.2,30.4513,19,126,4,12,110,4,5,0,0,5,0,0,5,0,0,18,118,7,14,110,2,21,116,3,5,0,0,12,109,2
2467,5,21,11.6,2.82843,0,125,70.2,20.7182,0,7,2.2,30.4513,19,125,4,12,113,4,5,0,0,5,0,0,5,0,0,18,114,7,14,120,2,21,115,3,5,0,0,12,115,2
2468,5,21,11.6,2.82843,0,119,69.6,20.6529,0,7,2.2,30.4513,19,118,4,12,115,4,5,0,0,5,0,0,5,0,0,18,115,7,14,116,2,21,119,3,5,0,0,12,113,2
2469,5,21,11.6,2.82843,0,122,68.9,20.6293,0,7,2.2,30.4513,19,122,4,12,111,4,5,0,0,5,0,0,5,0,0,18,116,7,14,112,2,21,117,3,5,0,0,12,111,2
2470,5,21,11.6,2.82843,0,117,67.1,20.5385,0,7,2.2,30.4513,19,116,4,12,103,4,5,0,0,5,0,0,5,0,0,18,115,7,14,113,2,21,117,3,5,0,0,12,107,2
2471,5,21,11.6,2.82843,0,121,68.5,20.6245,0,7,2.2,30.4513,19,121,4,12,103,4,5,0,0,5,0,0,5,0,0,18,116,7,14,115,2,21,119,3,5,0,0,12,111,2
2472,5,21,11.6,2.82843,0,127,68.4,20.6528,0,6,2.1,30.4815,19,105,4,12,107,4,5,0,0,5,0,0,5,0,0,18,127,6,14,110,2,21,123,3,5,0,0,12,112,2
2473,5,21,11.6,2.82843,0,123,69.6,20.6902,0,6,2.1,30.4815,19,113,4,12,111,4,5,0,0,5,0,0,5,0,0,18,122,6,14,119,2,21,123,3,5,0,0,12,108,2
2474,5,21,11.6,2.82843,0,123,67.4,20.5804,0,6,2,30.5127,19,114,4,12,108,3,5,0,0,5,0,0,5,0,0,18,107,6,14,118,2,21,123,3,5,0,0,12,104,2
2475,5,21,11.6,2.82843,0,120,69,20.626,0,6,1.9,30.5441,19,116,4,12,106,2,5,0,0,5,0,0,5,0,0,18,117,6,14,117,2,21,120,3,5,0,0,12,114,2
2476,5,21,11.6,2.82843,0,121,69.4,20.639,0,6,1.9,30.5441,19,116,4,12,110,2,5,0,0,5,0,0,5,0,0,18,116,6,14,114,2,21,121,3,5,0,0,12,117,2
2477,5,21,11.6,2.82843,0,125,71.3,20.786,0,6,1.9,30.5441,19,116,4,12,115,2,5,0,0,5,0,0,5,0,0,18,125,6,14,121,2,21,120,3,5,0,0,12,116,2
2478,5,21,11.6,2.82843,0,125,71.2,20.7957,0,6,1.9,30.5441,19,117,4,12,123,2,5,0,0,5,0,0,5,0,0,18,120,6,14,113,2,21,125,3,5,0,0,12,114,2
2479,5,21,11.6,2.82843,0,125,70.9,20.7483,0,6,1.9,30.5441,19,114,4,12,116,2,5,0,0,5,0,0,5,0,0,18,118,6,14,119,2,21,125,3,5,0,0,12,117,2
2480,5,21,11.6,2.82843,0,120,69.4,20.6402,0,6,1.9,30.5441,19,118,4,12,110,2,5,0,0,5,0,0,5,0,0,18,115,6,14,115,2,21,120,3,5,0,0,12,116,2
2481,5,21,11.6,2.82843,0,119,69,20.6217,0,6,1.9,30.5441,19,118,4,12,114,2,5,0,0,5,0,0,5,0,0,18,112,6,14,116,2,21,119,3,5,0,0,12,111,2
2482,5,21,11.6,2.82843,0,120,69.4,20.6379,0,6,1.9,30.5441,19,115,4,12,112,2,5,0,0,5,0,0,5,0,0,18,120,6,14,117,2,21,113,3,5,0,0,12,117,2
2483,5,21,11.6,2.82843,0,118,68.9,20.6163,0,6,1.9,30.5441,19,117,4,12,113,2,5,0,0,5,0,0,5,0,0,18,117,6,14,118,2,21,114,3,5,0,0,12,110,2
2484,5,21,11.6,2.82843,0,122,69.3,20.6604,0,7,2,30.514,19,122,4,12,110,2,5,0,0,5,0,0,5,0,0,18,121,7,14,110,2,21,114,3,5,0,0,12,116,2
2485,5,21,11.6,2.82843,0,126,71.2,20.8267,0,7,1.9,30.5451,19,126,3,12,107,2,5,0,0,5,0,0,5,0,0,18,126,7,14,114,2,21,121,3,5,0,0,12,118,2
2486,5,21,11.6,2.82843,0,124,71.2,20.7965,0,7,1.9,30.5451,19,122,3,12,110,2,5,0,0,5,0,0,5,0,0,18,123,7,14,113,2,21,124,3,5,0,0,12,120,2
2487,5,21,11.6,2.82843,0,127,70.7,20.7912,0,7,1.9,30.5451,19,123,3,12,107,2,5,0,0,5,0,0,5,0,0,18,127,7,14,110,2,21,118,3,5,0,0,12,122,2
2488,5,21,11.6,2.82843,0,128,71,20.8307,0,7,1.9,30.5451,19,122,3,12,106,2,5,0,0,5,0,0,5,0,0,18,128,7,14,111,2,21,126,3,5,0,0,12,117,2
2489,5,21,11.6,2.82843,0,128,71,20.8142,0,7,1.8,30.5768,19,115,3,12,104,2,5,0,0,5,0,0,5,0,0,18,125,7,14,115,1,21,123,3,5,0,0,12,128,2
2490,5,21,11.6,2.82843,0,130,72.9,20.953,0,7,1.8,30.5768,19,116,3,12,109,2,5,0,0,5,0,0,5,0,0,18,124,7,14,125,1,21,125,3,5,0,0,12,130,2
2491,5,21,11.6,2.82843,0,126,72.4,20.878,0,7,1.8,30.5768,19,117,3,12,113,2,5,0,0,5,0,0,5,0,0,18,123,7,14,120,1,21,126,3,5,0,0,12,125,2
2492,5,21,11.6,2.82843,0,127,72.4,20.8763,0,7,1.9,30.5451,19,119,3,12,114,2,5,0,0,5,0,0,5,0,0,18,117,7,14,124,2,21,123,3,5,0,0,12,127,2
2493,5,21,11.6,2.82843,0,129,72.6,20.9116,0,7,1.8,30.5768,19,115,3,12,123,2,5,0,0,5,0,0,5,0,0,18,114,7,14,129,1,21,123,3,5,0,0,12,122,2
2494,5,21,11.6,2.82843,0,129,73.7,20.9884,0,7,1.9,30.5451,19,120,3,12,122,2,5,0,0,5,0,0,5,0,0,18,121,7,14,123,2,21,122,3,5,0,0,12,129,2
2495,5,21,11.6,2.82843,0,123,71.3,20.7953,0,7,2,30.5136,19,123,3,12,123,2,5,0,0,5,0,0,5,0,0,18,117,7,14,118,3,21,114,3,5,0,0,12,118,2
2496,5,21,11.6,2.82843,0,124,69.4,20.6942,0,7,2,30.5136,19,123,3,12,124,2,5,0,0,5,0,0,5,0,0,18,111,7,14,111,3,21,111,3,5,0,0,12,114,2
2497,5,21,11.6,2.82843,0,120,68.6,20.6079,0,7,2,30.5136,19,115,3,12,120,2,5,0,0,5,0,0,5,0,0,18,108,7,14,116,3,21,110,3,5,0,0,12,117,2
2498,5,21,11.6,2.82843,0,124,69.1,20.6708,0,7,1.9,30.5451,19,104,3,12,121,2,5,0,0,5,0,0,5,0,0,18,113,7,14,120,2,21,109,3,5,0,0,12,124,2
2499,5,21,11.7,2.86182,0,125,69.2,20.6836,0,7,2.3,30.4224,19,104,2,12,123,2,5,0,0,5,0,0,5,0,0,18,114,7,15,117,7,21,109,3,5,0,0,12,125,2
2500,5,21,11.7,2.86182,0,120,67.8,20.563,0,7,2.3,30.4224,19,110,2,12,120,2,5,0,0,5,0,0,5,0,0,18,110,7,15,112,7,21,108,3,5,0,0,12,118,2
2501,5,21,11.7,2.86182,0,121,68.1,20.5746,0,7,2.3,30.4224,19,116,2,12,113,2,5,0,0,5,0,0,5,0,0,18,112,7,15,112,7,21,107,3,5,0,0,12,121,2
2502,5,21,11.7,2.86182,0,124,68.6,20.6149,0,8,2.4,30.3925,19,113,2,12,115,2,5,0,0,5,0,0,5,0,0,18,117,7,15,107,8,21,110,3,5,0,0,12,124,2
2503,5,21,11.7,2.86182,0,131,69.9,20.7816,0,8,2.4,30.3925,19,117,2,12,131,2,5,0,0,5,0,0,5,0,0,18,112,7,15,106,8,21,109,3,5,0,0,12,124,2
2504,5,21,11.7,2.86182,0,131,70.3,20.8491,0,9,2.5,30.3628,19,123,2,12,131,2,5,0,0,5,0,0,5,0,0,18,107,7,15,102,9,21,116,3,5,0,0,12,124,2
2505,5,21,11.7,2.86182,0,128,71,20.847,0,9,2.5,30.3628,19,118,2,12,128,2,5,0,0,5,0,0,5,0,0,18,103,7,15,113,9,21,121,3,5,0,0,12,127,2
2506,5,21,11.7,2.86182,0,129,71.5,20.9198,0,9,2.4,30.3931,19,119,2,12,129,2,5,0,0,5,0,0,5,0,0,18,102,6,15,111,9,21,126,3,5,0,0,12,128,2
2507,5,21,11.7,2.86182,0,131,72.5,20.976,0,9,2.4,30.3931,19,128,2,12,116,2,5,0,0,5,0,0,5,0,0,18,105,6,15,118,9,21,131,3,5,0,0,12,127,2
2508,5,21,11.7,2.86182,0,131,72.4,20.9581,0,6,2.1,30.4828,19,125,2,12,118,2,5,0,0,5,0,0,5,0,0,18,104,6,15,124,6,21,131,3,5,0,0,12,122,2
2509,5,21,11.8,2.91204,0,138,73.4,21.1158,0,6,2.3,30.4201,20,138,4,12,119,2,5,0,0,5,0,0,5,0,0,18,103,6,15,125,6,21,123,3,5,0,0,12,126,2
2510,5,21,11.8,2.91204,0,132,73.3,21.0752,0,6,2.3,30.4201,20,132,4,12,126,2,5,0,0,5,0,0,5,0,0,18,104,6,15,129,6,21,122,3,5,0,0,12,120,2
2511,5,21,11.8,2.91204,0,134,71.3,20.9128,0,6,2.3,30.4201,20,134,4,12,120,2,5,0,0,5,0,0,5,0,0,18,103,6,15,124,6,21,114,3,5,0,0,12,118,2
2512,5,21,11.8,2.91204,0,127,71.2,20.8126,0,6,2.3,30.4201,20,127,4,12,115,2,5,0,0,5,0,0,5,0,0,18,108,6,15,120,6,21,119,3,5,0,0,12,123,2
2513,5,21,11.8,2.91204,0,125,70.4,20.7294,0,7,2.4,30.3898,20,125,4,12,111,2,5,0,0,5,0,0,5,0,0,18,116,6,15,119,7,21,117,3,5,0,0,12,116,2
2514,5,21,11.8,2.91204,0,124,71.1,20.7925,0,7,2.4,30.3898,20,123,4,12,114,2,5,0,0,5,0,0,5,0,0,18,122,6,15,124,7,21,115,3,5,0,0,12,113,2
2515,5,21,11.8,2.91204,0,124,71.4,20.8337,0,6,2.2,30.4507,20,122,4,12,117,2,5,0,0,5,0,0,5,0,0,18,124,5,15,124,6,21,107,3,5,0,0,12,120,2
2516,5,21,11.8,2.91204,0,129,70.7,20.776,0,7,2.3,30.4204,20,116,4,12,116,2,5,0,0,5,0,0,5,0,0,18,129,5,15,119,7,21,109,3,5,0,0,12,118,2
2517,5,21,11.8,2.91204,0,125,70.1,20.7497,0,6,2.2,30.4507,20,109,4,12,117,2,5,0,0,5,0,0,5,0,0,18,124,5,15,121,6,21,105,3,5,0,0,12,125,2
2518,5,21,11.8,2.91204,0,133,72.2,20.9574,0,6,2.2,30.4507,20,117,4,12,121,2,5,0,0,5,0,0,5,0,0,18,128,5,15,119,6,21,104,3,5,0,0,12,133,2
2519,5,21,11.8,2.91204,0,129,71.3,20.8572,0,6,2.2,30.4507,20,124,4,12,120,2,5,0,0,5,0,0,5,0,0,18,116,5,15,120,6,21,104,3,5,0,0,12,129,2
2520,5,21,11.8,2.91204,0,130,70.6,20.7764,0,6,2.2,30.4507,20,119,4,12,120,2,5,0,0,5,0,0,5,0,0,18,116,5,15,113,6,21,108,3,5,0,0,12,130,2
2521,5,21,11.8,2.91204,0,120,69.6,20.6617,0,6,2.2,30.4507,20,118,4,12,116,2,5,0,0,5,0,0,5,0,0,18,117,5,15,116,6,21,109,3,5,0,0,12,120,2
2522,5,21,11.8,2.91204,0,123,70.2,20.6973,0,7,2.3,30.4204,20,118,4,12,116,2,5,0,0,5,0,0,5,0,0,18,118,5,15,114,7,21,113,3,5,0,0,12,123,2
2523,5,21,11.8,2.91204,0,122,70.7,20.7325,0,7,2.2,30.4516,20,122,3,12,116,2,5,0,0,5,0,0,5,0,0,18,118,5,15,117,7,21,117,3,5,0,0,12,117,2
2524,5,21,11.8,2.91204,0,124,71.9,20.8379,0,7,2.2,30.4516,20,118,3,12,124,2,5,0,0,5,0,0,5,0,0,18,121,5,15,120,7,21,121,3,5,0,0,12,115,2
2525,5,21,11.8,2.91204,0,131,72.3,20.9034,0,7,2.2,30.4516,20,118,3,12,121,2,5,0,0,5,0,0,5,0,0,18,121,5,15,120,7,21,131,3,5,0,0,12,112,2
2526,5,21,11.8,2.91204,0,131,72.2,20.8897,0,7,2.2,30.4516,20,114,3,12,121,2,5,0,0,5,0,0,5,0,0,18,123,5,15,118,7,21,131,3,5,0,0,12,115,2
2527,5,21,11.8,2.91204,0,127,71.4,20.8024,0,7,2.2,30.4516,20,118,3,12,114,2,5,0,0,5,0,0,5,0,0,18,127,5,15,118,7,21,121,3,5,0,0,12,116,2
2528,5,21,11.8,2.91204,0,125,71.2,20.8041,0,7,2.2,30.4516,20,119,3,12,108,2,5,0,0,5,0,0,5,0,0,18,123,5,15,125,7,21,122,3,5,0,0,12,115,2
2529,5,21,11.8,2.91204,0,125,70.6,20.7837,0,7,2.1,30.4825,20,124,3,12,108,2,5,0,0,5,0,0,5,0,0,18,121,4,15,125,7,21,118,3,5,0,0,12,110,2
2530,5,21,11.8,2.91204,0,127,70.3,20.7678,0,7,2.2,30.4513,20,119,4,12,113,2,5,0,0,5,0,0,5,0,0,18,123,4,15,127,7,21,114,3,5,0,0,12,107,2
2531,5,21,11.8,2.91204,0,130,69.2,20.6812,0,7,2.2,30.4513,20,115,4,12,109,2,5,0,0,5,0,0,5,0,0,18,113,4,15,130,7,21,112,3,5,0,0,12,113,2
2532,5,21,11.9,2.93769,0,123,69.9,20.6894,0,7,2.5,30.3576,20,119,4,13,109,5,5,0,0,5,0,0,5,0,0,18,114,4,15,123,7,21,119,3,5,0,0,12,115,2
2533,5,21,11.9,2.93769,0,125,72,20.868,0,7,2.5,30.3576,20,124,4,13,117,5,5,0,0,5,0,0,5,0,0,18,118,4,15,124,7,21,125,3,5,0,0,12,112,2
2534,5,21,11.9,2.93769,0,126,71.8,20.8389,0,7,2.5,30.3576,20,126,4,13,120,5,5,0,0,5,0,0,5,0,0,18,117,4,15,120,7,21,120,3,5,0,0,12,115,2
2535,5,21,11.9,2.93769,0,127,73.6,21.019,0,7,2.5,30.3576,20,124,4,13,127,5,5,0,0,5,0,0,5,0,0,18,126,4,15,126,7,21,117,3,5,0,0,12,116,2
2536,5,21,11.9,2.93769,0,127,72.4,20.901,0,6,2.4,30.3879,20,121,4,13,124,5,5,0,0,5,0,0,5,0,0,18,127,4,15,121,6,21,116,3,5,0,0,12,115,2
2537,5,21,11.9,2.93769,0,133,73.7,21.0345,0,6,2.4,30.3879,20,117,4,13,123,5,5,0,0,5,0,0,5,0,0,18,133,4,15,125,6,21,123,3,5,0,0,12,116,2
2538,5,21,11.9,2.93769,0,134,72.7,20.9851,0,6,2.3,30.4191,20,112,3,13,124,5,5,0,0,5,0,0,5,0,0,18,134,4,15,124,6,21,122,3,5,0,0,12,111,2
2539,5,21,11.9,2.93769,0,130,69.8,20.7703,0,6,2.3,30.4191,20,110,3,13,121,5,5,0,0,5,0,0,5,0,0,18,130,4,15,120,6,21,112,3,5,0,0,12,105,2
2540,5,21,11.9,2.93769,0,130,69.9,20.7831,0,5,2.2,30.4497,20,107,3,13,130,5,5,0,0,5,0,0,5,0,0,18,125,4,15,112,5,21,117,3,5,0,0,12,108,2
2541,5,21,11.9,2.93769,0,118,67.4,20.5306,0,5,2.2,30.4497,20,108,3,13,113,5,5,0,0,5,0,0,5,0,0,18,118,4,15,110,5,21,115,3,5,0,0,12,110,2
2542,5,21,11.9,2.93769,0,120,67.2,20.5453,0,5,2.2,30.4497,20,108,3,13,116,5,5,0,0,5,0,0,5,0,0,18,120,4,15,111,5,21,111,3,5,0,0,12,106,2
2543,5,21,11.9,2.93769,0,118,69.1,20.6245,0,5,2.2,30.4497,20,107,3,13,118,5,5,0,0,5,0,0,5,0,0,18,117,4,15,114,5,21,117,3,5,0,0,12,118,2
2544,5,21,11.9,2.93769,0,129,71.9,20.8858,0,5,2.2,30.4497,20,107,3,13,129,5,5,0,0,5,0,0,5,0,0,18,118,4,15,126,5,21,117,3,5,0,0,12,122,2
2545,5,21,11.9,2.93769,0,127,72,20.8861,0,5,2.2,30.4497,20,108,3,13,127,5,5,0,0,5,0,0,5,0,0,18,113,4,15,124,5,21,125,3,5,0,0,12,123,2
2546,5,21,11.9,2.93769,0,129,72.7,20.95,0,5,2.2,30.4497,20,107,3,13,129,5,5,0,0,5,0,0,5,0,0,18,123,4,15,120,5,21,121,3,5,0,0,12,127,2
2547,5,21,11.9,2.93769,0,125,71.1,20.7727,0,5,2.2,30.4497,20,112,3,13,119,5,5,0,0,5,0,0,5,0,0,18,123,4,15,117,5,21,115,3,5,0,0,12,125,2
2548,5,21,11.9,2.93769,0,127,70.8,20.764,0,5,2.2,30.4497,20,114,3,13,123,5,5,0,0,5,0,0,5,0,0,18,113,4,15,118,5,21,113,3,5,0,0,12,127,2
2549,5,21,11.9,2.93769,0,119,69,20.6179,0,5,2.1,30.4805,20,114,3,13,117,4,5,0,0,5,0,0,5,0,0,18,111,4,15,119,5,21,111,3,5,0,0,12,118,2
2550,5,21,11.9,2.93769,0,126,70.8,20.7815,0,5,2.1,30.4805,20,115,3,13,126,4,5,0,0,5,0,0,5,0,0,18,115,4,15,125,5,21,114,3,5,0,0,12,113,2
2551,5,21,11.9,2.93769,0,130,71.7,20.8849,0,5,2.1,30.4805,20,113,3,13,125,4,5,0,0,5,0,0,5,0,0,18,124,4,15,130,5,21,110,3,5,0,0,12,115,2
2552,5,21,11.9,2.93769,0,126,69.1,20.6775,0,5,2.1,30.4805,20,115,3,13,110,4,5,0,0,5,0,0,5,0,0,18,126,4,15,121,5,21,111,3,5,0,0,12,108,2
2553,5,21,11.9,2.93769,0,127,70.9,20.7949,0,5,2,30.512,20,120,2,13,120,4,5,0,0,5,0,0,5,0,0,18,127,4,15,119,5,21,111,3,5,0,0,12,112,2
2554,5,21,11.9,2.93769,0,128,71.3,20.8143,0,5,2,30.512,20,121,2,13,112,4,5,0,0,5,0,0,5,0,0,18,128,4,15,121,5,21,117,3,5,0,0,12,114,2
2555,5,21,12,2.96311,0,127,70.7,20.7918,0,5,2.1,30.4806,20,127,2,13,107,4,5,0,0,5,0,0,5,0,0,18,123,4,15,121,5,21,115,3,5,0,0,13,114,3
2556,5,21,12,2.96311,0,127,71.3,20.8195,0,5,2.2,30.4495,20,127,2,13,114,4,5,0,0,5,0,0,5,0,0,18,121,4,15,122,5,21,117,3,5,0,0,13,112,4
2557,5,21,12,2.96311,0,123,71,20.7678,0,5,2.2,30.4495,20,123,2,13,115,4,5,0,0,5,0,0,5,0,0,18,123,4,15,116,5,21,116,3,5,0,0,13,117,4
2558,5,21,12.1,3.01496,0,123,69.3,20.6543,0,8,2.7,30.2957,21,123,8,13,112,4,5,0,0,5,0,0,5,0,0,18,118,4,15,114,4,21,112,3,5,0,0,13,114,4
2559,5,21,12.1,3.01496,0,122,71.7,20.8143,0,8,2.7,30.2957,21,121,8,13,121,4,5,0,0,5,0,0,5,0,0,18,114,4,15,120,4,21,122,3,5,0,0,13,119,4
2560,5,21,12.1,3.01496,0,122,71.9,20.8251,0,8,2.6,30.3271,21,120,8,13,122,4,5,0,0,5,0,0,5,0,0,18,117,4,15,121,3,21,119,3,5,0,0,13,120,4
2561,5,21,12.1,3.01496,0,121,71,20.7533,0,8,2.6,30.3271,21,119,8,13,119,4,5,0,0,5,0,0,5,0,0,18,113,4,15,118,3,21,121,3,5,0,0,13,120,4
2562,5,21,12.1,3.01496,0,128,70.8,20.772,0,8,2.6,30.3271,21,115,8,13,119,4,5,0,0,5,0,0,5,0,0,18,120,4,15,110,3,21,128,3,5,0,0,13,116,4
2563,5,21,12.1,3.01496,0,130,72.2,20.9044,0,9,2.7,30.2974,21,114,9,13,127,4,5,0,0,5,0,0,5,0,0,18,121,4,15,115,3,21,130,3,5,0,0,13,115,4
2564,5,21,12.1,3.01496,0,124,72.6,20.8906,0,10,2.8,30.268,21,120,10,13,122,4,5,0,0,5,0,0,5,0,0,18,115,4,15,123,3,21,124,3,5,0,0,13,122,4
2565,5,21,12.1,3.01496,0,129,72.2,20.8707,0,10,2.7,30.2993,21,117,10,13,117,4,5,0,0,5,0,0,5,0,0,18,120,4,15,123,3,21,129,3,5,0,0,13,116,3
2566,5,21,12.1,3.01496,0,129,71.5,20.818,0,9,2.7,30.2976,21,121,9,13,114,5,5,0,0,5,0,0,5,0,0,18,118,4,15,114,3,21,129,3,5,0,0,13,119,3
2567,5,21,12.1,3.01496,0,127,72.1,20.9003,0,9,2.7,30.2976,21,127,9,13,123,5,5,0,0,5,0,0,5,0,0,18,118,4,15,116,3,21,126,3,5,0,0,13,111,3
2568,5,21,12.1,3.01496,0,128,71.5,20.8514,0,9,2.7,30.2976,21,128,9,13,120,5,5,0,0,5,0,0,5,0,0,18,117,4,15,121,3,21,120,3,5,0,0,13,109,3
2569,5,23,12.3,3.1257,0,125,70.2,20.7421,0,27,4.5,29.8155,23,119,27,13,125,5,5,0,0,5,0,0,5,0,0,18,109,4,15,121,3,21,110,3,5,0,0,13,118,3
2570,5,23,12.3,3.1257,0,121,69.1,20.6406,0,23,4.1,29.914,23,114,23,13,121,5,5,0,0,5,0,0,5,0,0,18,109,4,15,120,3,21,112,3,5,0,0,13,115,3
2571,5,23,12.3,3.1257,0,121,69.6,20.6603,0,22,3.9,29.9708,23,118,22,13,110,4,5,0,0,5,0,0,5,0,0,18,113,4,15,121,3,21,119,3,5,0,0,13,115,3
2572,5,23,12.3,3.1257,0,121,69.9,20.6849,0,22,3.9,29.9708,23,118,22,13,118,4,5,0,0,5,0,0,5,0,0,18,109,4,15,121,3,21,116,3,5,0,0,13,117,3
2573,5,23,12.3,3.1257,0,126,69.6,20.6909,0,22,3.9,29.9708,23,110,22,13,119,4,5,0,0,5,0,0,5,0,0,18,108,4,15,112,3,21,126,3,5,0,0,13,121,3
2574,5,23,12.3,3.1257,0,121,69,20.6435,0,20,3.7,30.0224,23,109,20,13,121,4,5,0,0,5,0,0,5,0,0,18,108,4,15,111,3,21,121,3,5,0,0,13,120,3
2575,5,23,12.3,3.1257,0,118,68.5,20.5799,0,19,3.6,30.0487,23,110,19,13,117,4,5,0,0,5,0,0,5,0,0,18,114,4,15,112,3,21,114,3,5,0,0,13,118,3
2576,5,23,12.3,3.1257,0,121,68.6,20.5974,0,19,3.6,30.0487,23,114,19,13,117,4,5,0,0,5,0,0,5,0,0,18,111,4,15,109,3,21,114,3,5,0,0,13,121,3
2577,5,23,12.3,3.1257,0,121,69.3,20.6454,0,18,3.5,30.0753,23,115,18,13,119,4,5,0,0,5,0,0,5,0,0,18,110,4,15,111,3,21,121,3,5,0,0,13,117,3
2578,5,23,12.3,3.1257,0,123,69.5,20.6542,0,17,3.4,30.1023,23,114,17,13,116,4,5,0,0,5,0,0,5,0,0,18,112,4,15,117,3,21,123,3,5,0,0,13,113,3
2579,5,23,12.3,3.1257,0,121,70.7,20.7297,0,17,3.4,30.1023,23,120,17,13,114,4,5,0,0,5,0,0,5,0,0,18,116,4,15,119,3,21,121,3,5,0,0,13,117,3
2580,5,23,12.3,3.1257,0,124,71,20.7734,0,17,3.4,30.1023,23,121,17,13,120,4,5,0,0,5,0,0,5,0,0,18,116,4,15,124,3,21,113,3,5,0,0,13,116,3
2581,5,23,12.3,3.1257,0,127,70.9,20.804,0,16,3.3,30.1295,23,124,16,13,127,4,5,0,0,5,0,0,5,0,0,18,109,4,15,113,3,21,118,3,5,0,0,13,118,3
2582,5,23,12.3,3.1257,0,127,70.9,20.7894,0,16,3.3,30.1295,23,121,16,13,127,4,5,0,0,5,0,0,5,0,0,18,113,4,15,111,3,21,120,3,5,0,0,13,117,3
2583,5,23,12.3,3.1257,0,134,72.6,20.9513,0,14,3.1,30.1849,23,117,14,13,134,4,5,0,0,5,0,0,5,0,0,18,117,4,15,113,3,21,123,3,5,0,0,13,122,3
2584,5,23,12.3,3.1257,0,131,72.4,20.9393,0,13,3,30.213,23,117,13,13,131,4,5,0,0,5,0,0,5,0,0,18,125,4,15,117,3,21,123,3,5,0,0,13,111,3
2585,5,23,12.3,3.1257,0,132,71.9,20.9052,0,13,3,30.213,23,120,13,13,132,4,5,0,0,5,0,0,5,0,0,18,122,4,15,116,3,21,119,3,5,0,0,13,110,3
2586,5,23,12.3,3.1257,0,138,71.9,20.9666,0,13,3,30.213,23,119,13,13,138,4,5,0,0,5,0,0,5,0,0,18,123,4,15,113,3,21,116,3,5,0,0,13,110,3
2587,5,23,12.3,3.1257,0,131,72.1,20.942,0,13,3,30.213,23,122,13,13,131,4,5,0,0,5,0,0,5,0,0,18,126,4,15,115,3,21,119,3,5,0,0,13,108,3
2588,5,23,12.3,3.1257,0,132,72.4,20.9265,0,13,3,30.213,23,119,13,13,132,4,5,0,0,5,0,0,5,0,0,18,124,4,15,116,3,21,117,3,5,0,0,13,116,3
2589,5,23,12.3,3.1257,0,132,70.7,20.8196,0,13,3,30.213,23,119,13,13,132,4,5,0,0,5,0,0,5,0,0,18,119,4,15,114,3,21,113,3,5,0,0,13,110,3
2590,5,23,12.3,3.1257,0,120,69.8,20.6758,0,13,3,30.213,23,117,13,13,120,4,5,0,0,5,0,0,5,0,0,18,117,4,15,114,3,21,118,3,5,0,0,13,112,3
2591,5,23,12.3,3.1257,0,122,69.7,20.6948,0,13,3,30.213,23,120,13,13,115,4,5,0,0,5,0,0,5,0,0,18,120,4,15,111,3,21,122,3,5,0,0,13,109,3
2592,5,23,12.3,3.1257,0,126,70.2,20.7741,0,13,3,30.213,23,126,13,13,112,4,5,0,0,5,0,0,5,0,0,18,126,4,15,110,3,21,119,3,5,0,0,13,109,3
2593,5,23,12.3,3.1257,0,121,69.2,20.6429,0,12,2.9,30.2415,23,115,12,13,112,4,5,0,0,5,0,0,5,0,0,18,121,4,15,114,3,21,120,3,5,0,0,13,110,3
2594,5,23,12.3,3.1257,0,126,70.7,20.7457,0,11,2.8,30.2702,23,115,11,13,112,4,5,0,0,5,0,0,5,0,0,18,126,4,15,120,3,21,116,3,5,0,0,13,118,3
2595,5,23,12.3,3.1257,0,125,71.5,20.8093,0,11,2.8,30.2702,23,113,11,13,123,4,5,0,0,5,0,0,5,0,0,18,113,4,15,120,3,21,125,3,5,0,0,13,121,3
2596,5,23,12.3,3.1257,0,127,71.9,20.86,0,11,2.8,30.2702,23,109,11,13,123,4,5,0,0,5,0,0,5,0,0,18,115,4,15,119,3,21,127,3,5,0,0,13,126,3
2597,5,23,12.3,3.1257,0,128,72,20.8785,0,11,2.8,30.2702,23,110,11,13,122,4,5,0,0,5,0,0,5,0,0,18,111,4,15,123,3,21,126,3,5,0,0,13,128,3
2598,5,23,12.3,3.1257,0,124,72.1,20.8567,0,11,2.7,30.3016,23,117,11,13,123,3,5,0,0,5,0,0,5,0,0,18,112,4,15,123,3,21,122,3,5,0,0,13,124,3
2599,5,23,12.3,3.1257,0,122,70.4,20.7377,0,11,2.7,30.3016,23,115,11,13,119,3,5,0,0,5,0,0,5,0,0,18,106,4,15,122,3,21,122,3,5,0,0,13,120,3
2600,5,23,12.3,3.1257,0,129,71.4,20.856,0,11,2.7,30.3016,23,116,11,13,122,3,5,0,0,5,0,0,5,0,0,18,104,4,15,129,3,21,120,3,5,0,0,13,123,3
2601,5,23,12.3,3.1257,0,122,70.8,20.7368,0,11,2.7,30.3016,23,113,11,13,118,3,5,0,0,5,0,0,5,0,0,18,114,4,15,121,3,21,120,3,5,0,0,13,122,3
2602,5,23,12.3,3.1257,0,128,71.2,20.7888,0,10,2.6,30.3306,23,114,10,13,118,3,5,0,0,5,0,0,5,0,0,18,113,4,15,128,3,21,120,3,5,0,0,13,119,3
2603,5,23,12.3,3.1257,0,124,70.2,20.7364,0,9,2.5,30.3599,23,104,9,13,118,3,5,0,0,5,0,0,5,0,0,18,114,4,15,124,3,21,124,3,5,0,0,13,118,3
2604,5,23,12.3,3.1257,0,127,70.5,20.7789,0,9,2.5,30.3599,23,107,9,13,124,3,5,0,0,5,0,0,5,0,0,18,110,4,15,122,3,21,127,3,5,0,0,13,115,3
2605,5,23,12.3,3.1257,0,122,67,20.5833,0,9,2.5,30.3599,23,103,9,13,122,3,5,0,0,5,0,0,5,0,0,18,104,4,15,122,3,21,110,3,5,0,0,13,109,3
2606,5,23,12.3,3.1257,0,120,67.5,20.5639,0,9,2.5,30.3599,23,105,9,13,119,3,5,0,0,5,0,0,5,0,0,18,112,4,15,120,3,21,110,3,5,0,0,13,109,3
2607,5,23,12.3,3.1257,0,121,69,20.6279,0,9,2.5,30.3599,23,112,9,13,118,3,5,0,0,5,0,0,5,0,0,18,108,4,15,112,3,21,121,3,5,0,0,13,119,3
2608,5,23,12.3,3.1257,0,119,68.5,20.6033,0,9,2.5,30.3599,23,118,9,13,115,3,5,0,0,5,0,0,5,0,0,18,106,4,15,110,3,21,117,3,5,0,0,13,119,3
2609,5,23,12.3,3.1257,0,124,71.2,20.7868,0,9,2.5,30.3599,23,124,9,13,119,3,5,0,0,5,0,0,5,0,0,18,111,4,15,117,3,21,120,3,5,0,0,13,121,3
2610,5,23,12.3,3.1257,0,125,70.1,20.7188,0,8,2.3,30.4211,23,125,8,13,117,3,5,0,0,5,0,0,5,0,0,18,115,4,15,109,3,21,118,3,5,0,0,13,117,2
2611,5,23,12.3,3.1257,0,129,70.9,20.8106,0,8,2.3,30.4211,23,129,8,13,118,3,5,0,0,5,0,0,5,0,0,18,114,4,15,113,3,21,110,3,5,0,0,13,125,2
2612,5,23,12.3,3.1257,0,130,72.1,20.911,0,8,2.3,30.4211,23,130,8,13,122,3,5,0,0,5,0,0,5,0,0,18,111,4,15,125,3,21,113,3,5,0,0,13,120,2
2613,5,23,12.3,3.1257,0,128,72.5,20.9097,0,8,2.4,30.3898,23,120,8,13,128,3,5,0,0,5,0,0,5,0,0,18,116,4,15,124,4,21,114,3,5,0,0,13,123,2
2614,5,23,12.3,3.1257,0,126,72,20.8616,0,8,2.3,30.4211,23,121,8,13,124,3,5,0,0,5,0,0,5,0,0,18,118,4,15,126,3,21,115,3,5,0,0,13,116,2
2615,5,23,12.3,3.1257,0,123,71.9,20.8391,0,8,2.3,30.4211,23,118,8,13,118,3,5,0,0,5,0,0,5,0,0,18,123,4,15,123,3,21,123,3,5,0,0,13,114,2
2616,5,23,12.3,3.1257,0,124,70.6,20.7986,0,8,2.3,30.4211,23,118,8,13,118,3,5,0,0,5,0,0,5,0,0,18,122,4,15,121,3,21,124,3,5,0,0,13,103,2
2617,5,23,12.3,3.1257,0,128,71.7,20.8769,0,8,2.3,30.4211,23,118,8,13,114,3,5,0,0,5,0,0,5,0,0,18,125,4,15,128,3,21,124,3,5,0,0,13,108,2
2618,5,23,12.3,3.1257,0,133,73.6,21.0435,0,7,2.2,30.451,23,121,7,13,119,3,5,0,0,5,0,0,5,0,0,18,127,4,15,133,3,21,124,3,5,0,0,13,112,2
2619,5,23,12.3,3.1257,0,131,73.5,21.0104,0,7,2.2,30.451,23,122,7,13,121,3,5,0,0,5,0,0,5,0,0,18,131,4,15,123,3,21,124,3,5,0,0,13,114,2
2620,5,23,12.3,3.1257,0,131,72,20.8954,0,7,2.2,30.451,23,121,7,13,116,3,5,0,0,5,0,0,5,0,0,18,125,4,15,116,3,21,131,3,5,0,0,13,111,2
2621,5,23,12.3,3.1257,0,132,72.8,20.986,0,7,2.2,30.451,23,132,7,13,121,3,5,0,0,5,0,0,5,0,0,18,126,4,15,113,3,21,123,3,5,0,0,13,113,2
2622,5,23,12.3,3.1257,0,130,73.3,20.9999,0,7,2.2,30.451,23,130,7,13,122,3,5,0,0,5,0,0,5,0,0,18,121,4,15,115,3,21,128,3,5,0,0,13,117,2
2623,5,23,12.3,3.1257,0,125,70.9,20.7834,0,7,2.2,30.451,23,121,7,13,119,3,5,0,0,5,0,0,5,0,0,18,125,4,15,108,3,21,116,3,5,0,0,13,120,2
2624,5,23,12.3,3.1257,0,123,69.9,20.7054,0,7,2.3,30.4198,23,122,7,13,113,3,5,0,0,5,0,0,5,0,0,18,120,4,15,109,4,21,112,3,5,0,0,13,123,2
2625,5,23,12.3,3.1257,0,128,70.3,20.7855,0,7,2.4,30.3889,23,128,7,13,108,3,5,0,0,5,0,0,5,0,0,18,125,4,15,111,5,21,110,3,5,0,0,13,121,2
2626,5,23,12.3,3.1257,0,127,70,20.7331,0,7,2.4,30.3889,23,125,7,13,111,3,5,0,0,5,0,0,5,0,0,18,115,4,15,111,5,21,111,3,5,0,0,13,127,2
2627,5,23,12.3,3.1257,0,125,69.9,20.6917,0,7,2.4,30.3889,23,121,7,13,114,3,5,0,0,5,0,0,5,0,0,18,112,4,15,113,5,21,114,3,5,0,0,13,125,2
2628,5,23,12.3,3.1257,0,121,66.5,20.5504,0,7,2.4,30.3889,23,121,7,13,110,3,5,0,0,5,0,0,5,0,0,18,97,4,15,111,5,21,113,3,5,0,0,13,113,2
2629,5,23,12.3,3.1257,0,120,68.7,20.626,0,7,2.4,30.3889,23,120,7,13,115,3,5,0,0,5,0,0,5,0,0,18,104,4,15,117,5,21,113,3,5,0,0,13,118,2
2630,5,23,12.3,3.1257,0,123,68.8,20.6574,0,7,2.4,30.3889,23,122,7,13,115,3,5,0,0,5,0,0,5,0,0,18,106,4,15,123,5,21,111,3,5,0,0,13,111,2
2631,5,23,12.3,3.1257,0,119,67.8,20.5704,0,7,2.4,30.3889,23,114,7,13,117,3,5,0,0,5,0,0,5,0,0,18,110,4,15,119,5,21,111,3,5,0,0,13,107,2
2632,5,23,12.3,3.1257,0,118,69,20.6169,0,7,2.4,30.3889,23,117,7,13,118,3,5,0,0,5,0,0,5,0,0,18,113,4,15,115,5,21,114,3,5,0,0,13,113,2
2633,5,23,12.3,3.1257,0,121,67.8,20.5611,0,7,2.4,30.3889,23,108,7,13,121,3,5,0,0,5,0,0,5,0,0,18,112,4,15,110,5,21,114,3,5,0,0,13,113,2
2634,5,23,12.3,3.1257,0,121,68.6,20.6331,0,7,2.3,30.4198,23,99,7,13,117,3,5,0,0,5,0,0,5,0,0,18,116,4,15,115,4,21,118,3,5,0,0,13,121,2
2635,5,23,12.3,3.1257,0,132,70.6,20.8111,0,7,2.3,30.4198,23,102,7,13,113,3,5,0,0,5,0,0,5,0,0,18,116,4,15,132,4,21,120,3,5,0,0,13,123,2
2636,5,23,12.3,3.1257,0,130,69.7,20.7901,0,7,2.3,30.4198,23,104,7,13,103,3,5,0,0,5,0,0,5,0,0,18,109,4,15,130,4,21,125,3,5,0,0,13,126,2
2637,5,23,12.4,3.15278,0,123,69.5,20.6641,0,7,2.3,30.4198,23,111,7,14,109,3,5,0,0,5,0,0,5,0,0,18,111,4,15,123,4,21,120,3,5,0,0,13,121,2
2638,5,23,12.4,3.15278,0,123,70,20.6986,0,6,2.2,30.45,23,113,6,14,108,3,5,0,0,5,0,0,5,0,0,18,113,4,15,122,4,21,123,3,5,0,0,13,121,2
2639,5,23,12.4,3.15278,0,123,71.5,20.7964,0,6,2.3,30.4191,23,115,6,14,120,3,5,0,0,5,0,0,5,0,0,18,115,4,15,123,5,21,123,3,5,0,0,13,119,2
2640,5,23,12.4,3.15278,0,124,69.8,20.6997,0,6,2.3,30.4191,23,108,6,14,124,3,5,0,0,5,0,0,5,0,0,18,113,4,15,115,5,21,123,3,5,0,0,13,115,2
2641,5,23,12.4,3.15278,0,129,69.4,20.7162,0,6,2.3,30.4191,23,109,6,14,129,3,5,0,0,5,0,0,5,0,0,18,112,4,15,112,5,21,122,3,5,0,0,13,110,2
2642,5,23,12.4,3.15278,0,121,68.5,20.5976,0,6,2.3,30.4191,23,110,6,14,121,3,5,0,0,5,0,0,5,0,0,18,109,4,15,115,5,21,116,3,5,0,0,13,114,2
2643,5,23,12.4,3.15278,0,119,67.4,20.5439,0,5,2.2,30.4497,23,114,5,14,119,3,5,0,0,5,0,0,5,0,0,18,109,4,15,113,5,21,110,3,5,0,0,13,109,2
2644,5,23,12.4,3.15278,0,123,69.4,20.6744,0,5,2.2,30.4497,23,116,5,14,118,3,5,0,0,5,0,0,5,0,0,18,118,4,15,111,5,21,123,3,5,0,0,13,108,2
2645,5,23,12.4,3.15278,0,123,70,20.7267,0,5,2.2,30.4497,23,123,5,14,120,3,5,0,0,5,0,0,5,0,0,18,112,4,15,111,5,21,123,3,5,0,0,13,111,2
2646,5,23,12.4,3.15278,0,124,70.5,20.7445,0,5,2.2,30.4497,23,119,5,14,121,3,5,0,0,5,0,0,5,0,0,18,117,4,15,110,5,21,124,3,5,0,0,13,114,2
2647,5,23,12.4,3.15278,0,129,71.5,20.8699,0,5,2.2,30.4497,23,124,5,14,123,3,5,0,0,5,0,0,5,0,0,18,112,4,15,118,5,21,129,3,5,0,0,13,109,2
2648,5,23,12.4,3.15278,0,125,71.4,20.8308,0,5,2.2,30.4497,23,119,5,14,123,3,5,0,0,5,0,0,5,0,0,18,109,4,15,124,5,21,125,3,5,0,0,13,114,2
2649,5,23,12.4,3.15278,0,131,70.4,20.833,0,5,2.2,30.4497,23,121,5,14,125,3,5,0,0,5,0,0,5,0,0,18,109,4,15,104,5,21,131,3,5,0,0,13,114,2
2650,5,23,12.4,3.15278,0,120,68.8,20.6445,0,5,2.2,30.4497,23,120,5,14,120,3,5,0,0,5,0,0,5,0,0,18,114,4,15,105,5,21,117,3,5,0,0,13,112,2
2651,5,23,12.4,3.15278,0,120,69,20.6413,0,5,2.1,30.4805,23,119,5,14,115,3,5,0,0,5,0,0,5,0,0,18,115,4,15,105,4,21,120,3,5,0,0,13,116,2
2652,5,23,12.4,3.15278,0,131,69.8,20.7452,0,5,2.1,30.4805,23,115,5,14,118,3,5,0,0,5,0,0,5,0,0,18,115,4,15,104,4,21,131,3,5,0,0,13,115,2
2653,5,23,12.4,3.15278,0,126,68.7,20.6605,0,5,2.1,30.4805,23,111,5,14,119,3,5,0,0,5,0,0,5,0,0,18,116,4,15,103,4,21,126,3,5,0,0,13,112,2
2654,5,23,12.4,3.15278,0,123,69,20.6376,0,5,2.1,30.4805,23,109,5,14,119,3,5,0,0,5,0,0,5,0,0,18,116,4,15,111,4,21,123,3,5,0,0,13,112,2
2655,5,23,12.4,3.15278,0,121,70,20.6963,0,5,2,30.5117,23,116,5,14,114,3,5,0,0,5,0,0,5,0,0,18,118,4,15,121,3,21,121,3,5,0,0,13,110,2
2656,5,23,12.4,3.15278,0,130,71.3,20.8227,0,5,2,30.5117,23,111,5,14,113,3,5,0,0,5,0,0,5,0,0,18,123,4,15,130,3,21,121,3,5,0,0,13,115,2
2657,5,23,12.4,3.15278,0,122,70.8,20.7478,0,5,2,30.5117,23,109,5,14,118,3,5,0,0,5,0,0,5,0,0,18,122,4,15,118,3,21,122,3,5,0,0,13,119,2
2658,5,23,12.4,3.15278,0,128,72.1,20.8728,0,5,2,30.5117,23,110,5,14,114,3,5,0,0,5,0,0,5,0,0,18,120,4,15,122,3,21,128,3,5,0,0,13,127,2
2659,5,23,12.4,3.15278,0,125,71.5,20.7999,0,5,2,30.5117,23,113,5,14,113,3,5,0,0,5,0,0,5,0,0,18,122,4,15,122,3,21,120,3,5,0,0,13,125,2
2660,5,23,12.4,3.15278,0,125,72.1,20.8599,0,5,2.1,30.4809,23,120,5,14,112,3,5,0,0,5,0,0,5,0,0,18,125,5,15,125,3,21,120,3,5,0,0,13,119,2
2661,5,23,12.4,3.15278,0,131,72.4,20.8914,0,5,2,30.5117,23,115,5,14,116,3,5,0,0,5,0,0,5,0,0,18,120,4,15,131,3,21,120,3,5,0,0,13,122,2
2662,5,23,12.4,3.15278,0,128,70.8,20.7738,0,5,2.1,30.4809,23,117,5,14,111,3,5,0,0,5,0,0,5,0,0,18,128,5,15,116,3,21,122,3,5,0,0,13,114,2
2663,5,23,12.4,3.15278,0,123,71.3,20.7888,0,5,2.1,30.4809,23,123,5,14,114,3,5,0,0,5,0,0,5,0,0,18,121,5,15,117,3,21,122,3,5,0,0,13,116,2
2664,5,23,12.4,3.15278,0,125,69.5,20.6757,0,5,2.1,30.4809,23,119,5,14,111,3,5,0,0,5,0,0,5,0,0,18,117,5,15,111,3,21,125,3,5,0,0,13,112,2
2665,5,23,12.4,3.15278,0,124,70,20.6946,0,5,2.1,30.4809,23,114,5,14,112,3,5,0,0,5,0,0,5,0,0,18,114,5,15,112,3,21,124,3,5,0,0,13,124,2
2666,5,23,12.4,3.15278,0,129,69.2,20.7264,0,5,2.1,30.4809,23,116,5,14,122,3,5,0,0,5,0,0,5,0,0,18,106,5,15,113,3,21,129,3,5,0,0,13,106,2
2667,5,23,12.4,3.15278,0,128,68.9,20.7319,0,5,2.1,30.4809,23,115,5,14,128,3,5,0,0,5,0,0,5,0,0,18,102,5,15,118,3,21,121,3,5,0,0,13,105,2
2668,5,24,12.5,3.21092,0,134,69.7,20.8027,0,5,2.2,30.4497,24,116,5,14,134,3,5,0,0,5,0,0,5,0,0,18,106,5,15,111,4,21,122,3,5,0,0,13,108,2
2669,5,24,12.5,3.21092,0,128,67.8,20.6726,0,5,2.2,30.4497,24,106,5,14,128,3,5,0,0,5,0,0,5,0,0,18,105,5,15,114,4,21,122,3,5,0,0,13,103,2
2670,5,24,12.5,3.21092,0,125,69.4,20.7118,0,5,2.2,30.4497,24,121,5,14,125,3,5,0,0,5,0,0,5,0,0,18,109,5,15,113,4,21,119,3,5,0,0,13,107,2
2671,5,24,12.5,3.21092,0,122,70.4,20.7136,0,5,2.1,30.4812,24,122,5,14,117,3,5,0,0,5,0,0,5,0,0,18,116,5,15,114,4,21,118,2,5,0,0,13,117,2
2672,5,24,12.5,3.21092,0,121,70.2,20.693,0,5,2.1,30.4809,24,118,5,14,115,4,5,0,0,5,0,0,5,0,0,18,118,4,15,112,4,21,118,2,5,0,0,13,121,2
2673,5,24,12.5,3.21092,0,122,71.2,20.7687,0,5,2.1,30.4809,24,121,5,14,117,4,5,0,0,5,0,0,5,0,0,18,114,4,15,118,4,21,120,2,5,0,0,13,122,2
2674,5,24,12.5,3.21092,0,123,71.3,20.7764,0,6,2.2,30.4503,24,113,6,14,117,4,5,0,0,5,0,0,5,0,0,18,117,4,15,123,4,21,122,2,5,0,0,13,121,2
2675,5,24,12.5,3.21092,0,130,72.5,20.9207,0,6,2.2,30.4503,24,110,6,14,116,4,5,0,0,5,0,0,5,0,0,18,123,4,15,130,4,21,118,2,5,0,0,13,128,2
2676,5,24,12.5,3.21092,0,136,72.6,20.9861,0,6,2.2,30.4503,24,109,6,14,116,4,5,0,0,5,0,0,5,0,0,18,129,4,15,124,4,21,112,2,5,0,0,13,136,2
2677,5,24,12.5,3.21092,0,127,71.7,20.8507,0,6,2.2,30.4507,24,115,6,14,118,4,5,0,0,5,0,0,5,0,0,18,122,5,15,126,3,21,109,2,5,0,0,13,127,2
2678,5,24,12.5,3.21092,0,126,71.9,20.8343,0,6,2.2,30.4507,24,120,6,14,116,3,5,0,0,5,0,0,5,0,0,18,126,5,15,116,4,21,119,2,5,0,0,13,122,2
2679,5,24,12.5,3.21092,0,125,69.9,20.6964,0,6,2.2,30.4507,24,119,6,14,114,3,5,0,0,5,0,0,5,0,0,18,115,5,15,109,4,21,125,2,5,0,0,13,117,2
2680,5,24,12.5,3.21092,0,120,69.9,20.6788,0,6,2.2,30.4507,24,120,6,14,110,3,5,0,0,5,0,0,5,0,0,18,115,5,15,114,4,21,120,2,5,0,0,13,120,2
2681,5,24,12.5,3.21092,0,125,71.7,20.8351,0,6,2.2,30.4507,24,125,6,14,121,3,5,0,0,5,0,0,5,0,0,18,120,5,15,111,4,21,119,2,5,0,0,13,121,2
2682,5,24,12.5,3.21092,0,126,71.9,20.8521,0,6,2.2,30.4507,24,119,6,14,124,3,5,0,0,5,0,0,5,0,0,18,126,5,15,113,4,21,117,2,5,0,0,13,120,2
2683,5,24,12.5,3.21092,0,118,68.7,20.5975,0,6,2.1,30.4815,24,115,6,14,114,3,5,0,0,5,0,0,5,0,0,18,115,4,15,108,4,21,117,2,5,0,0,13,118,2
2684,5,24,12.5,3.21092,0,122,69.4,20.636,0,6,2.1,30.4815,24,115,6,14,115,3,5,0,0,5,0,0,5,0,0,18,115,4,15,113,4,21,114,2,5,0,0,13,122,2
2685,5,24,12.5,3.21092,0,123,70.8,20.7545,0,6,2.1,30.4815,24,123,6,14,118,3,5,0,0,5,0,0,5,0,0,18,120,4,15,118,4,21,115,2,5,0,0,13,114,2
2686,5,24,12.6,3.24345,0,124,71.1,20.7962,0,6,2.1,30.4815,24,123,6,14,121,3,5,0,0,5,0,0,5,0,0,18,116,4,16,124,4,21,115,2,5,0,0,13,112,2
2687,5,24,12.6,3.24345,0,123,70.3,20.7417,0,6,2.1,30.4815,24,123,6,14,119,3,5,0,0,5,0,0,5,0,0,18,117,4,16,122,4,21,110,2,5,0,0,13,112,2
2688,5,24,12.6,3.24345,0,125,70.7,20.8064,0,6,2.1,30.4815,24,124,6,14,121,3,5,0,0,5,0,0,5,0,0,18,119,4,16,125,4,21,107,2,5,0,0,13,111,2
2689,5,24,12.6,3.24345,0,121,68.3,20.6245,0,6,2,30.5127,24,117,6,14,121,3,5,0,0,5,0,0,5,0,0,18,118,4,16,113,3,21,106,2,5,0,0,13,108,2
2690,5,24,12.6,3.24345,0,121,68.7,20.6293,0,6,2,30.5127,24,120,6,14,112,3,5,0,0,5,0,0,5,0,0,18,121,4,16,112,3,21,114,2,5,0,0,13,108,2
2691,5,24,12.6,3.24345,0,124,69,20.6455,0,6,2,30.5127,24,118,6,14,111,3,5,0,0,5,0,0,5,0,0,18,124,4,16,114,3,21,113,2,5,0,0,13,110,2
2692,5,24,12.6,3.24345,0,134,70.1,20.8253,0,6,2,30.5127,24,121,6,14,113,3,5,0,0,5,0,0,5,0,0,18,134,4,16,114,3,21,116,2,5,0,0,13,103,2
2693,5,24,12.6,3.24345,0,125,68.2,20.6669,0,6,2,30.5127,24,120,6,14,113,3,5,0,0,5,0,0,5,0,0,18,125,4,16,106,3,21,116,2,5,0,0,13,102,2
2694,5,24,12.6,3.24345,0,128,70,20.7122,0,6,2,30.5127,24,116,6,14,112,3,5,0,0,5,0,0,5,0,0,18,128,4,16,114,3,21,113,2,5,0,0,13,117,2
2695,5,24,12.6,3.24345,0,125,71.6,20.8388,0,6,2,30.5127,24,125,6,14,113,3,5,0,0,5,0,0,5,0,0,18,124,4,16,111,3,21,118,2,5,0,0,13,125,2
2696,5,24,12.6,3.24345,0,126,71,20.8055,0,6,1.9,30.5441,24,126,6,14,112,2,5,0,0,5,0,0,5,0,0,18,124,4,16,111,3,21,113,2,5,0,0,13,124,2
2697,5,24,12.6,3.24345,0,132,71.4,20.8402,0,5,1.8,30.5745,24,132,5,14,115,2,5,0,0,5,0,0,5,0,0,18,117,4,16,115,3,21,116,2,5,0,0,13,119,2
2698,5,24,12.6,3.24345,0,126,70.8,20.7694,0,5,1.8,30.5745,24,121,5,14,126,2,5,0,0,5,0,0,5,0,0,18,114,4,16,115,3,21,117,2,5,0,0,13,115,2
2699,5,24,12.6,3.24345,0,132,72.3,20.9366,0,5,1.8,30.5745,24,132,5,14,125,2,5,0,0,5,0,0,5,0,0,18,113,4,16,121,3,21,113,2,5,0,0,13,119,2
2700,5,24,12.7,3.26956,0,126,70.9,20.8085,0,5,2,30.5121,24,120,5,14,126,2,5,0,0,5,0,0,5,0,0,18,104,4,16,118,3,21,118,2,5,0,0,14,123,4
2701,5,24,12.7,3.26956,0,123,70.7,20.7545,0,5,2,30.5121,24,115,5,14,123,2,5,0,0,5,0,0,5,0,0,18,110,4,16,114,3,21,123,2,5,0,0,14,122,4
2702,5,24,12.7,3.26956,0,124,68.8,20.6305,0,5,1.9,30.5433,24,111,5,14,120,2,5,0,0,5,0,0,5,0,0,18,110,3,16,108,3,21,115,2,5,0,0,14,124,4
2703,5,24,12.7,3.26956,0,125,70.2,20.7155,0,5,2,30.5125,24,119,5,14,119,2,5,0,0,5,0,0,5,0,0,18,109,3,16,114,3,21,116,2,5,0,0,14,125,5
2704,5,24,12.7,3.26956,0,128,70.3,20.7808,0,5,2,30.5125,24,128,5,14,122,2,5,0,0,5,0,0,5,0,0,18,106,3,16,111,3,21,115,2,5,0,0,14,121,5
2705,5,24,12.7,3.26956,0,134,72.7,20.9654,0,5,1.9,30.5433,24,134,5,14,120,2,5,0,0,5,0,0,5,0,0,18,113,3,16,120,3,21,123,2,5,0,0,14,117,4
2706,5,24,12.7,3.26956,0,123,69.9,20.7076,0,5,2,30.5121,24,121,5,14,123,2,5,0,0,5,0,0,5,0,0,18,109,3,16,112,4,21,118,2,5,0,0,14,116,4
2707,5,24,12.7,3.26956,0,122,70.6,20.7458,0,5,2,30.5121,24,122,5,14,121,2,5,0,0,5,0,0,5,0,0,18,114,3,16,111,4,21,121,2,5,0,0,14,117,4
2708,5,24,12.7,3.26956,0,128,70.7,20.7756,0,5,2,30.5121,24,128,5,14,119,2,5,0,0,5,0,0,5,0,0,18,114,3,16,113,4,21,119,2,5,0,0,14,114,4
2709,5,24,12.7,3.26956,0,133,72.4,20.9436,0,5,2,30.5121,24,133,5,14,122,2,5,0,0,5,0,0,5,0,0,18,118,3,16,118,4,21,121,2,5,0,0,14,112,4
2710,5,24,12.7,3.26956,0,124,70.4,20.7378,0,5,2,30.5121,24,119,5,14,118,2,5,0,0,5,0,0,5,0,0,18,124,3,16,115,4,21,118,2,5,0,0,14,110,4
2711,5,24,12.7,3.26956,0,124,69.8,20.7066,0,5,2,30.5121,24,117,5,14,109,2,5,0,0,5,0,0,5,0,0,18,124,3,16,110,4,21,124,2,5,0,0,14,114,4
2712,5,24,12.7,3.26956,0,129,70.3,20.7367,0,5,2,30.5121,24,113,5,14,112,2,5,0,0,5,0,0,5,0,0,18,129,3,16,115,4,21,119,2,5,0,0,14,115,4
2713,5,24,12.7,3.26956,0,123,69.6,20.6717,0,5,2,30.5121,24,111,5,14,114,2,5,0,0,5,0,0,5,0,0,18,123,3,16,117,4,21,120,2,5,0,0,14,111,4
2714,5,24,12.7,3.26956,0,123,70.4,20.7393,0,5,1.9,30.5432,24,110,5,14,121,2,5,0,0,5,0,0,5,0,0,18,123,3,16,119,4,21,120,2,5,0,0,14,111,3
2715,5,24,12.7,3.26956,0,129,71.7,20.8648,0,5,1.9,30.5432,24,106,5,14,129,2,5,0,0,5,0,0,5,0,0,18,120,3,16,118,4,21,123,2,5,0,0,14,121,3
2716,5,24,12.7,3.26956,0,126,71.3,20.7901,0,6,2,30.5127,24,109,6,14,119,2,5,0,0,5,0,0,5,0,0,18,120,3,16,118,4,21,121,2,5,0,0,14,126,3
2717,5,24,12.7,3.26956,0,131,72.1,20.8896,0,6,2,30.5127,24,111,6,14,114,2,5,0,0,5,0,0,5,0,0,18,125,3,16,125,4,21,115,2,5,0,0,14,131,3
2718,5,24,12.7,3.26956,0,133,70.9,20.7849,0,6,2,30.5127,24,116,6,14,112,2,5,0,0,5,0,0,5,0,0,18,114,3,16,115,4,21,119,2,5,0,0,14,133,3
2719,5,24,12.7,3.26956,0,131,71.1,20.7851,0,6,2,30.5127,24,116,6,14,115,2,5,0,0,5,0,0,5,0,0,18,114,3,16,115,4,21,120,2,5,0,0,14,131,3
2720,5,24,12.7,3.26956,0,127,70.2,20.7363,0,6,2,30.5127,24,124,6,14,111,2,5,0,0,5,0,0,5,0,0,18,112,3,16,111,4,21,117,2,5,0,0,14,127,3
2721,5,24,12.7,3.26956,0,122,69.8,20.6845,0,7,2.1,30.4826,24,121,7,14,114,2,5,0,0,5,0,0,5,0,0,18,108,3,16,115,4,21,118,2,5,0,0,14,122,3
2722,5,24,12.7,3.26956,0,127,71.6,20.839,0,7,2.1,30.4826,24,127,7,14,114,2,5,0,0,5,0,0,5,0,0,18,110,3,16,119,4,21,122,2,5,0,0,14,124,3
2723,5,24,12.7,3.26956,0,128,72.6,20.913,0,6,1.9,30.5442,24,124,6,14,119,2,5,0,0,5,0,0,5,0,0,18,112,2,16,122,4,21,128,2,5,0,0,14,121,3
2724,5,24,12.7,3.26956,0,122,70.2,20.713,0,6,1.9,30.5442,24,122,6,14,113,2,5,0,0,5,0,0,5,0,0,18,116,2,16,117,4,21,122,2,5,0,0,14,112,3
2725,5,24,12.7,3.26956,0,130,70.2,20.769,0,6,2.1,30.4816,24,130,6,14,107,2,5,0,0,5,0,0,5,0,0,18,120,2,16,118,4,21,113,3,5,0,0,14,114,4
2726,5,24,12.7,3.26956,0,125,69.8,20.7471,0,6,2.1,30.4816,24,125,6,14,105,2,5,0,0,5,0,0,5,0,0,18,125,2,16,120,4,21,110,3,5,0,0,14,113,4
2727,5,24,12.7,3.26956,0,133,71.7,20.9674,0,5,2,30.5121,24,133,5,14,110,2,5,0,0,5,0,0,5,0,0,18,127,2,16,128,4,21,108,3,5,0,0,14,111,4
2728,5,24,12.7,3.26956,0,131,71.7,20.906,0,5,2.1,30.4807,24,129,5,14,110,2,5,0,0,5,0,0,5,0,0,18,131,3,16,117,4,21,118,3,5,0,0,14,112,4
2729,5,24,12.7,3.26956,0,125,69.9,20.6902,0,5,2.1,30.4807,24,115,5,14,111,2,5,0,0,5,0,0,5,0,0,18,125,3,16,114,4,21,119,3,5,0,0,14,115,4
2730,5,24,12.7,3.26956,0,124,69.7,20.6918,0,5,2.1,30.4807,24,112,5,14,106,2,5,0,0,5,0,0,5,0,0,18,124,3,16,122,4,21,117,3,5,0,0,14,116,4
2731,5,24,12.7,3.26956,0,120,69.4,20.64,0,5,2.1,30.4807,24,114,5,14,112,2,5,0,0,5,0,0,5,0,0,18,116,3,16,119,4,21,120,3,5,0,0,14,113,4
2732,5,24,12.7,3.26956,0,126,70.3,20.7296,0,5,2.1,30.4807,24,113,5,14,114,2,5,0,0,5,0,0,5,0,0,18,122,3,16,126,4,21,111,3,5,0,0,14,117,4
2733,5,24,12.7,3.26956,0,128,72.5,20.8992,0,5,2.1,30.4807,24,117,5,14,119,2,5,0,0,5,0,0,5,0,0,18,124,3,16,128,4,21,114,3,5,0,0,14,123,4
2734,5,24,12.7,3.26956,0,129,72.4,20.9459,0,5,2.1,30.4807,24,123,5,14,129,2,5,0,0,5,0,0,5,0,0,18,123,3,16,123,4,21,107,3,5,0,0,14,119,4
2735,5,24,12.7,3.26956,0,138,74.3,21.1608,0,5,2.1,30.4807,24,122,5,14,138,2,5,0,0,5,0,0,5,0,0,18,129,3,16,123,4,21,112,3,5,0,0,14,119,4
2736,5,24,12.7,3.26956,0,136,73.3,21.0335,0,5,2.1,30.4807,24,121,5,14,136,2,5,0,0,5,0,0,5,0,0,18,119,3,16,125,4,21,116,3,5,0,0,14,116,4
2737,5,24,12.7,3.26956,0,130,72.1,20.9262,0,5,2.1,30.4807,24,126,5,14,130,2,5,0,0,5,0,0,5,0,0,18,117,3,16,107,4,21,120,3,5,0,0,14,121,4
2738,5,24,12.7,3.26956,0,123,70.3,20.7188,0,5,2.1,30.4807,24,119,5,14,118,2,5,0,0,5,0,0,5,0,0,18,119,3,16,109,4,21,115,3,5,0,0,14,123,4
2739,5,24,12.7,3.26956,0,122,69.9,20.6818,0,5,2.1,30.4807,24,117,5,14,112,2,5,0,0,5,0,0,5,0,0,18,122,3,16,111,4,21,117,3,5,0,0,14,120,4
2740,5,24,12.8,3.29848,0,119,68,20.5744,0,6,2.3,30.4194,24,117,5,14,108,2,5,0,0,5,0,0,5,0,0,18,119,3,16,108,4,21,116,3,5,0,0,15,112,6
2741,5,24,12.8,3.29848,0,117,67,20.5246,0,6,2.3,30.4194,24,113,5,14,110,2,5,0,0,5,0,0,5,0,0,18,113,3,16,102,4,21,117,3,5,0,0,15,115,6
2742,5,24,12.8,3.29848,0,121,68.2,20.5905,0,5,2.2,30.4499,24,113,5,14,118,2,5,0,0,5,0,0,5,0,0,18,113,3,16,105,4,21,112,3,5,0,0,15,121,5
2743,5,24,12.8,3.29848,0,121,68.8,20.6255,0,5,2.2,30.4499,24,113,5,14,121,2,5,0,0,5,0,0,5,0,0,18,114,3,16,106,4,21,115,3,5,0,0,15,119,5
2744,5,24,12.8,3.29848,0,118,68,20.5722,0,5,2.1,30.4811,24,113,5,14,118,2,5,0,0,5,0,0,5,0,0,18,112,3,16,105,3,21,115,3,5,0,0,15,117,5
2745,5,24,12.8,3.29848,0,118,68.4,20.5789,0,6,2.2,30.4506,24,118,5,14,113,2,5,0,0,5,0,0,5,0,0,18,110,3,16,112,3,21,115,3,5,0,0,15,116,6
2746,5,24,12.8,3.29848,0,122,68.7,20.6274,0,6,2.2,30.4506,24,118,5,14,116,2,5,0,0,5,0,0,5,0,0,18,107,3,16,108,3,21,122,3,5,0,0,15,116,6
2747,5,24,12.8,3.29848,0,121,67.5,20.5693,0,7,2.3,30.4204,24,118,5,14,112,2,5,0,0,5,0,0,5,0,0,18,108,3,16,104,3,21,121,3,5,0,0,15,112,7
2748,5,24,12.8,3.29848,0,124,68.9,20.6594,0,7,2.3,30.4204,24,124,5,14,113,2,5,0,0,5,0,0,5,0,0,18,104,3,16,112,3,21,120,3,5,0,0,15,116,7
2749,5,24,12.8,3.29848,0,127,68.8,20.7245,0,7,2.3,30.4204,24,127,5,14,106,2,5,0,0,5,0,0,5,0,0,18,98,3,16,119,3,21,120,3,5,0,0,15,118,7
2750,5,24,12.8,3.29848,0,132,70.1,20.8371,0,7,2.3,30.4204,24,132,5,14,118,2,5,0,0,5,0,0,5,0,0,18,98,3,16,121,3,21,115,3,5,0,0,15,117,7
2751,5,24,12.8,3.29848,0,126,71.1,20.8268,0,7,2.4,30.3892,24,126,5,14,114,2,5,0,0,5,0,0,5,0,0,18,106,3,16,126,3,21,116,4,5,0,0,15,123,7
2752,5,24,12.8,3.29848,0,126,71.1,20.8095,0,7,2.4,30.3892,24,121,5,14,113,2,5,0,0,5,0,0,5,0,0,18,106,3,16,122,3,21,126,4,5,0,0,15,123,7
2753,5,24,12.8,3.29848,0,131,71.9,20.8885,0,7,2.4,30.3892,24,118,5,14,119,2,5,0,0,5,0,0,5,0,0,18,106,3,16,120,3,21,131,4,5,0,0,15,125,7
2754,5,24,12.8,3.29848,0,135,73.2,20.9859,0,7,2.3,30.4204,24,114,5,14,118,2,5,0,0,5,0,0,5,0,0,18,119,3,16,125,3,21,135,3,5,0,0,15,121,7
2755,5,24,12.8,3.29848,0,125,71.5,20.8225,0,7,2.3,30.4204,24,116,5,14,118,2,5,0,0,5,0,0,5,0,0,18,121,3,16,125,3,21,124,3,5,0,0,15,111,7
2756,5,24,12.8,3.29848,0,123,71.1,20.7788,0,7,2.3,30.4204,24,115,5,14,121,2,5,0,0,5,0,0,5,0,0,18,120,3,16,120,3,21,123,3,5,0,0,15,112,7
2757,5,24,12.8,3.29848,0,127,72.6,20.9055,0,7,2.3,30.4204,24,117,5,14,127,2,5,0,0,5,0,0,5,0,0,18,123,3,16,122,3,21,120,3,5,0,0,15,117,7
2758,5,24,12.8,3.29848,0,128,74.8,21.107,0,7,2.3,30.4204,24,128,5,14,121,2,5,0,0,5,0,0,5,0,0,18,123,3,16,126,3,21,126,3,5,0,0,15,124,7
2759,5,24,12.8,3.29848,0,131,74.2,21.0723,0,7,2.3,30.4204,24,131,5,14,117,2,5,0,0,5,0,0,5,0,0,18,127,3,16,119,3,21,121,3,5,0,0,15,127,7
2760,5,24,12.8,3.29848,0,126,71.4,20.836,0,7,2.3,30.4204,24,125,5,14,117,2,5,0,0,5,0,0,5,0,0,18,126,3,16,108,3,21,117,3,5,0,0,15,121,7
2761,5,24,12.8,3.29848,0,128,71.2,20.8343,0,7,2.3,30.4204,24,128,5,14,124,2,5,0,0,5,0,0,5,0,0,18,111,3,16,112,3,21,114,3,5,0,0,15,123,7
2762,5,24,12.8,3.29848,0,127,71.3,20.8113,0,7,2.3,30.4204,24,127,5,14,122,2,5,0,0,5,0,0,5,0,0,18,114,3,16,114,3,21,117,3,5,0,0,15,119,7
2763,5,24,12.8,3.29848,0,123,71.5,20.8023,0,7,2.3,30.4204,24,123,5,14,119,2,5,0,0,5,0,0,5,0,0,18,117,3,16,119,3,21,114,3,5,0,0,15,123,7
2764,5,24,12.8,3.29848,0,122,70.3,20.6997,0,7,2.3,30.4204,24,117,5,14,118,2,5,0,0,5,0,0,5,0,0,18,115,3,16,113,3,21,118,3,5,0,0,15,122,7
2765,5,24,12.8,3.29848,0,122,69.2,20.6365,0,7,2.3,30.4204,24,113,5,14,107,2,5,0,0,5,0,0,5,0,0,18,115,3,16,114,3,21,121,3,5,0,0,15,122,7
2766,5,24,12.8,3.29848,0,124,70.7,20.7509,0,7,2.3,30.4204,24,110,5,14,111,2,5,0,0,5,0,0,5,0,0,18,124,3,16,117,3,21,123,3,5,0,0,15,122,7
2767,5,24,12.8,3.29848,0,130,71.7,20.877,0,7,2.3,30.4204,24,113,5,14,106,2,5,0,0,5,0,0,5,0,0,18,127,3,16,124,3,21,117,3,5,0,0,15,130,7
2768,5,24,12.8,3.29848,0,128,71.8,20.875,0,7,2.3,30.4204,24,126,5,14,107,2,5,0,0,5,0,0,5,0,0,18,121,3,16,122,3,21,114,3,5,0,0,15,128,7
2769,5,24,12.8,3.29848,0,127,70.1,20.7471,0,7,2.2,30.4513,24,121,4,14,105,2,5,0,0,5,0,0,5,0,0,18,120,3,16,119,3,21,109,3,5,0,0,15,127,7
2770,5,24,12.8,3.29848,0,129,70.5,20.7589,0,7,2.1,30.4828,24,119,4,14,110,2,5,0,0,5,0,0,5,0,0,18,122,3,16,114,2,21,111,3,5,0,0,15,129,7
2771,5,24,12.8,3.29848,0,129,71.2,20.8328,0,7,2.1,30.4828,24,117,4,14,105,2,5,0,0,5,0,0,5,0,0,18,129,3,16,124,2,21,115,3,5,0,0,15,122,7
2772,5,24,12.8,3.29848,0,129,72.5,20.8971,0,7,2.1,30.4828,24,122,4,14,114,2,5,0,0,5,0,0,5,0,0,18,120,3,16,129,2,21,118,3,5,0,0,15,122,7
2773,5,24,12.8,3.29848,0,128,72.7,20.9365,0,7,2.1,30.4828,24,128,4,14,117,2,5,0,0,5,0,0,5,0,0,18,122,3,16,127,2,21,118,3,5,0,0,15,115,7
2774,5,24,12.8,3.29848,0,133,73.1,21.0268,0,7,2.1,30.4828,24,133,4,14,118,2,5,0,0,5,0,0,5,0,0,18,120,3,16,130,2,21,119,3,5,0,0,15,111,7
2775,5,24,12.8,3.29848,0,127,71.2,20.8069,0,7,2.1,30.4828,24,127,4,14,120,2,5,0,0,5,0,0,5,0,0,18,115,3,16,121,2,21,115,3,5,0,0,15,114,7
2776,5,24,12.8,3.29848,0,124,71.1,20.7767,0,7,2.1,30.4828,24,124,4,14,114,2,5,0,0,5,0,0,5,0,0,18,122,3,16,118,2,21,115,3,5,0,0,15,118,7
2777,5,24,12.8,3.29848,0,124,69.7,20.6842,0,6,2,30.5129,24,124,4,14,116,2,5,0,0,5,0,0,5,0,0,18,110,3,16,117,2,21,113,3,5,0,0,15,117,6
2778,5,24,12.8,3.29848,0,128,71.4,20.8247,0,6,2,30.5129,24,128,4,14,115,2,5,0,0,5,0,0,5,0,0,18,113,3,16,122,2,21,121,3,5,0,0,15,115,6
2779,5,24,12.8,3.29848,0,124,70.8,20.7568,0,6,2,30.5129,24,120,4,14,108,2,5,0,0,5,0,0,5,0,0,18,117,3,16,124,2,21,118,3,5,0,0,15,121,6
2780,5,24,12.8,3.29848,0,116,67.8,20.54,0,6,2,30.5129,24,116,4,14,110,2,5,0,0,5,0,0,5,0,0,18,112,3,16,111,2,21,114,3,5,0,0,15,115,6
2781,5,24,12.8,3.29848,0,122,68.8,20.608,0,6,2,30.5129,24,114,4,14,113,2,5,0,0,5,0,0,5,0,0,18,117,3,16,109,2,21,113,3,5,0,0,15,122,6
2782,5,24,12.8,3.29848,0,119,69.3,20.642,0,6,2.1,30.4818,24,119,4,14,118,2,5,0,0,5,0,0,5,0,0,18,115,3,16,110,2,21,114,4,5,0,0,15,117,6
2783,5,24,12.8,3.29848,0,120,70.4,20.7039,0,6,2.1,30.4818,24,116,4,14,117,2,5,0,0,5,0,0,5,0,0,18,117,3,16,120,2,21,114,4,5,0,0,15,120,6
2784,5,24,12.8,3.29848,0,125,72.1,20.8408,0,6,2.1,30.4818,24,119,4,14,116,2,5,0,0,5,0,0,5,0,0,18,118,3,16,120,2,21,125,4,5,0,0,15,123,6
2785,5,24,12.8,3.29848,0,129,73,20.9566,0,6,2,30.5129,24,126,4,14,119,2,5,0,0,5,0,0,5,0,0,18,112,3,16,121,2,21,129,3,5,0,0,15,123,6
2786,5,24,12.8,3.29848,0,131,72.9,20.9353,0,5,1.9,30.5433,24,122,4,14,119,2,5,0,0,5,0,0,5,0,0,18,120,3,16,114,2,21,123,3,5,0,0,15,131,5
2787,5,24,12.8,3.29848,0,129,72.6,20.9211,0,5,2,30.5122,24,129,4,14,118,2,5,0,0,5,0,0,5,0,0,18,117,4,16,114,2,21,125,3,5,0,0,15,123,5
2788,5,24,12.8,3.29848,0,128,71.3,20.813,0,5,2,30.5122,24,128,4,14,116,2,5,0,0,5,0,0,5,0,0,18,112,4,16,115,2,21,122,3,5,0,0,15,120,5
2789,5,24,12.8,3.29848,0,129,70.8,20.8,0,5,2,30.5122,24,129,4,14,111,2,5,0,0,5,0,0,5,0,0,18,113,4,16,116,2,21,125,3,5,0,0,15,114,5
2790,5,24,12.8,3.29848,0,124,69.6,20.6784,0,5,2,30.5122,24,124,4,14,109,2,5,0,0,5,0,0,5,0,0,18,118,4,16,113,2,21,117,3,5,0,0,15,115,5
2791,5,24,12.8,3.29848,0,127,70.2,20.7416,0,5,2,30.5122,24,127,4,14,116,2,5,0,0,5,0,0,5,0,0,18,111,4,16,115,2,21,121,3,5,0,0,15,112,5
2792,5,24,12.8,3.29848,0,120,68.5,20.6312,0,5,2,30.5122,24,118,4,14,118,2,5,0,0,5,0,0,5,0,0,18,107,4,16,116,2,21,120,3,5,0,0,15,106,5
2793,5,24,12.8,3.29848,0,124,69.1,20.6761,0,5,2,30.5122,24,124,4,14,122,2,5,0,0,5,0,0,5,0,0,18,109,4,16,111,2,21,113,3,5,0,0,15,112,5
2794,5,24,12.8,3.29848,0,124,68.5,20.6361,0,5,2,30.5119,24,119,4,14,124,2,5,0,0,5,0,0,5,0,0,18,112,3,16,109,3,21,109,3,5,0,0,15,112,5
2795,5,24,12.8,3.29848,0,119,69.7,20.6678,0,5,2.1,30.4807,24,119,4,14,119,2,5,0,0,5,0,0,5,0,0,18,115,3,16,116,3,21,111,4,5,0,0,15,117,5
2796,5,24,12.8,3.29848,0,122,71.6,20.8098,0,5,2,30.5119,24,120,4,14,122,2,5,0,0,5,0,0,5,0,0,18,121,3,16,120,3,21,114,3,5,0,0,15,119,5
2797,5,24,12.8,3.29848,0,123,72.6,20.8869,0,5,2,30.5125,24,116,5,14,123,2,5,0,0,5,0,0,5,0,0,18,123,3,16,122,2,21,120,3,5,0,0,15,122,5
2798,5,24,12.8,3.29848,0,127,71.5,20.8329,0,5,2,30.5125,24,110,5,14,127,2,5,0,0,5,0,0,5,0,0,18,117,3,16,121,2,21,114,3,5,0,0,15,126,5
2799,5,24,12.8,3.29848,0,127,70.8,20.7449,0,5,1.9,30.5433,24,112,4,14,118,2,5,0,0,5,0,0,5,0,0,18,116,3,16,118,2,21,117,3,5,0,0,15,127,5
2800,5,24,12.8,3.29848,0,138,69.6,20.7781,0,5,1.8,30.5747,24,109,4,14,109,2,5,0,0,5,0,0,5,0,0,18,118,2,16,116,2,21,106,3,5,0,0,15,138,5
2801,5,24,12.8,3.29848,0,131,69.6,20.7156,0,5,1.8,30.5747,24,106,4,14,114,2,5,0,0,5,0,0,5,0,0,18,120,2,16,116,2,21,109,3,5,0,0,15,131,5
2802,5,24,12.8,3.29848,0,123,68.6,20.6009,0,5,1.8,30.5747,24,110,4,14,113,2,5,0,0,5,0,0,5,0,0,18,118,2,16,112,2,21,110,3,5,0,0,15,123,5
2803,5,24,12.8,3.29848,0,123,69,20.6258,0,5,1.8,30.5747,24,111,4,14,115,2,5,0,0,5,0,0,5,0,0,18,123,2,16,113,2,21,112,3,5,0,0,15,116,5
2804,5,24,12.8,3.29848,0,119,69.1,20.6342,0,5,1.8,30.5747,24,117,4,14,115,2,5,0,0,5,0,0,5,0,0,18,119,2,16,118,2,21,111,3,5,0,0,15,111,5
2805,5,24,12.8,3.29848,0,124,70.4,20.7705,0,5,1.8,30.5747,24,121,4,14,115,2,5,0,0,5,0,0,5,0,0,18,122,2,16,124,2,21,104,3,5,0,0,15,118,5
2806,5,24,12.8,3.29848,0,126,68.8,20.6576,0,5,1.8,30.5747,24,114,4,14,110,2,5,0,0,5,0,0,5,0,0,18,126,2,16,120,2,21,107,3,5,0,0,15,111,5
2807,5,24,12.8,3.29848,0,128,69.1,20.6834,0,5,1.7,30.6058,24,113,3,14,111,2,5,0,0,5,0,0,5,0,0,18,128,2,16,114,2,21,105,3,5,0,0,15,120,5
2808,5,24,12.8,3.29848,0,120,67.8,20.5623,0,5,1.7,30.6058,24,115,3,14,111,2,5,0,0,5,0,0,5,0,0,18,120,2,16,107,2,21,110,3,5,0,0,15,115,5
2809,5,24,12.8,3.29848,0,119,69.5,20.6366,0,5,1.7,30.6058,24,115,3,14,114,2,5,0,0,5,0,0,5,0,0,18,117,2,16,114,2,21,116,3,5,0,0,15,119,5
2810,5,24,12.8,3.29848,0,121,70.1,20.6884,0,6,1.8,30.5755,24,114,3,14,116,2,5,0,0,5,0,0,5,0,0,18,121,2,16,112,2,21,117,3,5,0,0,15,121,6
2811,5,24,12.8,3.29848,0,124,71.1,20.7648,0,6,1.8,30.5755,24,114,3,14,119,2,5,0,0,5,0,0,5,0,0,18,122,2,16,115,2,21,117,3,5,0,0,15,124,6
2812,5,24,12.8,3.29848,0,130,71.3,20.8159,0,5,1.7,30.6058,24,120,3,14,114,2,5,0,0,5,0,0,5,0,0,18,123,2,16,112,2,21,114,3,5,0,0,15,130,5
2813,5,24,12.8,3.29848,0,123,69.3,20.6592,0,5,1.7,30.6058,24,116,3,14,117,2,5,0,0,5,0,0,5,0,0,18,123,2,16,108,2,21,112,3,5,0,0,15,117,5
2814,5,24,12.8,3.29848,0,125,69.6,20.7122,0,5,1.7,30.6058,24,111,3,14,125,2,5,0,0,5,0,0,5,0,0,18,124,2,16,112,2,21,108,3,5,0,0,15,116,5
2815,5,24,12.8,3.29848,0,123,70,20.7089,0,5,1.7,30.6058,24,117,3,14,121,2,5,0,0,5,0,0,5,0,0,18,123,2,16,113,2,21,110,3,5,0,0,15,116,5
2816,5,24,12.8,3.29848,0,125,68.8,20.6704,0,5,1.7,30.6058,24,114,3,14,125,2,5,0,0,5,0,0,5,0,0,18,121,2,16,112,2,21,107,3,5,0,0,15,109,5
2817,5,24,12.8,3.29848,0,127,71.2,20.8115,0,5,1.7,30.6058,24,115,3,14,127,2,5,0,0,5,0,0,5,0,0,18,123,2,16,113,2,21,112,3,5,0,0,15,122,5
2818,5,24,12.8,3.29848,0,130,72.4,20.9275,0,5,1.7,30.6058,24,116,3,14,130,2,5,0,0,5,0,0,5,0,0,18,125,2,16,113,2,21,114,3,5,0,0,15,126,5
2819,5,24,12.8,3.29848,0,125,71.4,20.7859,0,5,1.7,30.6058,24,115,3,14,120,2,5,0,0,5,0,0,5,0,0,18,119,2,16,115,2,21,120,3,5,0,0,15,125,5
2820,5,24,12.8,3.29848,0,122,71.1,20.7683,0,5,1.7,30.6058,24,115,3,14,121,2,5,0,0,5,0,0,5,0,0,18,122,2,16,113,2,21,118,3,5,0,0,15,122,5
2821,5,24,12.8,3.29848,0,130,72.5,20.9192,0,5,1.7,30.6058,24,112,3,14,118,2,5,0,0,5,0,0,5,0,0,18,129,2,16,115,2,21,121,3,5,0,0,15,130,5
2822,5,24,12.8,3.29848,0,123,71.9,20.8335,0,5,1.7,30.6058,24,120,3,14,121,2,5,0,0,5,0,0,5,0,0,18,120,2,16,113,2,21,123,3,5,0,0,15,122,5
2823,5,24,12.8,3.29848,0,120,69.9,20.6789,0,5,1.7,30.6058,24,118,3,14,109,2,5,0,0,5,0,0,5,0,0,18,113,2,16,120,2,21,119,3,5,0,0,15,120,5
2824,5,24,12.8,3.29848,0,127,70.6,20.7784,0,5,1.8,30.5744,24,127,3,14,111,3,5,0,0,5,0,0,5,0,0,18,110,2,16,112,2,21,121,3,5,0,0,15,125,5
2825,5,25,12.9,3.35708,0,128,70.1,20.7588,0,5,1.7,30.6058,25,122,3,14,108,2,5,0,0,5,0,0,5,0,0,18,106,2,16,114,2,21,128,3,5,0,0,15,123,5
2826,5,25,12.9,3.35708,0,127,71.6,20.8234,0,5,1.8,30.5747,25,117,4,14,111,2,5,0,0,5,0,0,5,0,0,18,117,2,16,125,2,21,127,3,5,0,0,15,119,5
2827,5,25,12.9,3.35708,0,131,71.8,20.8646,0,5,1.8,30.5747,25,116,4,14,108,2,5,0,0,5,0,0,5,0,0,18,122,2,16,117,2,21,131,3,5,0,0,15,124,5
2828,5,25,12.9,3.35708,0,133,72.4,20.9052,0,5,1.9,30.544,25,120,5,14,114,2,5,0,0,5,0,0,5,0,0,18,119,2,16,116,2,21,133,3,5,0,0,15,122,5
2829,5,25,12.9,3.35708,0,129,71.6,20.8381,0,5,1.8,30.5747,25,114,4,14,109,2,5,0,0,5,0,0,5,0,0,18,124,2,16,118,2,21,129,3,5,0,0,15,122,5
2830,5,25,12.9,3.35708,0,121,70.4,20.708,0,5,1.8,30.5747,25,112,4,14,115,2,5,0,0,5,0,0,5,0,0,18,121,2,16,115,2,21,121,3,5,0,0,15,120,5
2831,5,25,12.9,3.35708,0,123,70.5,20.7146,0,5,1.8,30.5747,25,118,4,14,114,2,5,0,0,5,0,0,5,0,0,18,119,2,16,114,2,21,117,3,5,0,0,15,123,5
2832,5,25,12.9,3.35708,0,127,72.1,20.8587,0,5,1.8,30.5747,25,127,4,14,116,2,5,0,0,5,0,0,5,0,0,18,118,2,16,117,2,21,122,3,5,0,0,15,121,5
2833,5,25,12.9,3.35708,0,122,70.5,20.7311,0,5,1.9,30.5433,25,121,4,14,122,3,5,0,0,5,0,0,5,0,0,18,114,2,16,115,2,21,118,3,5,0,0,15,115,5
2834,5,25,12.9,3.35708,0,125,70.9,20.7788,0,5,1.9,30.5433,25,125,4,14,122,3,5,0,0,5,0,0,5,0,0,18,112,2,16,117,2,21,113,3,5,0,0,15,120,5
2835,5,25,12.9,3.35708,0,128,71.6,20.874,0,5,1.8,30.5747,25,124,4,14,128,2,5,0,0,5,0,0,5,0,0,18,106,2,16,116,2,21,118,3,5,0,0,15,124,5
2836,5,25,12.9,3.35708,0,125,70.9,20.7893,0,5,1.8,30.5747,25,122,4,14,125,2,5,0,0,5,0,0,5,0,0,18,109,2,16,115,2,21,122,3,5,0,0,15,116,5
2837,5,25,12.9,3.35708,0,125,71.8,20.8307,0,5,1.8,30.5747,25,120,4,14,125,2,5,0,0,5,0,0,5,0,0,18,118,2,16,119,2,21,120,3,5,0,0,15,116,5
2838,5,25,12.9,3.35708,0,122,69.2,20.6615,0,5,1.9,30.5446,25,120,5,14,122,1,5,0,0,5,0,0,5,0,0,18,113,2,16,113,2,21,108,4,5,0,0,15,116,5
2839,5,25,12.9,3.35708,0,124,69.1,20.6706,0,5,2,30.5138,25,115,5,14,120,1,5,0,0,5,0,0,5,0,0,18,117,2,16,111,2,21,104,5,5,0,0,15,124,5
2840,5,25,12.9,3.35708,0,117,66.7,20.5227,0,5,1.9,30.5446,25,114,4,14,117,1,5,0,0,5,0,0,5,0,0,18,111,2,16,111,2,21,102,5,5,0,0,15,112,5
2841,5,25,12.9,3.35708,0,120,68.1,20.5805,0,5,1.9,30.5446,25,112,4,14,113,1,5,0,0,5,0,0,5,0,0,18,118,2,16,113,2,21,105,5,5,0,0,15,120,5
2842,5,25,12.9,3.35708,0,123,69.1,20.6404,0,5,1.9,30.5446,25,114,4,14,117,1,5,0,0,5,0,0,5,0,0,18,118,2,16,110,2,21,109,5,5,0,0,15,123,5
2843,5,25,12.9,3.35708,0,119,66.5,20.4864,0,5,2,30.5138,25,111,5,14,106,1,5,0,0,5,0,0,5,0,0,18,112,2,16,108,2,21,109,5,5,0,0,15,119,5
2844,5,25,12.9,3.35708,0,122,68.1,20.5799,0,5,2,30.5138,25,117,5,14,110,1,5,0,0,5,0,0,5,0,0,18,106,2,16,114,2,21,112,5,5,0,0,15,122,5
2845,5,25,12.9,3.35708,0,123,68.3,20.5919,0,5,2,30.5138,25,113,5,14,108,1,5,0,0,5,0,0,5,0,0,18,106,2,16,116,2,21,117,5,5,0,0,15,123,5
2846,5,25,12.9,3.35708,0,123,71.5,20.7989,0,5,1.9,30.5446,25,118,5,14,122,1,5,0,0,5,0,0,5,0,0,18,114,2,16,123,2,21,119,5,5,0,0,15,119,4
2847,5,25,13,3.39706,0,131,72.6,20.9119,0,5,1.9,30.5446,25,117,5,14,119,1,5,0,0,5,0,0,5,0,0,19,115,2,16,124,2,21,131,5,5,0,0,15,120,4
2848,5,25,13,3.39706,0,129,72.3,20.9097,0,5,1.9,30.5439,25,122,5,14,110,1,5,0,0,5,0,0,5,0,0,19,116,3,16,128,2,21,129,4,5,0,0,15,118,4
2849,5,25,13,3.39706,0,124,71.9,20.8365,0,4,1.7,30.6057,25,119,3,14,119,1,5,0,0,5,0,0,5,0,0,19,118,3,16,124,2,21,124,4,5,0,0,15,115,4
2850,5,25,13,3.39706,0,124,72,20.841,0,4,1.7,30.6057,25,124,3,14,118,1,5,0,0,5,0,0,5,0,0,19,119,3,16,116,2,21,123,4,5,0,0,15,120,4
2851,5,25,13,3.39706,0,129,72.2,20.8989,0,4,1.6,30.6368,25,129,3,14,123,1,5,0,0,5,0,0,5,0,0,19,122,3,16,117,2,21,116,3,5,0,0,15,115,4
2852,5,25,13,3.39706,0,130,72.1,20.9047,0,4,1.6,30.6368,25,122,3,14,124,1,5,0,0,5,0,0,5,0,0,19,130,3,16,110,2,21,116,3,5,0,0,15,119,4
2853,5,25,13,3.39706,0,126,71.7,20.8277,0,4,1.6,30.6368,25,112,3,14,118,1,5,0,0,5,0,0,5,0,0,19,126,3,16,117,2,21,125,3,5,0,0,15,119,4
2854,5,25,13,3.39706,0,118,68.3,20.6023,0,4,1.6,30.6368,25,117,3,14,111,1,5,0,0,5,0,0,5,0,0,19,117,3,16,115,2,21,118,3,5,0,0,15,105,4
2855,5,25,13,3.39706,0,122,69.8,20.691,0,4,1.5,30.6681,25,118,3,14,110,1,5,0,0,5,0,0,5,0,0,19,122,2,16,121,2,21,116,3,5,0,0,15,111,4
2856,5,25,13,3.39706,0,123,69.6,20.6756,0,4,1.4,30.6994,25,114,2,14,112,1,5,0,0,5,0,0,5,0,0,19,122,2,16,123,2,21,112,3,5,0,0,15,113,4
2857,5,25,13,3.39706,0,122,70.1,20.693,0,4,1.4,30.6994,25,111,2,14,113,1,5,0,0,5,0,0,5,0,0,19,121,2,16,120,2,21,114,3,5,0,0,15,122,4
2858,5,25,13,3.39706,0,129,71.1,20.7886,0,4,1.4,30.6994,25,121,2,14,114,1,5,0,0,5,0,0,5,0,0,19,114,2,16,120,2,21,113,3,5,0,0,15,129,4
2859,5,25,13,3.39706,0,123,69.9,20.701,0,4,1.4,30.6994,25,111,2,14,117,1,5,0,0,5,0,0,5,0,0,19,117,2,16,123,2,21,108,3,5,0,0,15,123,4
2860,5,25,13,3.39706,0,127,70.3,20.7383,0,5,1.5,30.6688,25,121,2,14,107,1,5,0,0,5,0,0,5,0,0,19,115,2,16,120,2,21,113,3,5,0,0,15,127,5
2861,5,25,13,3.39706,0,129,71.2,20.8309,0,5,1.5,30.6688,25,128,2,14,110,1,5,0,0,5,0,0,5,0,0,19,117,2,16,114,2,21,114,3,5,0,0,15,129,5
2862,5,25,13,3.39706,0,130,71,20.8165,0,5,1.5,30.6688,25,126,2,14,113,1,5,0,0,5,0,0,5,0,0,19,118,2,16,111,2,21,112,3,5,0,0,15,130,5
2863,5,25,13,3.39706,0,130,70.7,20.7642,0,5,1.5,30.6688,25,119,2,14,110,1,5,0,0,5,0,0,5,0,0,19,112,2,16,116,2,21,120,3,5,0,0,15,130,5
2864,5,25,13,3.39706,0,120,69.8,20.6646,0,5,1.5,30.6688,25,114,2,14,119,1,5,0,0,5,0,0,5,0,0,19,113,2,16,115,2,21,120,3,5,0,0,15,117,5
2865,5,25,13,3.39706,0,129,70.6,20.757,0,5,1.5,30.6688,25,118,2,14,113,1,5,0,0,5,0,0,5,0,0,19,114,2,16,111,2,21,129,3,5,0,0,15,121,5
2866,5,25,13,3.39706,0,129,70,20.7136,0,5,1.5,30.6688,25,114,2,14,117,1,5,0,0,5,0,0,5,0,0,19,112,2,16,113,2,21,129,3,5,0,0,15,115,5
2867,5,25,13,3.39706,0,129,72,20.881,0,5,1.6,30.6375,25,116,2,14,122,1,5,0,0,5,0,0,5,0,0,19,109,3,16,125,2,21,129,3,5,0,0,15,119,5
2868,5,25,13,3.39706,0,127,72.1,20.8679,0,5,1.6,30.6375,25,117,2,14,121,1,5,0,0,5,0,0,5,0,0,19,111,3,16,127,2,21,124,3,5,0,0,15,121,5
2869,5,25,13,3.39706,0,127,71.1,20.7893,0,5,1.6,30.6375,25,117,2,14,116,1,5,0,0,5,0,0,5,0,0,19,112,3,16,124,2,21,127,3,5,0,0,15,115,5
2870,5,25,13,3.39706,0,125,71.2,20.7853,0,5,1.6,30.6375,25,118,2,14,119,1,5,0,0,5,0,0,5,0,0,19,113,3,16,122,2,21,125,3,5,0,0,15,115,5
2871,5,25,13,3.39706,0,125,71,20.771,0,5,1.6,30.6375,25,111,2,14,121,1,5,0,0,5,0,0,5,0,0,19,118,3,16,120,2,21,125,3,5,0,0,15,115,5
2872,5,25,13,3.39706,0,125,71.9,20.8604,0,5,1.6,30.6375,25,110,2,14,121,1,5,0,0,5,0,0,5,0,0,19,125,3,16,125,2,21,123,3,5,0,0,15,115,5
2873,5,25,13,3.39706,0,124,72.6,20.8985,0,5,1.5,30.6688,25,124,2,14,120,1,5,0,0,5,0,0,5,0,0,19,120,2,16,123,2,21,123,3,5,0,0,15,116,5
2874,5,25,13,3.39706,0,129,73.4,20.976,0,5,1.5,30.6688,25,121,2,14,121,1,5,0,0,5,0,0,5,0,0,19,123,2,16,123,2,21,129,3,5,0,0,15,117,5
2875,5,25,13,3.39706,0,123,71.6,20.8012,0,5,1.5,30.6688,25,120,2,14,116,1,5,0,0,5,0,0,5,0,0,19,119,2,16,123,2,21,116,3,5,0,0,15,122,5
2876,5,25,13,3.39706,0,127,74,21.0333,0,5,1.5,30.6688,25,123,2,14,127,1,5,0,0,5,0,0,5,0,0,19,127,2,16,121,2,21,120,3,5,0,0,15,122,5
2877,5,25,13,3.39706,0,126,73.2,20.9414,0,5,1.5,30.6688,25,120,2,14,119,1,5,0,0,5,0,0,5,0,0,19,123,2,16,126,2,21,123,3,5,0,0,15,121,5
2878,5,25,13,3.39706,0,127,71.8,20.8542,0,5,1.5,30.6688,25,127,2,14,113,1,5,0,0,5,0,0,5,0,0,19,122,2,16,124,2,21,115,3,5,0,0,15,117,5
2879,5,25,13,3.39706,0,125,69.2,20.6647,0,5,1.5,30.6688,25,125,2,14,112,1,5,0,0,5,0,0,5,0,0,19,108,2,16,117,2,21,112,3,5,0,0,15,118,5
2880,5,25,13,3.39706,0,133,71.5,20.8606,0,5,1.5,30.6688,25,133,2,14,114,1,5,0,0,5,0,0,5,0,0,19,114,2,16,114,2,21,121,3,5,0,0,15,119,5
2881,5,25,13,3.39706,0,125,69.1,20.6727,0,5,1.5,30.6688,25,125,2,14,114,1,5,0,0,5,0,0,5,0,0,19,115,2,16,106,2,21,119,3,5,0,0,15,112,5
2882,5,25,13,3.39706,0,126,69.6,20.6879,0,5,1.5,30.6688,25,126,2,14,115,1,5,0,0,5,0,0,5,0,0,19,111,2,16,113,2,21,117,3,5,0,0,15,114,5
2883,5,25,13,3.39706,0,122,67.6,20.59,0,5,1.5,30.6688,25,122,2,14,115,1,5,0,0,5,0,0,5,0,0,19,103,2,16,107,2,21,111,3,5,0,0,15,118,5
2884,5,25,13,3.39706,0,122,67.4,20.5716,0,5,1.5,30.6688,25,108,2,14,122,1,5,0,0,5,0,0,5,0,0,19,104,2,16,111,2,21,109,3,5,0,0,15,120,5
2885,5,25,13,3.39706,0,120,66,20.5188,0,5,1.5,30.6688,25,104,2,14,120,1,5,0,0,5,0,0,5,0,0,19,99,2,16,109,2,21,115,3,5,0,0,15,113,5
2886,5,25,13,3.39706,0,120,66.3,20.5235,0,5,1.5,30.6688,25,105,2,14,118,1,5,0,0,5,0,0,5,0,0,19,100,2,16,109,2,21,111,3,5,0,0,15,120,5
2887,5,25,13,3.39706,0,115,65.2,20.4487,0,5,1.5,30.6688,25,108,2,14,113,1,5,0,0,5,0,0,5,0,0,19,102,2,16,109,2,21,105,3,5,0,0,15,115,5
2888,5,25,13,3.39706,0,120,67.3,20.5441,0,5,1.5,30.6688,25,113,2,14,120,1,5,0,0,5,0,0,5,0,0,19,105,2,16,112,2,21,111,3,5,0,0,15,112,5
2889,5,25,13,3.39706,0,116,68.1,20.5533,0,5,1.5,30.6688,25,110,2,14,111,1,5,0,0,5,0,0,5,0,0,19,116,2,16,116,2,21,114,3,5,0,0,15,114,5
2890,5,25,13,3.39706,0,121,68.7,20.6158,0,5,1.5,30.6688,25,105,2,14,114,1,5,0,0,5,0,0,5,0,0,19,114,2,16,121,2,21,120,3,5,0,0,15,113,5
2891,5,25,13,3.39706,0,124,69.4,20.668,0,5,1.5,30.6688,25,107,2,14,113,1,5,0,0,5,0,0,5,0,0,19,119,2,16,124,2,21,119,3,5,0,0,15,112,5
2892,5,25,13,3.39706,0,127,67.9,20.6293,0,5,1.5,30.6688,25,100,2,14,112,1,5,0,0,5,0,0,5,0,0,19,112,2,16,127,2,21,119,3,5,0,0,15,109,5
2893,5,25,13,3.39706,0,129,69.4,20.7172,0,5,1.5,30.6688,25,103,2,14,120,1,5,0,0,5,0,0,5,0,0,19,115,2,16,129,2,21,116,3,5,0,0,15,111,5
2894,5,25,13,3.39706,0,128,71.4,20.8446,0,5,1.5,30.6688,25,109,2,14,128,1,5,0,0,5,0,0,5,0,0,19,119,2,16,123,2,21,123,3,5,0,0,15,112,5
2895,5,25,13,3.39706,0,129,73.3,21.0032,0,5,1.5,30.6688,25,122,2,14,129,1,5,0,0,5,0,0,5,0,0,19,123,2,16,126,2,21,121,3,5,0,0,15,112,5
2896,5,25,13,3.39706,0,127,73.4,21.0106,0,5,1.5,30.6688,25,125,2,14,124,1,5,0,0,5,0,0,5,0,0,19,123,2,16,127,2,21,124,3,5,0,0,15,111,5
2897,5,25,13,3.39706,0,127,72.2,20.8693,0,5,1.6,30.6375,25,119,3,14,124,1,5,0,0,5,0,0,5,0,0,19,117,2,16,118,2,21,127,3,5,0,0,15,117,5
2898,5,25,13,3.39706,0,124,72.1,20.8549,0,5,1.6,30.6375,25,122,3,14,124,1,5,0,0,5,0,0,5,0,0,19,114,2,16,118,2,21,120,3,5,0,0,15,123,5
2899,5,25,13,3.39706,0,124,71.3,20.7898,0,5,1.6,30.6375,25,120,3,14,124,1,5,0,0,5,0,0,5,0,0,19,114,2,16,119,2,21,119,3,5,0,0,15,117,5
2900,5,25,13,3.39706,0,123,71.2,20.7716,0,5,1.6,30.6375,25,123,3,14,116,1,5,0,0,5,0,0,5,0,0,19,118,2,16,116,2,21,118,3,5,0,0,15,121,5
2901,5,25,13,3.39706,0,130,72,20.8695,0,5,1.7,30.6064,25,119,4,14,116,1,5,0,0,5,0,0,5,0,0,19,124,2,16,120,2,21,111,3,5,0,0,15,130,5
2902,5,25,13,3.39706,0,123,70.9,20.7493,0,4,1.6,30.6371,25,114,4,14,117,1,5,0,0,5,0,0,5,0,0,19,123,2,16,121,2,21,115,3,5,0,0,15,119,4
2903,5,25,13,3.39706,0,127,70.1,20.7228,0,4,1.6,30.6371,25,113,4,14,115,1,5,0,0,5,0,0,5,0,0,19,121,2,16,127,2,21,113,3,5,0,0,15,112,4
2904,5,25,13,3.39706,0,131,70.2,20.7602,0,4,1.6,30.6371,25,115,4,14,114,1,5,0,0,5,0,0,5,0,0,19,120,2,16,131,2,21,109,3,5,0,0,15,113,4
2905,5,25,13,3.39706,0,130,70.7,20.7812,0,4,1.6,30.6371,25,117,4,14,119,1,5,0,0,5,0,0,5,0,0,19,115,2,16,130,2,21,115,3,5,0,0,15,111,4
2906,5,25,13,3.39706,0,138,73,21.0109,0,4,1.6,30.6371,25,125,4,14,114,1,5,0,0,5,0,0,5,0,0,19,115,2,16,138,2,21,119,3,5,0,0,15,119,4
2907,5,25,13,3.39706,0,129,72.5,20.8963,0,4,1.6,30.6371,25,116,4,14,122,1,5,0,0,5,0,0,5,0,0,19,115,2,16,129,2,21,121,3,5,0,0,15,122,4
2908,5,25,13,3.39706,0,130,72.1,20.8673,0,4,1.6,30.6371,25,115,4,14,122,1,5,0,0,5,0,0,5,0,0,19,116,2,16,120,2,21,130,3,5,0,0,15,118,4
2909,5,25,13,3.39706,0,126,72.8,20.9278,0,4,1.7,30.6057,25,123,4,14,126,1,5,0,0,5,0,0,5,0,0,19,115,3,16,116,2,21,125,3,5,0,0,15,123,4
2910,5,25,13,3.39706,0,125,72.3,20.877,0,4,1.7,30.6057,25,122,4,14,121,1,5,0,0,5,0,0,5,0,0,19,125,3,16,116,2,21,115,3,5,0,0,15,124,4
2911,5,25,13,3.39706,0,124,71.7,20.8328,0,4,1.7,30.6057,25,124,4,14,112,1,5,0,0,5,0,0,5,0,0,19,124,3,16,114,2,21,122,3,5,0,0,15,121,4
2912,5,25,13,3.39706,0,132,73.6,21.0106,0,4,1.7,30.6057,25,132,4,14,120,1,5,0,0,5,0,0,5,0,0,19,121,3,16,119,2,21,122,3,5,0,0,15,122,4
2913,5,25,13,3.39706,0,121,71.1,20.7747,0,4,1.7,30.6057,25,121,4,14,121,1,5,0,0,5,0,0,5,0,0,19,120,3,16,119,2,21,116,3,5,0,0,15,114,4
2914,5,25,13,3.39706,0,124,70.6,20.7549,0,4,1.7,30.6057,25,124,4,14,114,1,5,0,0,5,0,0,5,0,0,19,122,3,16,117,2,21,118,3,5,0,0,15,111,4
2915,5,25,13,3.39706,0,127,69,20.6875,0,4,1.7,30.6057,25,127,4,14,112,1,5,0,0,5,0,0,5,0,0,19,120,3,16,109,2,21,114,3,5,0,0,15,108,4
2916,5,25,13,3.39706,0,125,70.2,20.7675,0,4,1.7,30.6057,25,125,4,14,118,1,5,0,0,5,0,0,5,0,0,19,124,3,16,111,2,21,117,3,5,0,0,15,107,4
2917,5,25,13,3.39706,0,129,71.5,20.8871,0,4,1.7,30.6057,25,127,4,14,116,1,5,0,0,5,0,0,5,0,0,19,123,3,16,112,2,21,129,3,5,0,0,15,108,4
2918,5,25,13,3.39706,0,128,69.8,20.7293,0,4,1.6,30.6368,25,120,3,14,118,1,5,0,0,5,0,0,5,0,0,19,112,3,16,112,2,21,128,3,5,0,0,15,108,4
2919,5,25,13,3.39706,0,129,72.4,20.9499,0,4,1.6,30.6368,25,123,3,14,126,1,5,0,0,5,0,0,5,0,0,19,122,3,16,116,2,21,129,3,5,0,0,15,108,4
2920,5,25,13,3.39706,0,129,71.7,20.88,0,4,1.7,30.6057,25,117,4,14,129,1,5,0,0,5,0,0,5,0,0,19,125,3,16,114,2,21,122,3,5,0,0,15,110,4
2921,5,25,13.1,3.43948,0,128,71.9,20.8674,0,5,1.9,30.5439,25,124,4,14,119,1,5,0,0,5,0,0,5,0,0,20,121,5,16,112,2,21,128,3,5,0,0,15,115,4
2922,5,25,13.2,3.46699,0,126,71.7,20.8425,0,5,2,30.5121,25,124,4,15,122,2,5,0,0,5,0,0,5,0,0,20,115,5,16,113,2,21,126,3,5,0,0,15,117,4
2923,5,25,13.2,3.46699,0,127,71.6,20.8164,0,5,2.1,30.481,25,115,4,15,117,2,5,0,0,5,0,0,5,0,0,20,121,5,16,121,2,21,127,4,5,0,0,15,115,4
2924,5,25,13.2,3.46699,0,127,72.5,20.8844,0,5,2.1,30.481,25,118,4,15,114,2,5,0,0,5,0,0,5,0,0,20,121,5,16,123,2,21,127,4,5,0,0,15,122,4
2925,5,25,13.2,3.46699,0,127,73.7,20.9883,0,5,2.1,30.481,25,119,4,15,119,2,5,0,0,5,0,0,5,0,0,20,122,5,16,124,2,21,127,4,5,0,0,15,126,4
2926,5,25,13.2,3.46699,0,128,73.4,20.9706,0,5,2.1,30.481,25,121,4,15,118,2,5,0,0,5,0,0,5,0,0,20,116,5,16,126,2,21,125,4,5,0,0,15,128,4
2927,5,25,13.2,3.46699,0,126,72.8,20.9383,0,5,2.1,30.481,25,126,4,15,125,2,5,0,0,5,0,0,5,0,0,20,111,5,16,121,2,21,122,4,5,0,0,15,123,4
2928,5,25,13.2,3.46699,0,127,72.7,20.9671,0,5,2.1,30.481,25,123,4,15,127,2,5,0,0,5,0,0,5,0,0,20,105,5,16,124,2,21,124,4,5,0,0,15,124,4
2929,5,25,13.2,3.46699,0,123,69.4,20.6609,0,5,2.2,30.4495,25,115,4,15,113,3,5,0,0,5,0,0,5,0,0,20,106,5,16,117,2,21,123,4,5,0,0,15,120,4
2930,5,25,13.2,3.46699,0,128,69.7,20.7058,0,5,2.2,30.4495,25,115,4,15,116,3,5,0,0,5,0,0,5,0,0,20,106,5,16,128,2,21,115,4,5,0,0,15,117,4
2931,5,25,13.2,3.46699,0,127,69,20.6733,0,5,2.2,30.4495,25,115,4,15,108,3,5,0,0,5,0,0,5,0,0,20,105,5,16,127,2,21,113,4,5,0,0,15,122,4
2932,5,25,13.2,3.46699,0,133,70.4,20.8051,0,5,2.2,30.4495,25,123,4,15,111,3,5,0,0,5,0,0,5,0,0,20,115,5,16,133,2,21,110,4,5,0,0,15,112,4
2933,5,25,13.2,3.46699,0,125,68.5,20.6484,0,5,2.4,30.387,25,125,5,15,107,3,5,0,0,5,0,0,5,0,0,20,115,5,16,120,3,21,108,4,5,0,0,15,110,4
2934,5,25,13.2,3.46699,0,122,69.2,20.6311,0,5,2.3,30.4183,25,114,5,15,111,3,5,0,0,5,0,0,5,0,0,20,116,5,16,122,3,21,112,3,5,0,0,15,117,4
2935,5,25,13.2,3.46699,0,121,69,20.6083,0,5,2.3,30.4183,25,112,5,15,114,3,5,0,0,5,0,0,5,0,0,20,115,5,16,112,3,21,116,3,5,0,0,15,121,4
2936,5,25,13.2,3.46699,0,119,69.7,20.6702,0,5,2.3,30.4183,25,119,5,15,117,3,5,0,0,5,0,0,5,0,0,20,117,5,16,118,3,21,115,3,5,0,0,15,111,4
2937,5,25,13.2,3.46699,0,120,69.2,20.6191,0,6,2.5,30.3564,25,113,6,15,113,3,5,0,0,5,0,0,5,0,0,20,115,5,16,114,3,21,120,4,5,0,0,15,117,4
2938,5,25,13.2,3.46699,0,120,69.8,20.6673,0,5,2.3,30.4183,25,112,5,15,117,3,5,0,0,5,0,0,5,0,0,20,120,5,16,112,3,21,119,3,5,0,0,15,118,4
2939,5,25,13.2,3.46699,0,122,69.9,20.6818,0,6,2.4,30.3877,25,112,6,15,114,3,5,0,0,5,0,0,5,0,0,20,122,5,16,111,3,21,120,3,5,0,0,15,120,4
2940,5,25,13.2,3.46699,0,131,71.1,20.793,0,6,2.4,30.3877,25,113,6,15,114,3,5,0,0,5,0,0,5,0,0,20,117,5,16,113,3,21,123,3,5,0,0,15,131,4
2941,5,25,13.2,3.46699,0,121,69.5,20.6566,0,6,2.5,30.3564,25,113,6,15,118,3,5,0,0,5,0,0,5,0,0,20,121,5,16,115,4,21,110,3,5,0,0,15,118,4
2942,5,25,13.2,3.46699,0,129,72.4,20.9264,0,6,2.5,30.3564,25,114,6,15,124,3,5,0,0,5,0,0,5,0,0,20,129,5,16,127,4,21,112,3,5,0,0,15,118,4
2943,5,25,13.2,3.46699,0,135,72.7,20.9701,0,6,2.5,30.3564,25,113,6,15,124,3,5,0,0,5,0,0,5,0,0,20,135,5,16,122,4,21,114,3,5,0,0,15,119,4
2944,5,25,13.2,3.46699,0,123,69.9,20.7006,0,6,2.5,30.3564,25,109,6,15,119,3,5,0,0,5,0,0,5,0,0,20,123,5,16,121,4,21,111,3,5,0,0,15,116,4
2945,5,25,13.2,3.46699,0,121,69.4,20.6592,0,6,2.5,30.3564,25,113,6,15,118,3,5,0,0,5,0,0,5,0,0,20,121,5,16,119,4,21,109,3,5,0,0,15,114,4
2946,5,25,13.2,3.46699,0,128,71.6,20.8457,0,6,2.5,30.3564,25,122,6,15,110,3,5,0,0,5,0,0,5,0,0,20,124,5,16,128,4,21,115,3,5,0,0,15,117,4
2947,5,25,13.2,3.46699,0,127,71.6,20.8316,0,6,2.5,30.3564,25,119,6,15,116,3,5,0,0,5,0,0,5,0,0,20,124,5,16,127,4,21,112,3,5,0,0,15,118,4
2948,5,25,13.2,3.46699,0,127,72.3,20.8835,0,6,2.5,30.3564,25,124,6,15,113,3,5,0,0,5,0,0,5,0,0,20,122,5,16,127,4,21,118,3,5,0,0,15,119,4
2949,5,25,13.2,3.46699,0,125,72.6,20.8871,0,6,2.5,30.3564,25,122,6,15,116,3,5,0,0,5,0,0,5,0,0,20,118,5,16,121,4,21,124,3,5,0,0,15,125,4
2950,5,25,13.2,3.46699,0,129,73,20.9349,0,5,2.4,30.387,25,124,5,15,117,3,5,0,0,5,0,0,5,0,0,20,122,5,16,117,4,21,121,3,5,0,0,15,129,4
2951,5,25,13.2,3.46699,0,129,71.6,20.8789,0,5,2.4,30.387,25,129,5,15,113,3,5,0,0,5,0,0,5,0,0,20,115,5,16,119,4,21,129,3,5,0,0,15,111,4
2952,5,25,13.2,3.46699,0,126,70.4,20.7591,0,5,2.2,30.4494,25,126,5,15,112,3,5,0,0,5,0,0,5,0,0,20,120,5,16,114,3,21,122,3,5,0,0,15,110,3
2953,5,25,13.2,3.46699,0,122,70.3,20.7056,0,5,2.2,30.4494,25,116,5,15,110,3,5,0,0,5,0,0,5,0,0,20,120,5,16,115,3,21,122,3,5,0,0,15,120,3
2954,5,25,13.2,3.46699,0,124,70.4,20.7156,0,5,2.2,30.4494,25,113,5,15,111,3,5,0,0,5,0,0,5,0,0,20,119,5,16,124,3,21,117,3,5,0,0,15,120,3
2955,5,25,13.2,3.46699,0,120,69.2,20.6307,0,5,2.2,30.4494,25,109,5,15,110,3,5,0,0,5,0,0,5,0,0,20,120,5,16,117,3,21,116,3,5,0,0,15,120,3
2956,5,25,13.2,3.46699,0,124,69.2,20.6627,0,5,2.1,30.4809,25,104,5,15,112,2,5,0,0,5,0,0,5,0,0,20,124,5,16,115,3,21,121,3,5,0,0,15,116,3
2957,5,25,13.2,3.46699,0,120,70.1,20.6925,0,5,2,30.5124,25,109,5,15,119,2,5,0,0,5,0,0,5,0,0,20,119,5,16,120,2,21,117,3,5,0,0,15,117,3
2958,5,25,13.2,3.46699,0,120,69.3,20.6338,0,5,2,30.5124,25,111,5,15,115,2,5,0,0,5,0,0,5,0,0,20,120,5,16,116,2,21,112,3,5,0,0,15,119,3
2959,5,25,13.2,3.46699,0,120,67.3,20.5385,0,5,2,30.5124,25,106,5,15,107,2,5,0,0,5,0,0,5,0,0,20,115,5,16,107,2,21,120,3,5,0,0,15,118,3
2960,5,25,13.2,3.46699,0,122,67.9,20.5831,0,5,2,30.5124,25,105,5,15,108,2,5,0,0,5,0,0,5,0,0,20,118,5,16,107,2,21,119,3,5,0,0,15,122,3
2961,5,25,13.2,3.46699,0,120,67.4,20.5425,0,5,2,30.5124,25,103,5,15,106,2,5,0,0,5,0,0,5,0,0,20,115,5,16,116,2,21,114,3,5,0,0,15,120,3
2962,5,25,13.2,3.46699,0,121,68.1,20.59,0,5,2,30.5124,25,103,5,15,109,2,5,0,0,5,0,0,5,0,0,20,115,5,16,121,2,21,112,3,5,0,0,15,121,3
2963,5,25,13.2,3.46699,0,120,68.1,20.5808,0,5,2,30.5124,25,104,5,15,116,2,5,0,0,5,0,0,5,0,0,20,111,5,16,120,2,21,117,3,5,0,0,15,113,3
2964,5,25,13.2,3.46699,0,122,68.3,20.5934,0,5,2,30.5124,25,109,5,15,107,2,5,0,0,5,0,0,5,0,0,20,112,5,16,122,2,21,120,3,5,0,0,15,113,3
2965,5,25,13.2,3.46699,0,128,69.8,20.6997,0,5,2,30.5124,25,112,5,15,114,2,5,0,0,5,0,0,5,0,0,20,111,5,16,128,2,21,119,3,5,0,0,15,114,3
2966,5,25,13.2,3.46699,0,127,69.4,20.7143,0,5,2,30.5124,25,117,5,15,115,2,5,0,0,5,0,0,5,0,0,20,116,5,16,127,2,21,116,3,5,0,0,15,103,3
2967,5,25,13.2,3.46699,0,120,69.5,20.6761,0,5,2,30.5124,25,120,5,15,116,2,5,0,0,5,0,0,5,0,0,20,116,5,16,119,2,21,117,3,5,0,0,15,107,3
2968,5,25,13.2,3.46699,0,126,69.8,20.7133,0,5,2,30.5124,25,126,5,15,117,2,5,0,0,5,0,0,5,0,0,20,117,5,16,110,2,21,117,3,5,0,0,15,111,3
2969,5,25,13.2,3.46699,0,127,70.3,20.7526,0,5,1.9,30.5432,25,127,4,15,110,2,5,0,0,5,0,0,5,0,0,20,121,5,16,113,2,21,111,3,5,0,0,15,121,3
2970,5,25,13.2,3.46699,0,123,69.2,20.6852,0,5,1.9,30.5432,25,123,4,15,104,2,5,0,0,5,0,0,5,0,0,20,123,5,16,111,2,21,112,3,5,0,0,15,119,3
2971,5,25,13.2,3.46699,0,126,70.3,20.746,0,5,1.9,30.5432,25,124,4,15,109,2,5,0,0,5,0,0,5,0,0,20,118,5,16,116,2,21,110,3,5,0,0,15,126,3
2972,5,25,13.2,3.46699,0,131,71.8,20.8806,0,5,1.9,30.5432,25,125,4,15,115,2,5,0,0,5,0,0,5,0,0,20,122,5,16,116,2,21,109,3,5,0,0,15,131,3
2973,5,25,13.3,3.5,0,139,71.6,20.9118,0,5,2.1,30.4806,25,121,4,15,111,2,5,0,0,5,0,0,5,0,0,20,121,5,17,114,4,21,110,3,5,0,0,15,139,3
2974,5,25,13.3,3.5,0,134,72.6,21.0161,0,5,2.1,30.4806,25,130,4,15,115,2,5,0,0,5,0,0,5,0,0,20,125,5,17,117,4,21,105,3,5,0,0,15,134,3
2975,5,25,13.3,3.5,0,122,69.7,20.6798,0,5,2.1,30.4806,25,116,4,15,122,2,5,0,0,5,0,0,5,0,0,20,116,5,17,114,4,21,109,3,5,0,0,15,120,3
2976,5,25,13.3,3.5,0,123,70.4,20.7515,0,5,2.1,30.4806,25,123,4,15,121,2,5,0,0,5,0,0,5,0,0,20,117,5,17,109,4,21,111,3,5,0,0,15,123,3
2977,5,25,13.3,3.5,0,121,69.3,20.6553,0,5,2.1,30.4806,25,119,4,15,119,2,5,0,0,5,0,0,5,0,0,20,110,5,17,109,4,21,115,3,5,0,0,15,121,3
2978,5,25,13.3,3.5,0,127,70,20.7129,0,5,2.2,30.4494,25,121,4,15,114,2,5,0,0,5,0,0,5,0,0,20,115,5,17,109,4,21,114,4,5,0,0,15,127,3
2979,5,25,13.3,3.5,0,128,71.4,20.8199,0,5,2.2,30.4494,25,128,4,15,113,2,5,0,0,5,0,0,5,0,0,20,116,5,17,116,4,21,116,4,5,0,0,15,125,3
2980,5,25,13.3,3.5,0,122,69.5,20.686,0,5,2.2,30.4494,25,122,4,15,105,2,5,0,0,5,0,0,5,0,0,20,115,5,17,120,4,21,111,4,5,0,0,15,122,3
2981,5,25,13.3,3.5,0,125,68.5,20.6522,0,6,2.2,30.4501,25,117,4,15,103,2,5,0,0,5,0,0,5,0,0,20,107,6,17,123,4,21,110,3,5,0,0,15,125,3
2982,5,25,13.3,3.5,0,122,68.7,20.6138,0,6,2.2,30.4501,25,110,4,15,112,2,5,0,0,5,0,0,5,0,0,20,109,6,17,122,4,21,112,3,5,0,0,15,122,3
2983,5,25,13.3,3.5,0,120,68.1,20.5758,0,6,2.2,30.4501,25,111,4,15,115,2,5,0,0,5,0,0,5,0,0,20,109,6,17,120,4,21,108,3,5,0,0,15,118,3
2984,5,25,13.3,3.5,0,123,70.2,20.6993,0,6,2.2,30.4501,25,120,4,15,113,2,5,0,0,5,0,0,5,0,0,20,112,6,17,116,4,21,118,3,5,0,0,15,123,3
2985,5,25,13.3,3.5,0,125,72.2,20.8713,0,6,2.2,30.4501,25,125,4,15,120,2,5,0,0,5,0,0,5,0,0,20,112,6,17,119,4,21,121,3,5,0,0,15,125,3
2986,5,25,13.3,3.5,0,126,72.6,20.9271,0,6,2.2,30.4501,25,125,4,15,126,2,5,0,0,5,0,0,5,0,0,20,110,6,17,123,4,21,121,3,5,0,0,15,121,3
2987,5,25,13.3,3.5,0,129,73,20.9662,0,6,2.2,30.4501,25,129,4,15,122,2,5,0,0,5,0,0,5,0,0,20,111,6,17,122,4,21,125,3,5,0,0,15,121,3
2988,5,25,13.3,3.5,0,129,73.2,20.9721,0,6,2.2,30.4501,25,125,4,15,119,2,5,0,0,5,0,0,5,0,0,20,113,6,17,125,4,21,129,3,5,0,0,15,121,3
2989,5,25,13.3,3.5,0,129,72.9,20.9716,0,6,2.2,30.4501,25,125,4,15,117,2,5,0,0,5,0,0,5,0,0,20,108,6,17,126,4,21,129,3,5,0,0,15,124,3
2990,5,25,13.3,3.5,0,127,71.6,20.8382,0,6,2.2,30.4501,25,123,4,15,113,2,5,0,0,5,0,0,5,0,0,20,115,6,17,112,4,21,127,3,5,0,0,15,126,3
2991,5,25,13.3,3.5,0,124,71.5,20.7978,0,6,2.3,30.4189,25,121,4,15,115,2,5,0,0,5,0,0,5,0,0,20,117,6,17,115,4,21,123,3,5,0,0,15,124,4
2992,5,25,13.3,3.5,0,121,69.7,20.6733,0,6,2.3,30.4189,25,112,4,15,121,2,5,0,0,5,0,0,5,0,0,20,119,6,17,110,4,21,115,3,5,0,0,15,120,4
2993,5,25,13.3,3.5,0,122,69.8,20.6961,0,6,2.3,30.4189,25,112,4,15,122,2,5,0,0,5,0,0,5,0,0,20,120,6,17,107,4,21,119,3,5,0,0,15,118,4
2994,5,25,13.3,3.5,0,122,68.7,20.6235,0,6,2.3,30.4189,25,113,4,15,122,2,5,0,0,5,0,0,5,0,0,20,114,6,17,107,4,21,118,3,5,0,0,15,113,4
2995,5,25,13.3,3.5,0,123,68.8,20.6193,0,6,2.2,30.4505,25,110,4,15,123,2,5,0,0,5,0,0,5,0,0,20,112,6,17,113,4,21,113,2,5,0,0,15,117,4
2996,5,25,13.3,3.5,0,115,67.6,20.5291,0,6,2.2,30.4505,25,111,4,15,114,2,5,0,0,5,0,0,5,0,0,20,115,6,17,112,4,21,110,2,5,0,0,15,114,4
2997,5,25,13.3,3.5,0,115,66.9,20.5059,0,6,2.2,30.4505,25,105,4,15,113,2,5,0,0,5,0,0,5,0,0,20,115,6,17,115,4,21,108,2,5,0,0,15,113,4
2998,5,25,13.3,3.5,0,121,68.3,20.5997,0,6,2.2,30.4505,25,106,4,15,121,2,5,0,0,5,0,0,5,0,0,20,111,6,17,115,4,21,119,2,5,0,0,15,111,4
2999,5,25,13.3,3.5,0,125,69,20.6713,0,6,2.2,30.4505,25,112,4,15,125,2,5,0,0,5,0,0,5,0,0,20,114,6,17,113,4,21,120,2,5,0,0,15,106,4
3000,5,25,13.3,3.5,0,124,69.8,20.7016,0,6,2.2,30.4505,25,118,4,15,124,2,5,0,0,5,0,0,5,0,0,20,114,6,17,113,4,21,119,2,5,0,0,15,110,4
3001,5,25,13.3,3.5,0,126,70.4,20.7416,0,6,2.2,30.4505,25,117,4,15,126,2,5,0,0,5,0,0,5,0,0,20,117,6,17,118,4,21,111,2,5,0,0,15,115,4
3002,5,25,13.3,3.5,0,128,72.5,20.9049,0,6,2.2,30.4505,25,115,4,15,128,2,5,0,0,5,0,0,5,0,0,20,118,6,17,125,4,21,116,2,5,0,0,15,123,4
3003,5,25,13.3,3.5,0,129,71.2,20.8161,0,7,2.3,30.4202,25,117,4,15,122,2,5,0,0,5,0,0,5,0,0,20,111,7,17,129,4,21,112,2,5,0,0,15,121,4
3004,5,25,13.3,3.5,0,121,69.1,20.6212,0,7,2.3,30.4202,25,113,4,15,115,2,5,0,0,5,0,0,5,0,0,20,113,7,17,121,4,21,112,2,5,0,0,15,117,4
3005,5,25,13.3,3.5,0,117,68.2,20.5795,0,7,2.3,30.4202,25,110,4,15,117,2,5,0,0,5,0,0,5,0,0,20,116,7,17,114,4,21,117,2,5,0,0,15,108,4
3006,5,25,13.3,3.5,0,121,69.3,20.6476,0,7,2.3,30.4202,25,110,4,15,121,2,5,0,0,5,0,0,5,0,0,20,119,7,17,111,4,21,117,2,5,0,0,15,115,4
3007,5,25,13.3,3.5,0,125,71.1,20.7953,0,7,2.3,30.4202,25,110,4,15,125,2,5,0,0,5,0,0,5,0,0,20,124,7,17,114,4,21,121,2,5,0,0,15,117,4
3008,5,25,13.3,3.5,0,130,69.8,20.7536,0,7,2.3,30.4202,25,114,4,15,130,2,5,0,0,5,0,0,5,0,0,20,117,7,17,108,4,21,120,2,5,0,0,15,109,4
3009,5,25,13.3,3.5,0,122,69.2,20.6544,0,6,2.2,30.4505,25,111,4,15,122,2,5,0,0,5,0,0,5,0,0,20,117,6,17,108,4,21,120,2,5,0,0,15,114,4
3010,5,25,13.3,3.5,0,123,69.3,20.7102,0,6,2.2,30.4505,25,117,4,15,123,2,5,0,0,5,0,0,5,0,0,20,122,6,17,103,4,21,118,2,5,0,0,15,110,4
3011,5,25,13.3,3.5,0,117,67.2,20.5622,0,6,2.2,30.4505,25,117,4,15,115,2,5,0,0,5,0,0,5,0,0,20,115,6,17,105,4,21,116,2,5,0,0,15,104,4
3012,5,25,13.3,3.5,0,119,67.6,20.5694,0,6,2.2,30.4505,25,113,4,15,119,2,5,0,0,5,0,0,5,0,0,20,111,6,17,113,4,21,116,2,5,0,0,15,104,4
3013,5,25,13.3,3.5,0,121,70.4,20.7077,0,7,2.3,30.4202,25,111,4,15,116,2,5,0,0,5,0,0,5,0,0,20,117,7,17,121,4,21,121,2,5,0,0,15,118,4
3014,5,25,13.3,3.5,0,121,69.8,20.6748,0,7,2.4,30.3887,25,113,4,15,117,2,5,0,0,5,0,0,5,0,0,20,120,7,17,121,4,21,112,3,5,0,0,15,115,4
3015,5,25,13.3,3.5,0,131,70.6,20.7692,0,7,2.4,30.3887,25,115,4,15,114,2,5,0,0,5,0,0,5,0,0,20,116,7,17,131,4,21,111,3,5,0,0,15,119,4
3016,5,25,13.3,3.5,0,126,70.4,20.754,0,7,2.4,30.3887,25,120,4,15,118,2,5,0,0,5,0,0,5,0,0,20,118,7,17,126,4,21,108,3,5,0,0,15,114,4
3017,5,25,13.3,3.5,0,120,70,20.6883,0,7,2.4,30.3887,25,118,4,15,119,2,5,0,0,5,0,0,5,0,0,20,116,7,17,120,4,21,113,3,5,0,0,15,114,4
3018,5,25,13.3,3.5,0,126,70.9,20.803,0,8,2.5,30.3587,25,120,4,15,117,2,5,0,0,5,0,0,5,0,0,20,123,8,17,126,4,21,106,3,5,0,0,15,117,4
3019,5,25,13.3,3.5,0,128,70.8,20.7958,0,8,2.5,30.3587,25,128,4,15,117,2,5,0,0,5,0,0,5,0,0,20,117,8,17,122,4,21,109,3,5,0,0,15,115,4
3020,5,25,13.3,3.5,0,130,70.9,20.8128,0,8,2.5,30.3587,25,130,4,15,115,2,5,0,0,5,0,0,5,0,0,20,116,8,17,123,4,21,112,3,5,0,0,15,113,4
3021,5,25,13.3,3.5,0,128,70.6,20.8001,0,7,2.4,30.3887,25,124,4,15,120,2,5,0,0,5,0,0,5,0,0,20,113,7,17,128,4,21,108,3,5,0,0,15,113,4
3022,5,25,13.3,3.5,0,126,69.7,20.7519,0,7,2.4,30.3887,25,123,4,15,121,2,5,0,0,5,0,0,5,0,0,20,110,7,17,126,4,21,105,3,5,0,0,15,112,4
3023,5,25,13.3,3.5,0,129,70.9,20.8249,0,7,2.5,30.3577,25,125,4,15,129,2,5,0,0,5,0,0,5,0,0,20,112,7,17,118,5,21,112,3,5,0,0,15,113,4
3024,5,25,13.3,3.5,0,127,71.3,20.8136,0,6,2.4,30.388,25,116,4,15,127,2,5,0,0,5,0,0,5,0,0,20,124,6,17,114,5,21,116,3,5,0,0,15,116,4
3025,5,25,13.3,3.5,0,134,73.1,20.9893,0,5,2.3,30.4186,25,119,4,15,134,2,5,0,0,5,0,0,5,0,0,20,123,5,17,120,5,21,116,3,5,0,0,15,119,4
3026,5,25,13.3,3.5,0,129,73.3,21.001,0,6,2.4,30.388,25,113,4,15,125,2,5,0,0,5,0,0,5,0,0,20,128,6,17,125,5,21,113,3,5,0,0,15,129,4
3027,5,25,13.3,3.5,0,132,73.2,20.9803,0,6,2.4,30.388,25,119,4,15,119,2,5,0,0,5,0,0,5,0,0,20,129,6,17,117,5,21,116,3,5,0,0,15,132,4
3028,5,25,13.3,3.5,0,130,73.4,20.9878,0,6,2.4,30.388,25,118,4,15,122,2,5,0,0,5,0,0,5,0,0,20,128,6,17,121,5,21,115,3,5,0,0,15,130,4
3029,5,25,13.3,3.5,0,127,71.8,20.8539,0,6,2.4,30.388,25,112,4,15,113,2,5,0,0,5,0,0,5,0,0,20,127,6,17,127,5,21,116,3,5,0,0,15,123,4
3030,5,25,13.3,3.5,0,130,73.1,20.9615,0,6,2.4,30.388,25,115,4,15,118,2,5,0,0,5,0,0,5,0,0,20,129,6,17,122,5,21,117,3,5,0,0,15,130,4
3031,5,25,13.3,3.5,0,128,72.2,20.8647,0,6,2.4,30.388,25,117,4,15,116,2,5,0,0,5,0,0,5,0,0,20,123,6,17,128,5,21,118,3,5,0,0,15,120,4
3032,5,25,13.3,3.5,0,135,72,20.908,0,6,2.4,30.388,25,115,4,15,111,2,5,0,0,5,0,0,5,0,0,20,120,6,17,135,5,21,124,3,5,0,0,15,115,4
3033,5,25,13.3,3.5,0,129,70.4,20.8246,0,6,2.4,30.388,25,115,4,15,104,2,5,0,0,5,0,0,5,0,0,20,129,6,17,128,5,21,120,3,5,0,0,15,108,4
3034,5,25,13.3,3.5,0,124,68.7,20.6667,0,6,2.4,30.388,25,118,4,15,104,2,5,0,0,5,0,0,5,0,0,20,120,6,17,124,5,21,115,3,5,0,0,15,106,4
3035,5,25,13.3,3.5,0,129,71.2,20.8382,0,6,2.4,30.388,25,122,4,15,107,2,5,0,0,5,0,0,5,0,0,20,129,6,17,124,5,21,116,3,5,0,0,15,114,4
3036,5,25,13.3,3.5,0,131,71.2,20.8288,0,6,2.4,30.388,25,121,4,15,109,2,5,0,0,5,0,0,5,0,0,20,131,6,17,120,5,21,115,3,5,0,0,15,116,4
3037,5,25,13.3,3.5,0,123,70.6,20.7399,0,6,2.4,30.388,25,115,4,15,108,2,5,0,0,5,0,0,5,0,0,20,123,6,17,120,5,21,117,3,5,0,0,15,123,4
3038,5,25,13.3,3.5,0,125,70.6,20.7501,0,6,2.4,30.388,25,112,4,15,115,2,5,0,0,5,0,0,5,0,0,20,125,6,17,113,5,21,125,3,5,0,0,15,116,4
3039,5,25,13.3,3.5,0,122,69.7,20.6807,0,6,2.3,30.4192,25,105,3,15,112,2,5,0,0,5,0,0,5,0,0,20,119,6,17,118,5,21,122,3,5,0,0,15,121,4
3040,5,25,13.3,3.5,0,123,71.8,20.8254,0,6,2.3,30.4192,25,111,3,15,122,2,5,0,0,5,0,0,5,0,0,20,120,6,17,121,5,21,123,3,5,0,0,15,121,4
3041,5,25,13.3,3.5,0,124,71.1,20.7874,0,6,2.3,30.4192,25,111,3,15,124,2,5,0,0,5,0,0,5,0,0,20,122,6,17,112,5,21,122,3,5,0,0,15,120,4
3042,5,25,13.3,3.5,0,122,69.2,20.6527,0,6,2.3,30.4192,25,104,3,15,118,2,5,0,0,5,0,0,5,0,0,20,118,6,17,113,5,21,122,3,5,0,0,15,117,4
3043,5,25,13.3,3.5,0,119,68.5,20.5904,0,6,2.3,30.4192,25,107,3,15,119,2,5,0,0,5,0,0,5,0,0,20,115,6,17,114,5,21,116,3,5,0,0,15,114,4
3044,5,25,13.3,3.5,0,123,69.8,20.6813,0,6,2.3,30.4192,25,110,3,15,123,2,5,0,0,5,0,0,5,0,0,20,113,6,17,119,5,21,117,3,5,0,0,15,116,4
3045,5,25,13.3,3.5,0,125,70.6,20.7489,0,6,2.3,30.4192,25,112,3,15,125,2,5,0,0,5,0,0,5,0,0,20,120,6,17,113,5,21,114,3,5,0,0,15,122,4
3046,5,25,13.3,3.5,0,129,71.3,20.849,0,6,2.3,30.4192,25,112,3,15,129,2,5,0,0,5,0,0,5,0,0,20,125,6,17,112,5,21,111,3,5,0,0,15,124,4
3047,5,25,13.3,3.5,0,127,71.1,20.8234,0,6,2.3,30.4192,25,114,3,15,127,2,5,0,0,5,0,0,5,0,0,20,125,6,17,107,5,21,117,3,5,0,0,15,121,4
3048,5,25,13.3,3.5,0,123,70.3,20.7107,0,6,2.3,30.4192,25,111,3,15,118,2,5,0,0,5,0,0,5,0,0,20,122,6,17,114,5,21,115,3,5,0,0,15,123,4
3049,5,25,13.3,3.5,0,121,70.8,20.7363,0,6,2.3,30.4192,25,114,3,15,120,2,5,0,0,5,0,0,5,0,0,20,119,6,17,119,5,21,115,3,5,0,0,15,121,4
3050,5,25,13.3,3.5,0,123,71.9,20.8365,0,6,2.2,30.4501,25,113,3,15,123,2,5,0,0,5,0,0,5,0,0,20,121,6,17,123,4,21,116,3,5,0,0,15,123,4
3051,5,25,13.3,3.5,0,125,70.8,20.751,0,6,2.2,30.4501,25,119,3,15,116,2,5,0,0,5,0,0,5,0,0,20,118,6,17,125,4,21,114,3,5,0,0,15,116,4
3052,5,25,13.3,3.5,0,127,70.9,20.792,0,6,2.1,30.4816,25,121,2,15,127,2,5,0,0,5,0,0,5,0,0,20,117,6,17,118,4,21,110,3,5,0,0,15,116,4
3053,5,25,13.3,3.5,0,127,70.5,20.7693,0,6,2.1,30.4816,25,127,2,15,120,2,5,0,0,5,0,0,5,0,0,20,117,6,17,116,4,21,108,3,5,0,0,15,117,4
3054,5,25,13.3,3.5,0,119,69,20.6359,0,6,2.1,30.4816,25,118,2,15,118,2,5,0,0,5,0,0,5,0,0,20,119,6,17,114,4,21,110,3,5,0,0,15,111,4
3055,5,25,13.3,3.5,0,120,69.9,20.6968,0,6,2.1,30.4816,25,117,2,15,119,2,5,0,0,5,0,0,5,0,0,20,118,6,17,120,4,21,107,3,5,0,0,15,118,4
3056,5,25,13.3,3.5,0,122,69.4,20.6537,0,6,2.1,30.4816,25,109,2,15,111,2,5,0,0,5,0,0,5,0,0,20,120,6,17,120,4,21,112,3,5,0,0,15,122,4
3057,5,25,13.3,3.5,0,124,69.5,20.6825,0,6,2.1,30.4816,25,108,2,15,107,2,5,0,0,5,0,0,5,0,0,20,124,6,17,119,4,21,114,3,5,0,0,15,123,4
3058,5,25,13.3,3.5,0,126,69.3,20.697,0,6,2.1,30.4816,25,105,2,15,106,2,5,0,0,5,0,0,5,0,0,20,126,6,17,119,4,21,113,3,5,0,0,15,124,4
3059,5,25,13.3,3.5,0,121,68.8,20.6256,0,6,2.1,30.4816,25,115,2,15,113,2,5,0,0,5,0,0,5,0,0,20,120,6,17,113,4,21,106,3,5,0,0,15,121,4
3060,5,25,13.3,3.5,0,123,69.7,20.6838,0,6,2.2,30.4508,25,115,2,15,123,2,5,0,0,5,0,0,5,0,0,20,119,6,17,111,5,21,111,3,5,0,0,15,118,4
3061,5,25,13.4,3.52987,0,124,70.4,20.7383,0,6,2.1,30.4816,25,120,2,16,124,3,5,0,0,5,0,0,5,0,0,20,115,6,17,118,4,21,110,2,5,0,0,15,117,4
3062,5,25,13.4,3.52987,0,122,71,20.7609,0,6,2.1,30.4816,25,120,2,16,122,3,5,0,0,5,0,0,5,0,0,20,115,6,17,114,4,21,118,2,5,0,0,15,121,4
3063,5,25,13.4,3.52987,0,119,70.3,20.703,0,6,2.1,30.4816,25,119,2,16,118,3,5,0,0,5,0,0,5,0,0,20,118,6,17,112,4,21,117,2,5,0,0,15,119,4
3064,5,25,13.4,3.52987,0,121,71,20.7519,0,6,2.1,30.4816,25,121,2,16,117,3,5,0,0,5,0,0,5,0,0,20,115,6,17,119,4,21,117,2,5,0,0,15,121,4
3065,5,25,13.4,3.52987,0,123,70.2,20.6928,0,6,2.1,30.4816,25,115,2,16,114,3,5,0,0,5,0,0,5,0,0,20,120,6,17,115,4,21,115,2,5,0,0,15,123,4
3066,5,25,13.4,3.52987,0,126,70.5,20.7552,0,6,2.1,30.4816,25,126,2,16,110,3,5,0,0,5,0,0,5,0,0,20,120,6,17,117,4,21,111,2,5,0,0,15,121,4
3067,5,25,13.4,3.52987,0,124,69.7,20.7016,0,6,2.1,30.4816,25,121,2,16,109,3,5,0,0,5,0,0,5,0,0,20,118,6,17,124,4,21,108,2,5,0,0,15,117,4
3068,5,25,13.4,3.52987,0,130,69.8,20.7178,0,6,2.1,30.4816,25,117,2,16,111,3,5,0,0,5,0,0,5,0,0,20,115,6,17,130,4,21,111,2,5,0,0,15,114,4
3069,5,25,13.4,3.52987,0,128,71.2,20.8291,0,6,2.2,30.4508,25,122,2,16,113,3,5,0,0,5,0,0,5,0,0,20,121,6,17,128,5,21,107,2,5,0,0,15,121,4
3070,5,25,13.4,3.52987,0,131,71.5,20.9461,0,6,2.3,30.4196,25,127,2,16,104,4,5,0,0,5,0,0,5,0,0,20,128,6,17,131,5,21,107,2,5,0,0,15,118,4
3071,5,25,13.4,3.52987,0,127,72.4,20.9137,0,6,2.3,30.4196,25,126,2,16,113,4,5,0,0,5,0,0,5,0,0,20,122,6,17,127,5,21,112,2,5,0,0,15,124,4
3072,5,25,13.4,3.52987,0,127,71.2,20.8142,0,6,2.3,30.4196,25,122,2,16,115,4,5,0,0,5,0,0,5,0,0,20,115,6,17,127,5,21,109,2,5,0,0,15,124,4
3073,5,25,13.4,3.52987,0,129,71.3,20.8062,0,6,2.2,30.4508,25,116,2,16,111,3,5,0,0,5,0,0,5,0,0,20,117,6,17,129,5,21,116,2,5,0,0,15,124,4
3074,5,25,13.4,3.52987,0,124,70,20.7031,0,6,2.1,30.4816,25,114,2,16,108,3,5,0,0,5,0,0,5,0,0,20,122,6,17,124,4,21,115,2,5,0,0,15,117,4
3075,5,25,13.4,3.52987,0,127,71.3,20.8006,0,6,2.1,30.4816,25,112,2,16,111,3,5,0,0,5,0,0,5,0,0,20,122,6,17,127,4,21,119,2,5,0,0,15,122,4
3076,5,25,13.4,3.52987,0,133,73,20.9774,0,6,2.1,30.4816,25,110,2,16,115,3,5,0,0,5,0,0,5,0,0,20,123,6,17,133,4,21,126,2,5,0,0,15,123,4
3077,5,25,13.4,3.52987,0,126,71.2,20.7914,0,5,2,30.5121,25,111,2,16,117,3,5,0,0,5,0,0,5,0,0,20,122,5,17,126,4,21,121,2,5,0,0,15,115,4
3078,5,25,13.4,3.52987,0,128,71.8,20.8351,0,5,2,30.5121,25,116,2,16,116,3,5,0,0,5,0,0,5,0,0,20,120,5,17,128,4,21,122,2,5,0,0,15,116,4
3079,5,25,13.4,3.52987,0,126,70.7,20.7629,0,5,2,30.5121,25,111,2,16,114,3,5,0,0,5,0,0,5,0,0,20,126,5,17,123,4,21,120,2,5,0,0,15,113,4
3080,5,25,13.4,3.52987,0,124,69.5,20.7126,0,5,2,30.5121,25,102,2,16,115,3,5,0,0,5,0,0,5,0,0,20,124,5,17,123,4,21,120,2,5,0,0,15,111,4
3081,5,25,13.4,3.52987,0,129,70.5,20.8042,0,5,2.2,30.4495,25,105,2,16,112,4,5,0,0,5,0,0,5,0,0,20,128,5,17,129,4,21,112,3,5,0,0,15,119,4
3082,5,25,13.4,3.52987,0,132,71.7,20.903,0,5,2.2,30.4501,25,109,2,16,114,4,5,0,0,5,0,0,5,0,0,20,130,5,17,132,5,21,112,2,5,0,0,15,120,4
3083,5,25,13.4,3.52987,0,134,73.1,20.9818,0,5,2.2,30.4501,25,117,2,16,116,4,5,0,0,5,0,0,5,0,0,20,126,5,17,134,5,21,116,2,5,0,0,15,122,4
3084,5,25,13.4,3.52987,0,134,70.5,20.7999,0,5,2.2,30.4501,25,117,2,16,114,4,5,0,0,5,0,0,5,0,0,20,117,5,17,134,5,21,113,2,5,0,0,15,110,4
3085,5,25,13.4,3.52987,0,127,68.9,20.6836,0,5,2.2,30.4501,25,116,2,16,106,4,5,0,0,5,0,0,5,0,0,20,116,5,17,127,5,21,119,2,5,0,0,15,105,4
3086,5,25,13.4,3.52987,0,123,67.9,20.6225,0,5,2.1,30.481,25,114,2,16,103,4,5,0,0,5,0,0,5,0,0,20,110,5,17,123,4,21,123,2,5,0,0,15,106,4
3087,5,25,13.4,3.52987,0,125,68.2,20.6395,0,5,2,30.5121,25,116,2,16,104,3,5,0,0,5,0,0,5,0,0,20,116,5,17,117,4,21,125,2,5,0,0,15,104,4
3088,5,25,13.4,3.52987,0,127,68.5,20.6271,0,5,2,30.5121,25,111,2,16,110,3,5,0,0,5,0,0,5,0,0,20,116,5,17,113,4,21,127,2,5,0,0,15,108,4
3089,5,25,13.4,3.52987,0,120,69.2,20.6309,0,5,2,30.5121,25,117,2,16,114,3,5,0,0,5,0,0,5,0,0,20,111,5,17,117,4,21,120,2,5,0,0,15,113,4
3090,5,25,13.4,3.52987,0,124,70.3,20.7374,0,5,2,30.5121,25,124,2,16,118,3,5,0,0,5,0,0,5,0,0,20,111,5,17,114,4,21,123,2,5,0,0,15,113,4
3091,5,25,13.4,3.52987,0,127,69.2,20.694,0,5,2.1,30.481,25,127,2,16,115,4,5,0,0,5,0,0,5,0,0,20,112,5,17,107,4,21,120,2,5,0,0,15,111,4
3092,5,25,13.4,3.52987,0,127,71,20.8395,0,5,2,30.5121,25,127,2,16,118,3,5,0,0,5,0,0,5,0,0,20,110,5,17,106,4,21,127,2,5,0,0,15,122,4
3093,5,25,13.4,3.52987,0,136,72.2,20.9512,0,5,2,30.5121,25,125,2,16,121,3,5,0,0,5,0,0,5,0,0,20,114,5,17,112,4,21,136,2,5,0,0,15,114,4
3094,5,25,13.4,3.52987,0,125,69.7,20.6878,0,5,2,30.5121,25,114,2,16,120,3,5,0,0,5,0,0,5,0,0,20,115,5,17,111,4,21,125,2,5,0,0,15,112,4
3095,5,26,13.5,3.58748,0,126,72.2,20.8816,0,5,2.1,30.4807,26,122,3,16,126,3,5,0,0,5,0,0,5,0,0,20,119,5,17,120,4,21,122,2,5,0,0,15,113,4
3096,5,26,13.5,3.58748,0,126,72.9,20.9391,0,5,2.1,30.4807,26,126,3,16,123,3,5,0,0,5,0,0,5,0,0,20,123,5,17,122,4,21,120,2,5,0,0,15,115,4
3097,5,26,13.6,3.63043,0,127,71.5,20.8259,0,6,2.1,30.4816,26,114,3,16,120,2,5,0,0,5,0,0,5,0,0,21,127,6,17,117,4,21,124,2,5,0,0,15,113,4
3098,5,26,13.6,3.63043,0,135,73.1,21.0295,0,6,2.1,30.4816,26,115,3,16,135,2,5,0,0,5,0,0,5,0,0,21,125,6,17,127,4,21,114,2,5,0,0,15,115,4
3099,5,26,13.6,3.63043,0,135,73.1,21.0457,0,6,2.1,30.4816,26,122,3,16,135,2,5,0,0,5,0,0,5,0,0,21,124,6,17,126,4,21,112,2,5,0,0,15,112,4
3100,5,26,13.6,3.63043,0,125,71.7,20.8604,0,6,2.1,30.4816,26,118,3,16,124,2,5,0,0,5,0,0,5,0,0,21,125,6,17,123,4,21,118,2,5,0,0,15,109,4
3101,5,26,13.6,3.63043,0,126,72.4,20.9403,0,5,2,30.5121,26,124,3,16,122,2,5,0,0,5,0,0,5,0,0,21,126,5,17,124,4,21,121,2,5,0,0,15,107,4
3102,5,26,13.6,3.63043,0,128,72.7,20.9668,0,5,2.1,30.481,26,128,4,16,125,2,5,0,0,5,0,0,5,0,0,21,125,5,17,122,4,21,117,2,5,0,0,15,110,4
3103,5,26,13.6,3.63043,0,130,73.1,20.9962,0,5,2.1,30.481,26,126,4,16,130,2,5,0,0,5,0,0,5,0,0,21,112,5,17,125,4,21,122,2,5,0,0,15,116,4
3104,5,26,13.6,3.63043,0,133,72.7,20.9906,0,5,2.1,30.481,26,127,4,16,125,2,5,0,0,5,0,0,5,0,0,21,116,5,17,115,4,21,133,2,5,0,0,15,111,4
3105,5,26,13.6,3.63043,0,128,71.2,20.8334,0,5,2.1,30.481,26,120,5,16,124,2,5,0,0,5,0,0,5,0,0,21,118,4,17,113,4,21,128,2,5,0,0,15,109,4
3106,5,26,13.6,3.63043,0,129,72,20.9262,0,5,2.1,30.481,26,126,5,16,129,2,5,0,0,5,0,0,5,0,0,21,114,4,17,112,4,21,127,2,5,0,0,15,112,4
3107,5,26,13.6,3.63043,0,132,71.2,20.9371,0,5,2.1,30.481,26,131,5,16,132,2,5,0,0,5,0,0,5,0,0,21,119,4,17,105,4,21,112,2,5,0,0,15,113,4
3108,5,26,13.6,3.63043,0,135,72.7,21.0854,0,5,2.1,30.481,26,135,5,16,132,2,5,0,0,5,0,0,5,0,0,21,122,4,17,102,4,21,118,2,5,0,0,15,118,4
3109,5,26,13.6,3.63043,0,132,71.9,20.9899,0,5,2.3,30.4183,26,132,5,16,120,4,5,0,0,5,0,0,5,0,0,21,132,4,17,104,4,21,119,2,5,0,0,15,112,4
3110,5,26,13.6,3.63043,0,125,71.9,20.8593,0,4,2.2,30.4491,26,121,4,16,125,4,5,0,0,5,0,0,5,0,0,21,125,4,17,112,4,21,118,2,5,0,0,15,118,4
3111,5,26,13.6,3.63043,0,122,70.1,20.7228,0,4,2.2,30.4491,26,122,4,16,121,4,5,0,0,5,0,0,5,0,0,21,116,4,17,118,4,21,115,2,5,0,0,15,109,4
3112,5,26,13.6,3.63043,0,120,68.7,20.6192,0,4,2.2,30.4491,26,120,4,16,115,4,5,0,0,5,0,0,5,0,0,21,117,4,17,109,4,21,116,2,5,0,0,15,110,4
3113,5,26,13.6,3.63043,0,123,70.2,20.7093,0,4,2.2,30.4491,26,119,4,16,114,4,5,0,0,5,0,0,5,0,0,21,123,4,17,111,4,21,119,2,5,0,0,15,116,4
3114,5,26,13.6,3.63043,0,125,70.3,20.7184,0,4,2.1,30.4803,26,111,4,16,117,3,5,0,0,5,0,0,5,0,0,21,125,4,17,115,4,21,120,2,5,0,0,15,115,4
3115,5,26,13.6,3.63043,0,128,72.4,20.886,0,4,2.1,30.4803,26,115,4,16,117,3,5,0,0,5,0,0,5,0,0,21,128,4,17,117,4,21,125,2,5,0,0,15,122,4
3116,5,26,13.6,3.63043,0,127,72.4,20.9121,0,5,2.2,30.4495,26,109,5,16,126,3,5,0,0,5,0,0,5,0,0,21,127,4,17,116,4,21,123,2,5,0,0,15,123,4
3117,5,26,13.6,3.63043,0,130,72.5,20.9264,0,5,2.2,30.4495,26,111,5,16,125,3,5,0,0,5,0,0,5,0,0,21,130,4,17,114,4,21,122,2,5,0,0,15,123,4
3118,5,26,13.6,3.63043,0,123,71.4,20.7854,0,5,2.2,30.4495,26,115,4,16,123,3,5,0,0,5,0,0,5,0,0,21,118,5,17,119,4,21,120,2,5,0,0,15,119,4
3119,5,26,13.6,3.63043,0,122,71.3,20.7815,0,5,2.2,30.4495,26,117,4,16,121,3,5,0,0,5,0,0,5,0,0,21,122,5,17,116,4,21,115,2,5,0,0,15,122,4
3120,5,26,13.6,3.63043,0,123,71.6,20.8019,0,4,2.1,30.4803,26,117,4,16,120,3,5,0,0,5,0,0,5,0,0,21,123,4,17,120,4,21,116,2,5,0,0,15,120,4
3121,5,26,13.6,3.63043,0,126,71.3,20.7963,0,4,2.1,30.4803,26,113,4,16,126,3,5,0,0,5,0,0,5,0,0,21,119,4,17,121,4,21,117,2,5,0,0,15,117,4
3122,5,26,13.6,3.63043,0,128,70.8,20.7811,0,4,2,30.5115,26,110,3,16,118,3,5,0,0,5,0,0,5,0,0,21,128,4,17,123,4,21,113,2,5,0,0,15,116,4
3123,5,26,13.6,3.63043,0,121,70,20.692,0,4,2,30.5114,26,107,4,16,117,3,5,0,0,5,0,0,5,0,0,21,121,4,17,120,4,21,117,2,5,0,0,15,118,3
3124,5,26,13.6,3.63043,0,121,69.2,20.6429,0,4,2,30.5114,26,107,4,16,117,3,5,0,0,5,0,0,5,0,0,21,121,4,17,119,4,21,113,2,5,0,0,15,115,3
3125,5,26,13.6,3.63043,0,122,69.3,20.666,0,4,1.9,30.5425,26,119,3,16,122,3,5,0,0,5,0,0,5,0,0,21,114,4,17,117,4,21,110,2,5,0,0,15,111,3
3126,5,26,13.6,3.63043,0,121,70,20.6856,0,4,1.9,30.5425,26,112,3,16,118,3,5,0,0,5,0,0,5,0,0,21,121,4,17,117,4,21,112,2,5,0,0,15,120,3
3127,5,26,13.6,3.63043,0,127,69.2,20.6956,0,4,1.9,30.5425,26,105,3,16,122,3,5,0,0,5,0,0,5,0,0,21,127,4,17,114,4,21,111,2,5,0,0,15,113,3
3128,5,26,13.6,3.63043,0,135,72.6,20.9649,0,4,1.9,30.5425,26,112,3,16,126,3,5,0,0,5,0,0,5,0,0,21,135,4,17,116,4,21,118,2,5,0,0,15,119,3
3129,5,26,13.6,3.63043,0,134,71.1,20.8358,0,4,1.9,30.5425,26,111,3,16,119,3,5,0,0,5,0,0,5,0,0,21,134,4,17,118,4,21,115,2,5,0,0,15,114,3
3130,5,26,13.6,3.63043,0,127,70.6,20.7463,0,4,1.9,30.5425,26,114,3,16,114,3,5,0,0,5,0,0,5,0,0,21,127,4,17,113,4,21,121,2,5,0,0,15,117,3
3131,5,26,13.6,3.63043,0,124,68.8,20.6405,0,4,1.8,30.5736,26,124,3,16,105,3,5,0,0,5,0,0,5,0,0,21,116,4,17,111,3,21,115,2,5,0,0,15,117,3
3132,5,26,13.6,3.63043,0,131,70.6,20.8095,0,4,1.7,30.6053,26,131,3,16,109,3,5,0,0,5,0,0,5,0,0,21,116,4,17,124,3,21,111,1,5,0,0,15,115,3
3133,5,26,13.6,3.63043,0,135,72.3,20.9607,0,4,1.7,30.6053,26,135,3,16,110,3,5,0,0,5,0,0,5,0,0,21,114,4,17,121,3,21,115,1,5,0,0,15,128,3
3134,5,26,13.7,3.66197,0,127,72.5,20.9111,0,10,2.3,30.4258,26,127,3,17,113,10,5,0,0,5,0,0,5,0,0,21,114,4,17,124,2,21,120,1,5,0,0,15,127,3
3135,5,26,13.7,3.66197,0,128,72.9,20.9368,0,9,2.2,30.455,26,126,3,17,116,9,5,0,0,5,0,0,5,0,0,21,114,4,17,123,2,21,122,1,5,0,0,15,128,3
3136,5,26,13.7,3.66197,0,134,73,20.9624,0,9,2.2,30.455,26,119,3,17,114,9,5,0,0,5,0,0,5,0,0,21,118,4,17,127,2,21,118,1,5,0,0,15,134,3
3137,5,26,13.7,3.66197,0,123,70.4,20.7124,0,9,2.2,30.455,26,113,3,17,115,9,5,0,0,5,0,0,5,0,0,21,123,4,17,116,2,21,115,1,5,0,0,15,122,3
3138,5,26,13.7,3.66197,0,122,70,20.6848,0,9,2.2,30.455,26,113,3,17,115,9,5,0,0,5,0,0,5,0,0,21,122,4,17,113,2,21,115,1,5,0,0,15,122,3
3139,5,26,13.7,3.66197,0,126,70.6,20.7435,0,9,2.2,30.455,26,117,3,17,116,9,5,0,0,5,0,0,5,0,0,21,126,4,17,117,2,21,117,1,5,0,0,15,113,3
3140,5,26,13.7,3.66197,0,126,71.8,20.8311,0,9,2.2,30.455,26,116,3,17,114,9,5,0,0,5,0,0,5,0,0,21,125,4,17,117,2,21,126,1,5,0,0,15,120,3
3141,5,26,13.7,3.66197,0,128,72.4,20.8962,0,9,2.2,30.455,26,119,3,17,112,9,5,0,0,5,0,0,5,0,0,21,126,4,17,116,2,21,128,1,5,0,0,15,123,3
3142,5,26,13.7,3.66197,0,120,70.1,20.6935,0,9,2.2,30.455,26,119,3,17,111,9,5,0,0,5,0,0,5,0,0,21,119,4,17,112,2,21,120,1,5,0,0,15,120,3
3143,5,26,13.7,3.66197,0,126,70.6,20.7368,0,9,2.2,30.455,26,119,3,17,115,9,5,0,0,5,0,0,5,0,0,21,116,4,17,114,2,21,126,1,5,0,0,15,116,3
3144,5,26,13.7,3.66197,0,125,68.9,20.6778,0,9,2.2,30.455,26,120,3,17,108,9,5,0,0,5,0,0,5,0,0,21,116,4,17,116,2,21,125,1,5,0,0,15,104,3
3145,5,26,13.7,3.66197,0,126,68.6,20.667,0,9,2.2,30.455,26,111,3,17,105,9,5,0,0,5,0,0,5,0,0,21,118,4,17,121,2,21,126,1,5,0,0,15,105,3
3146,5,26,13.7,3.66197,0,117,67.3,20.522,0,9,2.3,30.4238,26,110,4,17,106,9,5,0,0,5,0,0,5,0,0,21,113,4,17,117,2,21,116,1,5,0,0,15,111,3
3147,5,26,13.7,3.66197,0,119,68.2,20.5852,0,9,2.3,30.4238,26,119,4,17,106,9,5,0,0,5,0,0,5,0,0,21,116,4,17,113,2,21,117,1,5,0,0,15,111,3
3148,5,26,13.7,3.66197,0,119,67,20.5648,0,9,2.3,30.4238,26,118,4,17,103,9,5,0,0,5,0,0,5,0,0,21,119,4,17,116,2,21,110,1,5,0,0,15,104,3
3149,5,26,13.7,3.66197,0,124,69.1,20.7032,0,9,2.3,30.4238,26,124,4,17,103,9,5,0,0,5,0,0,5,0,0,21,123,4,17,120,2,21,110,1,5,0,0,15,111,3
3150,5,26,13.7,3.66197,0,122,70.8,20.7567,0,9,2.4,30.3929,26,122,5,17,118,9,5,0,0,5,0,0,5,0,0,21,118,4,17,120,2,21,110,1,5,0,0,15,120,3
3151,5,26,13.7,3.66197,0,126,71.9,20.8276,0,9,2.3,30.4238,26,120,4,17,117,9,5,0,0,5,0,0,5,0,0,21,120,4,17,120,2,21,116,1,5,0,0,15,126,3
3152,5,26,13.7,3.66197,0,128,71,20.7908,0,8,2.2,30.4533,26,124,4,17,113,8,5,0,0,5,0,0,5,0,0,21,117,4,17,117,2,21,111,1,5,0,0,15,128,3
3153,5,26,13.7,3.66197,0,126,72.3,20.8734,0,8,2.1,30.4845,26,126,3,17,116,8,5,0,0,5,0,0,5,0,0,21,120,4,17,116,2,21,123,1,5,0,0,15,122,3
3154,5,26,13.7,3.66197,0,123,70,20.7033,0,7,2,30.5144,26,123,3,17,112,7,5,0,0,5,0,0,5,0,0,21,110,4,17,114,2,21,118,1,5,0,0,15,123,3
3155,5,26,13.7,3.66197,0,122,68.6,20.6132,0,7,2.1,30.4832,26,119,4,17,113,7,5,0,0,5,0,0,5,0,0,21,106,4,17,114,2,21,112,1,5,0,0,15,122,3
3156,5,26,13.7,3.66197,0,127,70.5,20.7388,0,8,2.2,30.4533,26,119,4,17,113,8,5,0,0,5,0,0,5,0,0,21,109,4,17,118,2,21,119,1,5,0,0,15,127,3
3157,5,26,13.7,3.66197,0,126,71.4,20.8151,0,8,2.2,30.4533,26,122,4,17,119,8,5,0,0,5,0,0,5,0,0,21,109,4,17,122,2,21,116,1,5,0,0,15,126,3
3158,5,26,13.7,3.66197,0,130,71.4,20.8269,0,8,2.2,30.4533,26,123,4,17,112,8,5,0,0,5,0,0,5,0,0,21,113,4,17,122,2,21,114,1,5,0,0,15,130,3
3159,5,26,13.7,3.66197,0,129,71.6,20.8352,0,8,2.2,30.4533,26,129,4,17,113,8,5,0,0,5,0,0,5,0,0,21,116,4,17,118,2,21,117,1,5,0,0,15,123,3
3160,5,26,13.7,3.66197,0,126,72.7,20.9069,0,8,2.2,30.4533,26,120,4,17,117,8,5,0,0,5,0,0,5,0,0,21,122,4,17,126,2,21,125,1,5,0,0,15,117,3
3161,5,26,13.7,3.66197,0,127,71.7,20.8479,0,8,2.2,30.4533,26,121,4,17,109,8,5,0,0,5,0,0,5,0,0,21,122,4,17,123,2,21,127,1,5,0,0,15,115,3
3162,5,26,13.7,3.66197,0,121,71,20.7544,0,8,2.2,30.4533,26,120,4,17,113,8,5,0,0,5,0,0,5,0,0,21,119,4,17,120,2,21,121,1,5,0,0,15,117,3
3163,5,26,13.7,3.66197,0,125,71.3,20.8018,0,8,2.2,30.4533,26,125,4,17,110,8,5,0,0,5,0,0,5,0,0,21,122,4,17,119,2,21,116,1,5,0,0,15,121,3
3164,5,26,13.7,3.66197,0,129,70.7,20.7843,0,8,2.2,30.4533,26,129,4,17,107,8,5,0,0,5,0,0,5,0,0,21,117,4,17,118,2,21,119,1,5,0,0,15,117,3
3165,5,26,13.7,3.66197,0,126,68.1,20.6229,0,8,2.3,30.4225,26,126,5,17,108,8,5,0,0,5,0,0,5,0,0,21,115,4,17,108,2,21,115,1,5,0,0,15,109,3
3166,5,26,13.7,3.66197,0,122,67.2,20.5467,0,7,2.2,30.4524,26,122,5,17,110,7,5,0,0,5,0,0,5,0,0,21,111,4,17,107,2,21,111,1,5,0,0,15,111,3
3167,5,26,13.7,3.66197,0,123,67.8,20.5854,0,7,2.2,30.4524,26,123,5,17,112,7,5,0,0,5,0,0,5,0,0,21,111,4,17,110,2,21,106,1,5,0,0,15,116,3
3168,5,26,13.7,3.66197,0,124,67.7,20.582,0,8,2.2,30.4533,26,124,4,17,109,8,5,0,0,5,0,0,5,0,0,21,109,4,17,107,2,21,113,1,5,0,0,15,115,3
3169,5,26,13.7,3.66197,0,124,68.3,20.6063,0,8,2.3,30.4225,26,124,5,17,112,8,5,0,0,5,0,0,5,0,0,21,109,4,17,110,2,21,112,1,5,0,0,15,116,3
3170,5,26,13.7,3.66197,0,129,70.6,20.7843,0,8,2.3,30.4225,26,129,5,17,121,8,5,0,0,5,0,0,5,0,0,21,110,4,17,116,2,21,113,1,5,0,0,15,117,3
3171,5,26,13.7,3.66197,0,129,73,20.9563,0,8,2.3,30.4225,26,129,5,17,122,8,5,0,0,5,0,0,5,0,0,21,119,4,17,123,2,21,114,1,5,0,0,15,123,3
3172,5,26,13.7,3.66197,0,132,72.9,20.995,0,8,2.3,30.4225,26,117,5,17,132,8,5,0,0,5,0,0,5,0,0,21,117,4,17,130,2,21,111,1,5,0,0,15,122,3
3173,5,26,13.7,3.66197,0,124,69.4,20.6682,0,8,2.3,30.4225,26,110,5,17,119,8,5,0,0,5,0,0,5,0,0,21,113,4,17,124,2,21,109,1,5,0,0,15,119,3
3174,5,26,13.7,3.66197,0,122,70.2,20.7086,0,8,2.3,30.4225,26,112,5,17,122,8,5,0,0,5,0,0,5,0,0,21,121,4,17,118,2,21,114,1,5,0,0,15,115,3
3175,5,26,13.7,3.66197,0,122,71.3,20.781,0,8,2.3,30.4225,26,113,5,17,121,8,5,0,0,5,0,0,5,0,0,21,121,4,17,122,2,21,118,1,5,0,0,15,118,3
3176,5,26,13.7,3.66197,0,121,70.2,20.6976,0,8,2.3,30.4225,26,117,5,17,118,8,5,0,0,5,0,0,5,0,0,21,115,4,17,111,2,21,120,1,5,0,0,15,121,3
3177,5,26,13.7,3.66197,0,123,71.2,20.7667,0,8,2.3,30.4225,26,118,5,17,114,8,5,0,0,5,0,0,5,0,0,21,121,4,17,116,2,21,120,1,5,0,0,15,123,3
3178,5,26,13.7,3.66197,0,122,70.8,20.7616,0,8,2.3,30.4225,26,122,5,17,116,8,5,0,0,5,0,0,5,0,0,21,122,4,17,109,2,21,119,1,5,0,0,15,120,3
3179,5,26,13.7,3.66197,0,127,70.4,20.748,0,8,2.3,30.4225,26,127,5,17,118,8,5,0,0,5,0,0,5,0,0,21,115,4,17,113,2,21,118,1,5,0,0,15,113,3
3180,5,26,13.7,3.66197,0,121,71.1,20.7714,0,8,2.3,30.4225,26,120,5,17,121,8,5,0,0,5,0,0,5,0,0,21,114,4,17,120,2,21,121,1,5,0,0,15,115,3
3181,5,26,13.7,3.66197,0,120,71.2,20.765,0,8,2.3,30.4225,26,119,5,17,120,8,5,0,0,5,0,0,5,0,0,21,118,4,17,116,2,21,119,1,5,0,0,15,120,3
3182,5,26,13.7,3.66197,0,122,71,20.7642,0,8,2.3,30.4225,26,122,5,17,117,8,5,0,0,5,0,0,5,0,0,21,122,4,17,118,2,21,115,1,5,0,0,15,116,3
3183,5,26,13.7,3.66197,0,125,72.6,20.8951,0,8,2.3,30.4225,26,121,5,17,119,8,5,0,0,5,0,0,5,0,0,21,125,4,17,120,2,21,124,1,5,0,0,15,117,3
3184,5,26,13.7,3.66197,0,123,71.4,20.7877,0,8,2.3,30.4225,26,118,5,17,117,8,5,0,0,5,0,0,5,0,0,21,122,4,17,118,2,21,123,1,5,0,0,15,116,3
3185,5,26,13.7,3.66197,0,127,71.5,20.8012,0,8,2.3,30.4225,26,114,5,17,115,8,5,0,0,5,0,0,5,0,0,21,115,4,17,122,2,21,122,1,5,0,0,15,127,3
3186,5,26,13.7,3.66197,0,126,70.5,20.7392,0,8,2.3,30.4225,26,112,5,17,108,8,5,0,0,5,0,0,5,0,0,21,117,4,17,123,2,21,119,1,5,0,0,15,126,3
3187,5,26,13.7,3.66197,0,124,71.5,20.7945,0,8,2.3,30.4225,26,114,5,17,115,8,5,0,0,5,0,0,5,0,0,21,121,4,17,124,2,21,121,1,5,0,0,15,120,3
3188,5,26,13.7,3.66197,0,124,72.6,20.8935,0,8,2.4,30.3919,26,124,6,17,116,8,5,0,0,5,0,0,5,0,0,21,121,4,17,124,2,21,122,1,5,0,0,15,119,3
3189,5,26,13.7,3.66197,0,126,71.9,20.8371,0,8,2.2,30.4533,26,121,4,17,117,8,5,0,0,5,0,0,5,0,0,21,120,4,17,126,2,21,115,1,5,0,0,15,120,3
3190,5,26,13.7,3.66197,0,127,72.1,20.8661,0,7,2.1,30.4832,26,127,4,17,116,7,5,0,0,5,0,0,5,0,0,21,120,4,17,118,2,21,115,1,5,0,0,15,125,3
3191,5,26,13.7,3.66197,0,129,73.5,20.9998,0,7,2.1,30.4832,26,123,4,17,122,7,5,0,0,5,0,0,5,0,0,21,129,4,17,117,2,21,116,1,5,0,0,15,128,3
3192,5,26,13.7,3.66197,0,132,73.3,21.0369,0,7,2.1,30.4832,26,130,4,17,112,7,5,0,0,5,0,0,5,0,0,21,132,4,17,115,2,21,116,1,5,0,0,15,128,3
3193,5,26,13.7,3.66197,0,128,71.8,20.8349,0,7,2.1,30.4832,26,114,4,17,117,7,5,0,0,5,0,0,5,0,0,21,128,4,17,122,2,21,118,1,5,0,0,15,119,3
3194,5,26,13.7,3.66197,0,126,69.5,20.7037,0,7,2.2,30.4524,26,121,5,17,116,7,5,0,0,5,0,0,5,0,0,21,126,4,17,111,2,21,109,1,5,0,0,15,112,3
3195,5,26,13.7,3.66197,0,117,68.4,20.5735,0,7,2.2,30.4524,26,115,5,17,110,7,5,0,0,5,0,0,5,0,0,21,117,4,17,113,2,21,115,1,5,0,0,15,114,3
3196,5,26,13.7,3.66197,0,118,68.5,20.5832,0,7,2.2,30.4524,26,115,5,17,110,7,5,0,0,5,0,0,5,0,0,21,118,4,17,115,2,21,111,1,5,0,0,15,116,3
3197,5,26,13.7,3.66197,0,122,69.3,20.6558,0,7,2.3,30.4215,26,122,5,17,112,7,5,0,0,5,0,0,5,0,0,21,116,5,17,119,2,21,113,1,5,0,0,15,111,3
3198,5,26,13.7,3.66197,0,125,71,20.7883,0,7,2.3,30.4215,26,125,5,17,109,7,5,0,0,5,0,0,5,0,0,21,124,5,17,116,2,21,116,1,5,0,0,15,120,3
3199,5,26,13.7,3.66197,0,131,72.1,20.9005,0,7,2.3,30.4215,26,131,5,17,115,7,5,0,0,5,0,0,5,0,0,21,120,5,17,113,2,21,125,1,5,0,0,15,117,3
3200,5,26,13.7,3.66197,0,128,72,20.873,0,7,2.3,30.4215,26,127,5,17,113,7,5,0,0,5,0,0,5,0,0,21,115,5,17,117,2,21,128,1,5,0,0,15,120,3
3201,5,26,13.7,3.66197,0,133,74.4,21.1031,0,7,2.3,30.4215,26,128,5,17,125,7,5,0,0,5,0,0,5,0,0,21,116,5,17,119,2,21,133,1,5,0,0,15,123,3
3202,5,26,13.7,3.66197,0,129,73.7,21.0286,0,6,2.2,30.4517,26,129,5,17,123,6,5,0,0,5,0,0,5,0,0,21,118,5,17,114,2,21,128,1,5,0,0,15,125,3
3203,5,26,13.7,3.66197,0,128,72,20.9013,0,6,2.2,30.4517,26,126,5,17,124,6,5,0,0,5,0,0,5,0,0,21,114,5,17,117,2,21,128,1,5,0,0,15,111,3
3204,5,26,13.7,3.66197,0,129,71.4,20.8222,0,5,2.1,30.4822,26,129,5,17,115,5,5,0,0,5,0,0,5,0,0,21,115,5,17,115,2,21,122,1,5,0,0,15,118,3
3205,5,26,13.7,3.66197,0,131,71.6,20.8484,0,5,2.1,30.4822,26,131,5,17,112,5,5,0,0,5,0,0,5,0,0,21,118,5,17,116,2,21,119,1,5,0,0,15,120,3
3206,5,26,13.7,3.66197,0,127,72,20.8506,0,5,2.1,30.4822,26,127,5,17,118,5,5,0,0,5,0,0,5,0,0,21,119,5,17,116,2,21,119,1,5,0,0,15,121,3
3207,5,26,13.7,3.66197,0,131,72.4,20.9071,0,5,2,30.5131,26,123,4,17,117,5,5,0,0,5,0,0,5,0,0,21,131,5,17,117,2,21,119,1,5,0,0,15,117,3
3208,5,26,13.7,3.66197,0,129,72,20.8668,0,5,2,30.5131,26,119,4,17,114,5,5,0,0,5,0,0,5,0,0,21,129,5,17,113,2,21,124,1,5,0,0,15,121,3
3209,5,26,13.7,3.66197,0,129,70.4,20.7629,0,5,2,30.5131,26,116,4,17,112,5,5,0,0,5,0,0,5,0,0,21,129,5,17,110,2,21,123,1,5,0,0,15,114,3
3210,5,26,13.7,3.66197,0,130,68.9,20.6859,0,5,2,30.5131,26,114,4,17,110,5,5,0,0,5,0,0,5,0,0,21,130,5,17,105,2,21,117,1,5,0,0,15,113,3
3211,5,26,13.7,3.66197,0,123,69,20.6371,0,5,1.9,30.5438,26,115,4,17,107,4,5,0,0,5,0,0,5,0,0,21,123,5,17,112,2,21,119,1,5,0,0,15,114,3
3212,5,26,13.7,3.66197,0,129,70.2,20.81,0,5,1.8,30.5749,26,119,3,17,106,4,5,0,0,5,0,0,5,0,0,21,129,5,17,113,2,21,128,1,5,0,0,15,107,3
3213,5,26,13.7,3.66197,0,132,70.6,20.8765,0,5,1.8,30.5749,26,116,3,17,109,4,5,0,0,5,0,0,5,0,0,21,130,5,17,116,2,21,132,1,5,0,0,15,103,3
3214,5,26,13.7,3.66197,0,132,70.4,20.8161,0,5,1.8,30.5749,26,118,3,17,112,4,5,0,0,5,0,0,5,0,0,21,125,5,17,110,2,21,132,1,5,0,0,15,107,3
3215,5,26,13.7,3.66197,0,125,69.7,20.6824,0,5,1.8,30.5749,26,116,3,17,115,4,5,0,0,5,0,0,5,0,0,21,118,5,17,111,2,21,125,1,5,0,0,15,112,3
3216,5,26,13.7,3.66197,0,127,70,20.8194,0,5,1.8,30.5749,26,126,3,17,119,4,5,0,0,5,0,0,5,0,0,21,119,5,17,100,2,21,127,1,5,0,0,15,109,3
3217,5,26,13.7,3.66197,0,123,69.6,20.7801,0,5,1.8,30.5749,26,121,3,17,120,4,5,0,0,5,0,0,5,0,0,21,118,5,17,95,2,21,123,1,5,0,0,15,119,3
3218,5,26,13.7,3.66197,0,126,71.7,20.8662,0,6,1.9,30.5445,26,120,3,17,126,4,5,0,0,5,0,0,5,0,0,21,119,6,17,106,2,21,124,1,5,0,0,15,122,3
3219,5,26,13.7,3.66197,0,128,71.5,20.8249,0,6,1.8,30.5758,26,120,3,17,116,4,5,0,0,5,0,0,5,0,0,21,122,6,17,109,2,21,120,1,5,0,0,15,128,2
3220,5,26,13.7,3.66197,0,127,69.9,20.7152,0,6,1.8,30.5758,26,114,3,17,116,4,5,0,0,5,0,0,5,0,0,21,116,6,17,105,2,21,121,1,5,0,0,15,127,2
3221,5,26,13.7,3.66197,0,130,70,20.7663,0,6,1.8,30.5758,26,113,3,17,123,4,5,0,0,5,0,0,5,0,0,21,112,6,17,103,2,21,119,1,5,0,0,15,130,2
3222,5,26,13.7,3.66197,0,131,70.5,20.8201,0,6,1.9,30.5448,26,110,4,17,131,4,5,0,0,5,0,0,5,0,0,21,117,6,17,108,2,21,111,1,5,0,0,15,128,2
3223,5,26,13.7,3.66197,0,125,69.2,20.6965,0,6,1.9,30.5448,26,109,4,17,125,4,5,0,0,5,0,0,5,0,0,21,119,6,17,113,2,21,104,1,5,0,0,15,122,2
3224,5,26,13.7,3.66197,0,124,70.2,20.7489,0,6,1.9,30.5448,26,122,4,17,124,4,5,0,0,5,0,0,5,0,0,21,121,6,17,111,2,21,113,1,5,0,0,15,111,2
3225,5,26,13.7,3.66197,0,122,70,20.7681,0,6,1.9,30.5448,26,122,4,17,117,4,5,0,0,5,0,0,5,0,0,21,121,6,17,120,2,21,119,1,5,0,0,15,101,2
3226,5,26,13.7,3.66197,0,128,70.8,20.8226,0,6,1.9,30.5448,26,119,4,17,115,4,5,0,0,5,0,0,5,0,0,21,128,6,17,121,2,21,121,1,5,0,0,15,104,2
3227,5,26,13.7,3.66197,0,130,72.1,20.9608,0,6,1.9,30.5448,26,124,4,17,113,4,5,0,0,5,0,0,5,0,0,21,130,6,17,128,2,21,121,1,5,0,0,15,105,2
3228,5,26,13.7,3.66197,0,128,71.1,20.8638,0,6,1.9,30.5448,26,124,4,17,110,4,5,0,0,5,0,0,5,0,0,21,128,6,17,123,2,21,121,1,5,0,0,15,105,2
3229,5,26,13.7,3.66197,0,129,73.6,21.0238,0,6,1.9,30.5448,26,122,4,17,114,4,5,0,0,5,0,0,5,0,0,21,128,6,17,129,2,21,127,1,5,0,0,15,116,2
3230,5,26,13.7,3.66197,0,127,73.1,20.9639,0,6,1.9,30.5448,26,125,4,17,118,4,5,0,0,5,0,0,5,0,0,21,119,6,17,127,2,21,127,1,5,0,0,15,115,2
3231,5,26,13.7,3.66197,0,125,69.4,20.6759,0,5,1.8,30.5752,26,118,4,17,114,4,5,0,0,5,0,0,5,0,0,21,107,5,17,118,2,21,125,1,5,0,0,15,112,2
3232,5,26,13.7,3.66197,0,124,69.3,20.6679,0,5,1.7,30.6062,26,119,4,17,116,3,5,0,0,5,0,0,5,0,0,21,107,5,17,115,2,21,124,1,5,0,0,15,112,2
3233,5,26,13.7,3.66197,0,123,68.8,20.6455,0,5,1.7,30.6062,26,114,4,17,116,3,5,0,0,5,0,0,5,0,0,21,105,5,17,123,2,21,120,1,5,0,0,15,110,2
3234,5,26,13.7,3.66197,0,123,70,20.7647,0,5,1.6,30.6373,26,123,3,17,121,3,5,0,0,5,0,0,5,0,0,21,104,5,17,123,2,21,120,1,5,0,0,15,109,2
3235,5,26,13.7,3.66197,0,125,70.2,20.7564,0,5,1.6,30.6373,26,116,3,17,122,3,5,0,0,5,0,0,5,0,0,21,106,5,17,125,2,21,122,1,5,0,0,15,111,2
3236,5,26,13.7,3.66197,0,123,70.3,20.7194,0,5,1.7,30.6056,26,114,3,17,123,3,5,0,0,5,0,0,5,0,0,21,109,5,17,118,2,21,119,2,5,0,0,15,120,2
3237,5,26,13.7,3.66197,0,120,68.5,20.6035,0,5,1.7,30.6056,26,111,3,17,120,3,5,0,0,5,0,0,5,0,0,21,110,5,17,120,2,21,112,2,5,0,0,15,112,2
3238,5,26,13.7,3.66197,0,120,69.5,20.6522,0,5,1.7,30.6056,26,111,3,17,120,3,5,0,0,5,0,0,5,0,0,21,112,5,17,120,2,21,115,2,5,0,0,15,117,2
3239,5,26,13.7,3.66197,0,121,69.8,20.6618,0,5,1.7,30.6056,26,115,3,17,115,3,5,0,0,5,0,0,5,0,0,21,114,5,17,121,2,21,115,2,5,0,0,15,118,2
3240,5,26,13.7,3.66197,0,120,70.4,20.7164,0,5,1.7,30.6056,26,120,3,17,116,3,5,0,0,5,0,0,5,0,0,21,119,5,17,118,2,21,111,2,5,0,0,15,120,2
3241,5,26,13.7,3.66197,0,126,71.3,20.8299,0,5,1.7,30.6056,26,126,3,17,125,3,5,0,0,5,0,0,5,0,0,21,112,5,17,114,2,21,113,2,5,0,0,15,123,2
3242,5,26,13.7,3.66197,0,132,71.1,20.8617,0,5,1.6,30.6373,26,126,3,17,120,3,5,0,0,5,0,0,5,0,0,21,116,5,17,110,2,21,107,1,5,0,0,15,132,2
3243,5,26,13.7,3.66197,0,125,69.6,20.7466,0,5,1.6,30.6373,26,123,3,17,124,3,5,0,0,5,0,0,5,0,0,21,109,5,17,105,2,21,110,1,5,0,0,15,125,2
3244,5,26,13.7,3.66197,0,128,70.8,20.7973,0,5,1.6,30.6373,26,128,3,17,121,3,5,0,0,5,0,0,5,0,0,21,109,5,17,119,2,21,112,1,5,0,0,15,119,2
3245,5,26,13.7,3.66197,0,124,72.1,20.8524,0,5,1.6,30.6373,26,121,3,17,124,3,5,0,0,5,0,0,5,0,0,21,114,5,17,119,2,21,120,1,5,0,0,15,123,2
3246,5,26,13.7,3.66197,0,122,70,20.6897,0,5,1.5,30.6689,26,116,3,17,119,3,5,0,0,5,0,0,5,0,0,21,112,5,17,122,1,21,117,1,5,0,0,15,114,2
3247,5,26,13.7,3.66197,0,123,70,20.6941,0,5,1.5,30.6689,26,115,3,17,120,3,5,0,0,5,0,0,5,0,0,21,114,5,17,118,1,21,110,1,5,0,0,15,123,2
3248,5,26,13.7,3.66197,0,119,70.4,20.704,0,5,1.5,30.6689,26,116,3,17,117,3,5,0,0,5,0,0,5,0,0,21,119,5,17,119,1,21,114,1,5,0,0,15,119,2
3249,5,26,13.7,3.66197,0,128,71.7,20.8502,0,5,1.5,30.6689,26,115,3,17,121,3,5,0,0,5,0,0,5,0,0,21,128,5,17,124,1,21,116,1,5,0,0,15,113,2
3250,5,26,13.7,3.66197,0,139,73,21.0443,0,5,1.5,30.6689,26,120,3,17,117,3,5,0,0,5,0,0,5,0,0,21,139,5,17,127,1,21,114,1,5,0,0,15,113,2
3251,5,26,13.7,3.66197,0,125,70,20.6927,0,5,1.5,30.6689,26,112,3,17,112,3,5,0,0,5,0,0,5,0,0,21,125,5,17,118,1,21,116,1,5,0,0,15,117,2
3252,5,26,13.7,3.66197,0,126,70.9,20.7629,0,5,1.4,30.7002,26,115,2,17,117,3,5,0,0,5,0,0,5,0,0,21,126,5,17,116,1,21,113,1,5,0,0,15,122,2
3253,5,26,13.7,3.66197,0,123,70.6,20.7451,0,5,1.4,30.7002,26,117,2,17,111,3,5,0,0,5,0,0,5,0,0,21,123,5,17,121,1,21,111,1,5,0,0,15,123,2
3254,5,26,13.7,3.66197,0,124,71.1,20.7855,0,5,1.4,30.7002,26,120,2,17,108,3,5,0,0,5,0,0,5,0,0,21,124,5,17,120,1,21,116,1,5,0,0,15,123,2
3255,5,26,13.7,3.66197,0,124,71.8,20.8167,0,5,1.4,30.7002,26,119,2,17,116,3,5,0,0,5,0,0,5,0,0,21,124,5,17,118,1,21,119,1,5,0,0,15,122,2
3256,5,26,13.7,3.66197,0,124,71.5,20.7981,0,5,1.5,30.6689,26,124,3,17,116,3,5,0,0,5,0,0,5,0,0,21,117,5,17,117,1,21,121,1,5,0,0,15,120,2
3257,5,26,13.7,3.66197,0,123,70.3,20.7468,0,5,1.5,30.6689,26,123,3,17,123,3,5,0,0,5,0,0,5,0,0,21,109,5,17,117,1,21,119,1,5,0,0,15,112,2
3258,5,26,13.7,3.66197,0,126,69,20.6869,0,5,1.5,30.6689,26,121,3,17,126,3,5,0,0,5,0,0,5,0,0,21,107,5,17,114,1,21,112,1,5,0,0,15,110,2
3259,5,26,13.7,3.66197,0,122,67.5,20.5708,0,5,1.5,30.6689,26,115,3,17,122,3,5,0,0,5,0,0,5,0,0,21,109,5,17,109,1,21,106,1,5,0,0,15,114,2
3260,5,26,13.7,3.66197,0,124,70.8,20.7861,0,5,1.5,30.6689,26,122,3,17,124,3,5,0,0,5,0,0,5,0,0,21,123,5,17,113,1,21,114,1,5,0,0,15,112,2
3261,5,26,13.7,3.66197,0,130,72.6,20.9722,0,5,1.5,30.6689,26,130,3,17,130,3,5,0,0,5,0,0,5,0,0,21,120,5,17,113,1,21,113,1,5,0,0,15,120,2
3262,5,26,13.7,3.66197,0,132,73.4,21.0689,0,5,1.5,30.6689,26,131,3,17,132,3,5,0,0,5,0,0,5,0,0,21,126,5,17,113,1,21,113,1,5,0,0,15,119,2
3263,5,26,13.7,3.66197,0,132,72.7,20.9825,0,5,1.5,30.6689,26,127,3,17,132,3,5,0,0,5,0,0,5,0,0,21,122,5,17,110,1,21,116,1,5,0,0,15,120,2
3264,5,26,13.7,3.66197,0,124,71.2,20.8032,0,5,1.5,30.6689,26,124,3,17,123,3,5,0,0,5,0,0,5,0,0,21,120,5,17,112,1,21,113,1,5,0,0,15,120,2
3265,5,26,13.7,3.66197,0,123,70.9,20.7668,0,5,1.5,30.6689,26,116,3,17,121,3,5,0,0,5,0,0,5,0,0,21,123,5,17,115,1,21,111,1,5,0,0,15,123,2
3266,5,26,13.7,3.66197,0,131,72.4,20.8958,0,5,1.5,30.6689,26,115,3,17,117,3,5,0,0,5,0,0,5,0,0,21,126,5,17,116,1,21,119,1,5,0,0,15,131,2
3267,5,26,13.7,3.66197,0,128,71.1,20.7724,0,5,1.5,30.6689,26,116,3,17,118,3,5,0,0,5,0,0,5,0,0,21,119,5,17,115,1,21,115,1,5,0,0,15,128,2
3268,5,26,13.7,3.66197,0,124,69.4,20.6424,0,5,1.5,30.6689,26,115,3,17,114,3,5,0,0,5,0,0,5,0,0,21,111,5,17,115,1,21,115,1,5,0,0,15,124,2
3269,5,26,13.7,3.66197,0,125,69,20.634,0,5,1.5,30.6689,26,114,3,17,108,3,5,0,0,5,0,0,5,0,0,21,114,5,17,116,1,21,125,1,5,0,0,15,113,2
3270,5,26,13.8,3.69594,0,122,69.6,20.6814,0,5,1.7,30.6072,26,119,3,18,112,5,5,0,0,5,0,0,5,0,0,21,117,5,17,118,1,21,122,1,5,0,0,15,108,2
3271,5,26,13.8,3.69594,0,122,69.9,20.6978,0,5,1.7,30.6072,26,120,3,18,116,5,5,0,0,5,0,0,5,0,0,21,115,5,17,117,1,21,122,1,5,0,0,15,109,2
3272,5,26,13.8,3.69594,0,123,69.3,20.6496,0,5,1.7,30.6072,26,112,3,18,113,5,5,0,0,5,0,0,5,0,0,21,111,5,17,123,1,21,121,1,5,0,0,15,113,2
3273,5,26,13.8,3.69594,0,121,68.7,20.6228,0,6,1.8,30.5768,26,117,3,18,111,6,5,0,0,5,0,0,5,0,0,21,113,5,17,118,1,21,121,1,5,0,0,15,107,2
3274,5,26,13.8,3.69594,0,128,70.4,20.7562,0,5,1.7,30.6072,26,117,3,18,112,5,5,0,0,5,0,0,5,0,0,21,114,5,17,123,1,21,128,1,5,0,0,15,110,2
3275,5,26,13.8,3.69594,0,129,70.9,20.7657,0,5,1.7,30.6072,26,114,3,18,113,5,5,0,0,5,0,0,5,0,0,21,115,5,17,118,1,21,129,1,5,0,0,15,120,2
3276,5,26,13.8,3.69594,0,126,72.3,20.8617,0,5,1.7,30.6072,26,120,3,18,116,5,5,0,0,5,0,0,5,0,0,21,121,5,17,118,1,21,126,1,5,0,0,15,122,2
3277,5,26,13.8,3.69594,0,126,71.2,20.7773,0,5,1.7,30.6072,26,115,3,18,117,5,5,0,0,5,0,0,5,0,0,21,115,5,17,115,1,21,124,1,5,0,0,15,126,2
3278,5,26,13.8,3.69594,0,121,70,20.6849,0,5,1.7,30.6072,26,110,3,18,117,5,5,0,0,5,0,0,5,0,0,21,121,5,17,113,1,21,119,1,5,0,0,15,120,2
3279,5,26,13.8,3.69594,0,128,71.5,20.8304,0,5,1.7,30.6072,26,109,3,18,119,5,5,0,0,5,0,0,5,0,0,21,123,5,17,113,1,21,128,1,5,0,0,15,123,2
3280,5,26,13.8,3.69594,0,132,71.5,20.8365,0,5,1.7,30.6072,26,113,3,18,118,5,5,0,0,5,0,0,5,0,0,21,120,5,17,112,1,21,132,1,5,0,0,15,120,2
3281,5,26,13.9,3.74032,0,132,70.9,20.8149,0,6,1.7,30.6076,26,117,3,18,108,4,5,0,0,5,0,0,5,0,0,22,123,6,17,111,1,21,132,1,5,0,0,15,118,2
3282,5,26,13.9,3.74032,0,133,71.5,20.8378,0,5,1.6,30.6379,26,116,3,18,114,4,5,0,0,5,0,0,5,0,0,22,119,5,17,113,1,21,133,1,5,0,0,15,120,2
3283,5,26,13.9,3.74032,0,127,71.4,20.8314,0,5,1.6,30.6379,26,115,3,18,117,4,5,0,0,5,0,0,5,0,0,22,123,5,17,107,1,21,125,1,5,0,0,15,127,2
3284,5,26,13.9,3.74032,0,128,73,20.9623,0,5,1.6,30.6379,26,120,3,18,128,4,5,0,0,5,0,0,5,0,0,22,121,5,17,111,1,21,126,1,5,0,0,15,124,2
3285,5,26,13.9,3.74032,0,127,72.9,20.9477,0,5,1.6,30.6379,26,127,3,18,122,4,5,0,0,5,0,0,5,0,0,22,118,5,17,112,1,21,124,1,5,0,0,15,126,2
3286,5,26,13.9,3.74032,0,128,73.6,21.0136,0,5,1.7,30.6072,26,128,3,18,124,5,5,0,0,5,0,0,5,0,0,22,120,5,17,113,1,21,125,1,5,0,0,15,126,2
3287,5,26,13.9,3.74032,0,131,72.5,20.9221,0,5,1.7,30.6072,26,127,3,18,120,5,5,0,0,5,0,0,5,0,0,22,116,5,17,115,1,21,116,1,5,0,0,15,131,2
3288,5,26,14,3.78418,0,130,71.2,20.7951,0,5,2,30.513,26,114,4,18,120,5,5,0,0,5,0,0,5,0,0,22,114,5,17,120,1,22,114,3,5,0,0,15,130,2
3289,5,26,14,3.78418,0,123,70.6,20.7346,0,5,1.9,30.5438,26,114,4,18,120,4,5,0,0,5,0,0,5,0,0,22,113,5,17,121,1,22,123,3,5,0,0,15,115,2
3290,5,26,14,3.78418,0,125,70.5,20.7516,0,5,1.9,30.5438,26,114,4,18,123,4,5,0,0,5,0,0,5,0,0,22,114,5,17,125,1,22,118,3,5,0,0,15,111,2
3291,5,26,14,3.78418,0,128,70.2,20.7397,0,5,1.9,30.5438,26,113,4,18,128,4,5,0,0,5,0,0,5,0,0,22,111,5,17,120,1,22,116,3,5,0,0,15,114,2
3292,5,26,14.1,3.81182,0,131,71.4,20.8593,0,5,2.1,30.4816,26,119,5,18,131,4,5,0,0,5,0,0,5,0,0,22,109,5,17,123,1,22,113,3,5,0,0,16,119,3
3293,5,26,14.1,3.81182,0,130,71.6,20.8964,0,5,2,30.5124,26,130,4,18,125,4,5,0,0,5,0,0,5,0,0,22,105,5,17,119,1,22,115,3,5,0,0,16,122,3
3294,5,26,14.1,3.81182,0,128,69.5,20.7212,0,5,2,30.5127,26,128,5,18,114,3,5,0,0,5,0,0,5,0,0,22,108,5,17,114,1,22,108,3,5,0,0,16,123,3
3295,5,26,14.1,3.81182,0,122,68.8,20.6327,0,7,2.4,30.3902,26,122,6,18,112,3,5,0,0,5,0,0,5,0,0,22,110,7,17,113,1,22,109,4,5,0,0,16,122,3
3296,5,26,14.1,3.81182,0,125,69,20.6481,0,7,2.4,30.3902,26,119,6,18,116,3,5,0,0,5,0,0,5,0,0,22,111,7,17,110,1,22,109,4,5,0,0,16,125,3
3297,5,26,14.1,3.81182,0,118,67.7,20.5831,0,7,2.5,30.359,26,115,6,18,118,3,5,0,0,5,0,0,5,0,0,22,115,7,17,113,1,22,101,4,5,0,0,16,115,4
3298,5,26,14.1,3.81182,0,123,68.9,20.6495,0,7,2.4,30.3896,26,123,5,18,117,3,5,0,0,5,0,0,5,0,0,22,116,7,17,114,1,22,107,4,5,0,0,16,112,4
3299,5,26,14.1,3.81182,0,124,69.9,20.6886,0,7,2.4,30.3896,26,112,5,18,118,3,5,0,0,5,0,0,5,0,0,22,124,7,17,113,1,22,113,4,5,0,0,16,119,4
3300,5,26,14.1,3.81182,0,128,70.3,20.7469,0,7,2.4,30.3896,26,108,5,18,111,3,5,0,0,5,0,0,5,0,0,22,128,7,17,114,1,22,123,4,5,0,0,16,119,4
3301,5,26,14.1,3.81182,0,128,70.9,20.8041,0,5,2.2,30.4505,26,118,5,18,118,3,5,0,0,5,0,0,5,0,0,22,128,5,17,107,1,22,123,4,5,0,0,16,115,4
3302,5,26,14.1,3.81182,0,123,70.6,20.7677,0,5,2.2,30.4505,26,118,5,18,121,3,5,0,0,5,0,0,5,0,0,22,123,5,17,111,1,22,123,4,5,0,0,16,110,4
3303,5,26,14.1,3.81182,0,126,71.8,20.9086,0,5,2.2,30.4505,26,126,5,18,125,3,5,0,0,5,0,0,5,0,0,22,125,5,17,108,1,22,123,4,5,0,0,16,111,4
3304,5,26,14.2,3.84448,0,129,71.6,20.9159,0,7,2.8,30.2637,26,129,5,18,125,3,5,0,0,5,0,0,5,0,0,22,120,7,18,110,5,22,125,4,5,0,0,16,107,4
3305,5,26,14.2,3.84448,0,127,71,20.8049,0,7,2.8,30.2634,26,121,4,18,118,4,5,0,0,5,0,0,5,0,0,22,122,7,18,108,5,22,127,4,5,0,0,16,114,4
3306,5,26,14.2,3.84448,0,124,70.9,20.7797,0,7,2.7,30.2947,26,118,4,18,122,4,5,0,0,5,0,0,5,0,0,22,120,7,18,115,5,22,124,3,5,0,0,16,110,4
3307,5,26,14.2,3.84448,0,123,70.9,20.7683,0,7,2.5,30.3574,26,122,4,18,121,4,5,0,0,5,0,0,5,0,0,22,115,7,18,113,4,22,123,2,5,0,0,16,115,4
3308,5,26,14.2,3.84448,0,126,69.4,20.6747,0,7,2.4,30.3887,26,126,4,18,113,4,5,0,0,5,0,0,5,0,0,22,113,7,18,111,3,22,113,2,5,0,0,16,118,4
3309,5,26,14.3,3.88973,0,127,70.7,20.7671,0,11,3.2,30.1465,26,127,3,18,115,4,5,0,0,5,0,0,5,0,0,22,112,7,18,112,3,23,120,11,5,0,0,16,121,4
3310,5,26,14.3,3.88973,0,129,71.4,20.7969,0,11,3.2,30.1465,26,118,3,18,118,4,5,0,0,5,0,0,5,0,0,22,117,7,18,116,3,23,116,11,5,0,0,16,129,4
3311,5,26,14.3,3.88973,0,127,72.7,20.9176,0,11,3.2,30.1465,26,115,3,18,125,4,5,0,0,5,0,0,5,0,0,22,127,7,18,123,3,23,118,11,5,0,0,16,119,4
3312,5,26,14.3,3.88973,0,134,73.5,21.0283,0,10,3,30.2075,26,117,3,18,126,4,5,0,0,5,0,0,5,0,0,22,134,7,18,123,2,23,115,10,5,0,0,16,120,4
3313,5,26,14.3,3.88973,0,132,71.9,20.888,0,9,3,30.2051,26,109,3,18,124,4,5,0,0,5,0,0,5,0,0,22,132,7,18,117,3,23,118,9,5,0,0,16,119,4
3314,5,26,14.3,3.88973,0,127,70.1,20.7425,0,9,2.8,30.2673,26,110,3,18,122,4,5,0,0,5,0,0,5,0,0,22,122,6,18,111,2,23,109,9,5,0,0,16,127,4
3315,5,26,14.3,3.88973,0,131,70.7,20.8173,0,9,2.8,30.2673,26,105,3,18,120,4,5,0,0,5,0,0,5,0,0,22,126,6,18,110,2,23,115,9,5,0,0,16,131,4
3316,5,27,14.4,3.94462,0,123,70.9,20.7661,0,9,3.1,30.174,27,110,6,18,123,4,5,0,0,5,0,0,5,0,0,22,122,6,18,116,2,23,115,9,5,0,0,16,123,4
3317,5,27,14.4,3.94462,0,126,72,20.8556,0,10,3.2,30.1445,27,126,6,18,121,4,5,0,0,5,0,0,5,0,0,22,120,6,18,114,2,23,117,10,5,0,0,16,122,4
3318,5,27,14.4,3.94462,0,124,71.1,20.7805,0,9,3.2,30.1422,27,124,6,18,122,4,5,0,0,5,0,0,5,0,0,22,115,6,18,117,3,23,115,9,5,0,0,16,118,4
3319,5,27,14.4,3.94462,0,125,70.3,20.7565,0,9,3.4,30.0805,27,125,7,18,124,4,5,0,0,5,0,0,5,0,0,22,117,6,18,112,3,23,112,9,5,0,0,16,113,5
3320,5,27,14.4,3.94462,0,123,70.3,20.7305,0,9,3.3,30.1116,27,123,7,18,121,4,5,0,0,5,0,0,5,0,0,22,117,6,18,113,3,23,117,9,5,0,0,16,112,4
3321,5,27,14.4,3.94462,0,121,69.2,20.6509,0,9,3.2,30.1422,27,117,6,18,121,4,5,0,0,5,0,0,5,0,0,22,111,6,18,111,3,23,120,9,5,0,0,16,112,4
3322,5,27,14.4,3.94462,0,128,69.7,20.7706,0,9,3.2,30.1422,27,119,6,18,128,4,5,0,0,5,0,0,5,0,0,22,116,6,18,108,3,23,122,9,5,0,0,16,104,4
3323,5,27,14.4,3.94462,0,126,71.6,20.8694,0,8,3.1,30.172,27,124,6,18,123,4,5,0,0,5,0,0,5,0,0,22,122,6,18,111,3,23,126,8,5,0,0,16,110,4
3324,5,27,14.4,3.94462,0,133,72.6,21.0011,0,7,2.9,30.2339,27,128,6,18,119,4,5,0,0,5,0,0,5,0,0,22,125,6,18,107,2,23,133,7,5,0,0,16,114,4
3325,5,27,14.4,3.94462,0,127,72.9,20.9396,0,8,3.2,30.1415,27,127,7,18,120,4,5,0,0,5,0,0,5,0,0,22,125,6,18,117,3,23,123,8,5,0,0,16,117,4
3326,5,27,14.4,3.94462,0,128,72.2,20.8824,0,8,3.2,30.1415,27,123,7,18,117,4,5,0,0,5,0,0,5,0,0,22,128,6,18,120,3,23,120,8,5,0,0,16,114,4
3327,5,27,14.4,3.94462,0,128,70.6,20.7779,0,8,3.2,30.1415,27,116,7,18,113,4,5,0,0,5,0,0,5,0,0,22,128,6,18,124,3,23,115,8,5,0,0,16,110,4
3328,5,27,14.4,3.94462,0,132,70.1,20.8235,0,9,3.3,30.1116,27,109,7,18,113,4,5,0,0,5,0,0,5,0,0,22,132,6,18,129,3,23,111,9,5,0,0,16,107,4
3329,5,27,14.4,3.94462,0,131,69.6,20.7835,0,9,3.3,30.1116,27,106,7,18,113,4,5,0,0,5,0,0,5,0,0,22,131,6,18,128,3,23,107,9,5,0,0,16,111,4
3330,5,27,14.4,3.94462,0,133,69.1,20.7882,0,9,3.4,30.0814,27,99,8,18,119,4,5,0,0,5,0,0,5,0,0,22,123,6,18,133,3,23,107,9,5,0,0,16,110,4
3331,5,27,14.4,3.94462,0,127,68.5,20.6566,0,9,3.4,30.0814,27,101,8,18,116,4,5,0,0,5,0,0,5,0,0,22,118,6,18,127,3,23,110,9,5,0,0,16,113,4
3332,5,27,14.4,3.94462,0,125,68.7,20.6576,0,9,3.5,30.0502,27,107,8,18,109,4,5,0,0,5,0,0,5,0,0,22,125,6,18,124,3,23,112,9,5,0,0,16,110,5
3333,5,27,14.4,3.94462,0,129,70.5,20.7573,0,9,3.5,30.0502,27,116,8,18,111,4,5,0,0,5,0,0,5,0,0,22,121,6,18,129,3,23,113,9,5,0,0,16,115,5
3334,5,27,14.4,3.94462,0,129,70.2,20.7595,0,8,3.3,30.1104,27,121,7,18,110,4,5,0,0,5,0,0,5,0,0,22,119,6,18,129,3,23,113,8,5,0,0,16,110,5
3335,5,27,14.4,3.94462,0,128,69,20.6619,0,8,3.2,30.1422,27,117,7,18,109,4,5,0,0,5,0,0,5,0,0,22,110,6,18,128,2,23,111,8,5,0,0,16,115,5
3336,5,27,14.4,3.94462,0,136,71.1,20.8634,0,9,3.3,30.1124,27,117,7,18,108,4,5,0,0,5,0,0,5,0,0,22,109,6,18,136,2,23,118,9,5,0,0,16,123,5
3337,5,27,14.4,3.94462,0,131,71.3,20.8379,0,9,3.3,30.1124,27,120,7,18,106,4,5,0,0,5,0,0,5,0,0,22,116,6,18,131,2,23,117,9,5,0,0,16,123,5
3338,5,27,14.4,3.94462,0,126,71.8,20.8392,0,9,3.3,30.1124,27,121,7,18,109,4,5,0,0,5,0,0,5,0,0,22,117,6,18,121,2,23,124,9,5,0,0,16,126,5
3339,5,27,14.4,3.94462,0,126,73.7,20.9868,0,9,3.3,30.1124,27,123,7,18,121,4,5,0,0,5,0,0,5,0,0,22,124,6,18,121,2,23,122,9,5,0,0,16,126,5
3340,5,27,14.4,3.94462,0,124,71.8,20.8268,0,9,3.3,30.1124,27,118,7,18,120,4,5,0,0,5,0,0,5,0,0,22,124,6,18,117,2,23,123,9,5,0,0,16,116,5
3341,5,27,14.4,3.94462,0,125,72.3,20.872,0,9,3.3,30.1124,27,115,7,18,125,4,5,0,0,5,0,0,5,0,0,22,121,6,18,124,2,23,117,9,5,0,0,16,121,5
3342,5,27,14.4,3.94462,0,123,70.7,20.7553,0,9,3.2,30.1435,27,107,7,18,122,4,5,0,0,5,0,0,5,0,0,22,119,6,18,121,2,23,115,9,5,0,0,16,123,4
3343,5,28,14.5,4.00125,0,127,69.8,20.7016,0,10,3.6,30.0242,28,108,10,18,117,4,5,0,0,5,0,0,5,0,0,22,110,6,18,127,2,23,116,10,5,0,0,16,120,4
3344,5,28,14.5,4.00125,0,131,69.3,20.7364,0,10,3.6,30.0242,28,102,10,18,119,4,5,0,0,5,0,0,5,0,0,22,106,6,18,131,2,23,117,10,5,0,0,16,118,4
3345,5,28,14.5,4.00125,0,130,69,20.7384,0,9,3.4,30.0834,28,96,9,18,120,4,5,0,0,5,0,0,5,0,0,22,113,6,18,130,2,23,113,9,5,0,0,16,118,4
3346,5,28,14.5,4.00125,0,127,67.9,20.6868,0,9,3.4,30.0834,28,95,9,18,122,4,5,0,0,5,0,0,5,0,0,22,109,6,18,127,2,23,108,9,5,0,0,16,118,4
3347,5,28,14.5,4.00125,0,119,66,20.5435,0,9,3.4,30.0834,28,96,9,18,119,4,5,0,0,5,0,0,5,0,0,22,114,6,18,117,2,23,103,9,5,0,0,16,111,4
3348,5,28,14.5,4.00125,0,126,66.9,20.6339,0,9,3.3,30.1133,28,95,8,18,126,4,5,0,0,5,0,0,5,0,0,22,116,6,18,116,2,23,103,9,5,0,0,16,113,4
3349,5,28,14.5,4.00125,0,125,67.8,20.6957,0,9,3.3,30.1133,28,92,8,18,123,4,5,0,0,5,0,0,5,0,0,22,113,6,18,125,2,23,108,9,5,0,0,16,117,4
3350,5,28,14.5,4.00125,0,116,67.1,20.5664,0,9,3.1,30.174,28,95,6,18,116,4,5,0,0,5,0,0,5,0,0,22,115,6,18,116,2,23,114,9,5,0,0,16,115,4
3351,5,28,14.5,4.00125,0,122,68.2,20.6167,0,9,3.1,30.174,28,101,6,18,121,4,5,0,0,5,0,0,5,0,0,22,114,6,18,109,2,23,115,9,5,0,0,16,122,4
3352,5,28,14.5,4.00125,0,126,68.9,20.6511,0,9,3.2,30.1435,28,105,7,18,119,4,5,0,0,5,0,0,5,0,0,22,116,6,18,108,2,23,115,9,5,0,0,16,126,4
3353,5,28,14.5,4.00125,0,120,68,20.5666,0,9,3.2,30.1435,28,109,7,18,117,4,5,0,0,5,0,0,5,0,0,22,113,6,18,107,2,23,114,9,5,0,0,16,120,4
3354,5,28,14.5,4.00125,0,123,68.9,20.6423,0,9,3.2,30.1435,28,114,7,18,123,4,5,0,0,5,0,0,5,0,0,22,110,6,18,107,2,23,115,9,5,0,0,16,120,4
3355,5,28,14.5,4.00125,0,126,71.7,20.8417,0,9,3.2,30.1435,28,126,7,18,122,4,5,0,0,5,0,0,5,0,0,22,119,6,18,111,2,23,120,9,5,0,0,16,119,4
3356,5,28,14.5,4.00125,0,127,71.4,20.8588,0,9,3.2,30.1435,28,126,7,18,121,4,5,0,0,5,0,0,5,0,0,22,127,6,18,118,2,23,110,9,5,0,0,16,112,4
3357,5,28,14.5,4.00125,0,133,71.5,20.8923,0,9,3.2,30.1435,28,133,7,18,121,4,5,0,0,5,0,0,5,0,0,22,122,6,18,116,2,23,111,9,5,0,0,16,112,4
3358,5,28,14.5,4.00125,0,136,70.8,20.8615,0,9,3.2,30.1435,28,136,7,18,119,4,5,0,0,5,0,0,5,0,0,22,109,6,18,117,2,23,112,9,5,0,0,16,115,4
3359,5,28,14.5,4.00125,0,136,71.4,20.9059,0,9,3.2,30.1435,28,136,7,18,117,4,5,0,0,5,0,0,5,0,0,22,116,6,18,122,2,23,109,9,5,0,0,16,114,4
3360,5,28,14.5,4.00125,0,133,71,20.8373,0,9,3.2,30.1422,28,133,6,18,116,4,5,0,0,5,0,0,5,0,0,22,109,6,18,120,3,23,116,9,5,0,0,16,116,4
3361,5,28,14.5,4.00125,0,131,71.3,20.8554,0,9,3.2,30.1422,28,124,6,18,115,4,5,0,0,5,0,0,5,0,0,22,110,6,18,131,3,23,110,9,5,0,0,16,123,4
3362,5,28,14.5,4.00125,0,130,71.1,20.8339,0,9,3.2,30.1422,28,125,6,18,112,4,5,0,0,5,0,0,5,0,0,22,110,6,18,130,3,23,112,9,5,0,0,16,122,4
3363,5,28,14.5,4.00125,0,135,71,20.8235,0,9,3.2,30.1422,28,116,6,18,116,4,5,0,0,5,0,0,5,0,0,22,109,6,18,121,3,23,113,9,5,0,0,16,135,4
3364,5,28,14.5,4.00125,0,126,69.7,20.7063,0,9,3.2,30.1422,28,113,6,18,114,4,5,0,0,5,0,0,5,0,0,22,114,6,18,124,3,23,106,9,5,0,0,16,126,4
3365,5,28,14.5,4.00125,0,129,69.8,20.7465,0,9,3.2,30.1422,28,114,6,18,114,4,5,0,0,5,0,0,5,0,0,22,104,6,18,126,3,23,111,9,5,0,0,16,129,4
3366,5,28,14.5,4.00125,0,126,68.1,20.5913,0,9,3,30.2048,28,113,6,18,113,4,5,0,0,5,0,0,5,0,0,22,107,5,18,113,2,23,109,9,5,0,0,16,126,4
3367,5,28,14.5,4.00125,0,122,67.6,20.5751,0,8,3,30.2028,28,112,6,18,118,4,5,0,0,5,0,0,5,0,0,22,107,5,18,113,3,23,104,8,5,0,0,16,122,4
3368,5,28,14.5,4.00125,0,118,66.7,20.5153,0,8,3,30.2028,28,105,6,18,114,4,5,0,0,5,0,0,5,0,0,22,108,5,18,118,3,23,105,8,5,0,0,16,117,4
3369,5,28,14.5,4.00125,0,123,68.8,20.6515,0,8,3,30.2028,28,105,6,18,123,4,5,0,0,5,0,0,5,0,0,22,113,5,18,121,3,23,108,8,5,0,0,16,118,4
3370,5,28,14.5,4.00125,0,124,69.1,20.6567,0,8,3,30.2028,28,107,6,18,124,4,5,0,0,5,0,0,5,0,0,22,116,5,18,112,3,23,111,8,5,0,0,16,121,4
3371,5,28,14.5,4.00125,0,121,70.1,20.6933,0,8,3,30.2028,28,111,6,18,121,4,5,0,0,5,0,0,5,0,0,22,118,5,18,113,3,23,117,8,5,0,0,16,121,4
3372,5,28,14.5,4.00125,0,123,70.3,20.7026,0,8,3,30.2028,28,112,6,18,120,4,5,0,0,5,0,0,5,0,0,22,116,5,18,115,3,23,117,8,5,0,0,16,123,4
3373,5,28,14.5,4.00125,0,129,72.1,20.8726,0,8,3,30.2028,28,119,6,18,120,4,5,0,0,5,0,0,5,0,0,22,110,5,18,124,3,23,119,8,5,0,0,16,129,4
3374,5,28,14.5,4.00125,0,129,72.8,20.9349,0,8,3,30.2028,28,125,6,18,119,4,5,0,0,5,0,0,5,0,0,22,112,5,18,124,3,23,119,8,5,0,0,16,129,4
3375,5,28,14.5,4.00125,0,133,74,21.0945,0,8,2.9,30.2336,28,128,5,18,126,4,5,0,0,5,0,0,5,0,0,22,109,5,18,125,3,23,119,8,5,0,0,16,133,4
3376,5,28,14.5,4.00125,0,138,76,21.2654,0,8,2.9,30.2336,28,124,5,18,129,4,5,0,0,5,0,0,5,0,0,22,121,5,18,124,3,23,124,8,5,0,0,16,138,4
3377,5,28,14.5,4.00125,0,128,74.2,21.0513,0,8,2.9,30.2336,28,120,5,18,128,4,5,0,0,5,0,0,5,0,0,22,125,5,18,123,3,23,119,8,5,0,0,16,127,4
3378,5,28,14.5,4.00125,0,137,74.5,21.1431,0,8,2.9,30.2336,28,113,5,18,137,4,5,0,0,5,0,0,5,0,0,22,127,5,18,120,3,23,123,8,5,0,0,16,125,4
3379,5,28,14.5,4.00125,0,137,73.9,21.0788,0,8,2.8,30.2647,28,116,5,18,137,4,5,0,0,5,0,0,5,0,0,22,124,4,18,122,3,23,118,8,5,0,0,16,122,4
3380,5,29,14.6,4.05956,0,135,74.3,21.1189,0,8,3,30.2035,29,115,7,18,135,4,5,0,0,5,0,0,5,0,0,22,124,4,18,129,3,23,116,8,5,0,0,16,124,4
3381,5,29,14.6,4.05956,0,135,73.1,20.9942,0,7,2.9,30.2336,29,117,7,18,135,4,5,0,0,5,0,0,5,0,0,22,121,4,18,122,3,23,116,7,5,0,0,16,120,4
3382,5,29,14.6,4.05956,0,126,72.2,20.8598,0,7,2.8,30.264,29,119,6,18,126,4,5,0,0,5,0,0,5,0,0,22,118,4,18,120,3,23,119,7,5,0,0,16,120,4
3383,5,29,14.6,4.05956,0,127,70.9,20.7785,0,7,2.8,30.264,29,119,6,18,127,4,5,0,0,5,0,0,5,0,0,22,113,4,18,115,3,23,114,7,5,0,0,16,121,4
3384,5,29,14.6,4.05956,0,125,69.5,20.7025,0,7,2.8,30.264,29,122,6,18,119,4,5,0,0,5,0,0,5,0,0,22,107,4,18,108,3,23,114,7,5,0,0,16,125,4
3385,5,29,14.6,4.05956,0,124,69.5,20.6857,0,7,2.7,30.2947,29,124,5,18,117,4,5,0,0,5,0,0,5,0,0,22,110,4,18,108,3,23,119,7,5,0,0,16,117,4
3386,5,29,14.6,4.05956,0,122,69.8,20.6875,0,7,2.7,30.2947,29,109,5,18,122,4,5,0,0,5,0,0,5,0,0,22,118,4,18,110,3,23,119,7,5,0,0,16,120,4
3387,5,29,14.6,4.05956,0,124,70.4,20.7476,0,7,2.7,30.2947,29,105,5,18,124,4,5,0,0,5,0,0,5,0,0,22,117,4,18,118,3,23,123,7,5,0,0,16,117,4
3388,5,29,14.6,4.05956,0,132,71,20.8594,0,7,2.7,30.2947,29,106,5,18,132,4,5,0,0,5,0,0,5,0,0,22,113,4,18,127,3,23,118,7,5,0,0,16,114,4
3389,5,29,14.6,4.05956,0,129,70.2,20.755,0,7,2.8,30.264,29,106,6,18,129,4,5,0,0,5,0,0,5,0,0,22,116,4,18,118,3,23,119,7,5,0,0,16,114,4
3390,5,29,14.6,4.05956,0,134,70.2,20.7917,0,7,2.8,30.264,29,110,6,18,134,4,5,0,0,5,0,0,5,0,0,22,114,4,18,116,3,23,117,7,5,0,0,16,111,4
3391,5,29,14.6,4.05956,0,128,70.1,20.755,0,7,2.7,30.2953,29,110,6,18,128,4,5,0,0,5,0,0,5,0,0,22,117,4,18,114,3,23,123,7,5,0,0,16,109,3
3392,5,29,14.6,4.05956,0,125,70.2,20.7127,0,7,2.7,30.2953,29,109,6,18,116,4,5,0,0,5,0,0,5,0,0,22,121,4,18,115,3,23,125,7,5,0,0,16,116,3
3393,5,29,14.6,4.05956,0,122,68,20.6182,0,6,2.6,30.3257,29,102,6,18,122,4,5,0,0,5,0,0,5,0,0,22,119,4,18,106,3,23,118,6,5,0,0,16,113,3
3394,5,29,14.6,4.05956,0,119,68.2,20.5861,0,6,2.5,30.3563,29,107,5,18,116,4,5,0,0,5,0,0,5,0,0,22,119,4,18,107,3,23,118,6,5,0,0,16,115,3
3395,5,29,14.6,4.05956,0,128,69.5,20.7075,0,6,2.6,30.3257,29,107,6,18,115,4,5,0,0,5,0,0,5,0,0,22,116,4,18,106,3,23,128,6,5,0,0,16,123,3
3396,5,29,14.6,4.05956,0,126,69.2,20.7151,0,6,2.6,30.3257,29,108,6,18,117,4,5,0,0,5,0,0,5,0,0,22,119,4,18,100,3,23,126,6,5,0,0,16,122,3
3397,5,29,14.6,4.05956,0,127,70.2,20.7604,0,6,2.6,30.3257,29,111,6,18,116,4,5,0,0,5,0,0,5,0,0,22,118,4,18,104,3,23,126,6,5,0,0,16,127,3
3398,5,29,14.6,4.05956,0,127,71.3,20.7886,0,6,2.6,30.3257,29,115,6,18,119,4,5,0,0,5,0,0,5,0,0,22,117,4,18,114,3,23,127,6,5,0,0,16,121,3
3399,5,29,14.6,4.05956,0,124,69.4,20.6695,0,6,2.6,30.3257,29,110,6,18,124,4,5,0,0,5,0,0,5,0,0,22,112,4,18,111,3,23,121,6,5,0,0,16,116,3
3400,5,29,14.6,4.05956,0,127,68.9,20.6662,0,6,2.7,30.2944,29,107,6,18,127,4,5,0,0,5,0,0,5,0,0,22,113,4,18,119,3,23,111,6,5,0,0,16,112,4
3401,5,29,14.6,4.05956,0,123,70.1,20.721,0,6,2.7,30.2944,29,111,6,18,122,4,5,0,0,5,0,0,5,0,0,22,115,4,18,123,3,23,120,6,5,0,0,16,110,4
3402,5,29,14.6,4.05956,0,122,70,20.6787,0,6,2.7,30.2944,29,113,6,18,115,4,5,0,0,5,0,0,5,0,0,22,118,4,18,117,3,23,122,6,5,0,0,16,115,4
3403,5,29,14.6,4.05956,0,126,71.5,20.8029,0,6,2.7,30.2944,29,113,6,18,118,4,5,0,0,5,0,0,5,0,0,22,116,4,18,123,3,23,126,6,5,0,0,16,119,4
3404,5,29,14.6,4.05956,0,123,71.8,20.8191,0,6,2.7,30.2944,29,123,6,18,116,4,5,0,0,5,0,0,5,0,0,22,118,4,18,117,3,23,121,6,5,0,0,16,123,4
3405,5,29,14.6,4.05956,0,129,73.3,20.96,0,6,2.7,30.2944,29,117,6,18,117,4,5,0,0,5,0,0,5,0,0,22,121,4,18,125,3,23,129,6,5,0,0,16,124,4
3406,5,29,14.6,4.05956,0,132,73.9,21.0416,0,7,2.8,30.264,29,116,6,18,118,4,5,0,0,5,0,0,5,0,0,22,118,4,18,132,3,23,129,7,5,0,0,16,126,4
3407,5,29,14.6,4.05956,0,136,73.4,21.0411,0,7,2.9,30.2336,29,112,7,18,126,4,5,0,0,5,0,0,5,0,0,22,115,4,18,136,3,23,126,7,5,0,0,16,119,4
3408,5,29,14.6,4.05956,0,137,74.7,21.1586,0,7,2.9,30.2336,29,116,7,18,124,4,5,0,0,5,0,0,5,0,0,22,116,4,18,137,3,23,131,7,5,0,0,16,123,4
3409,5,29,14.6,4.05956,0,128,73.2,20.9702,0,7,2.9,30.2336,29,117,7,18,128,4,5,0,0,5,0,0,5,0,0,22,114,4,18,125,3,23,126,7,5,0,0,16,122,4
3410,5,29,14.6,4.05956,0,132,73.9,21.0835,0,7,2.9,30.2336,29,128,7,18,128,4,5,0,0,5,0,0,5,0,0,22,113,4,18,132,3,23,121,7,5,0,0,16,117,4
3411,5,29,14.6,4.05956,0,125,71.1,20.7889,0,7,2.9,30.2336,29,123,7,18,116,4,5,0,0,5,0,0,5,0,0,22,116,4,18,125,3,23,111,7,5,0,0,16,120,4
3412,5,29,14.6,4.05956,0,124,69.8,20.6723,0,7,2.8,30.2649,29,114,7,18,111,4,5,0,0,5,0,0,5,0,0,22,116,4,18,124,3,23,116,7,5,0,0,16,117,3
3413,5,29,14.6,4.05956,0,120,69.4,20.6427,0,7,2.7,30.2953,29,116,7,18,109,4,5,0,0,5,0,0,5,0,0,22,119,4,18,117,3,23,113,6,5,0,0,16,120,3
3414,5,29,14.6,4.05956,0,122,69,20.6255,0,7,2.7,30.2953,29,122,7,18,112,4,5,0,0,5,0,0,5,0,0,22,114,4,18,113,3,23,113,6,5,0,0,16,116,3
3415,5,29,14.6,4.05956,0,127,70.5,20.7453,0,6,2.6,30.3257,29,127,6,18,114,4,5,0,0,5,0,0,5,0,0,22,114,4,18,116,3,23,114,6,5,0,0,16,120,3
3416,5,29,14.6,4.05956,0,129,71.2,20.8195,0,6,2.6,30.3257,29,129,6,18,117,4,5,0,0,5,0,0,5,0,0,22,119,4,18,119,3,23,110,6,5,0,0,16,118,3
3417,5,29,14.6,4.05956,0,126,72,20.8494,0,6,2.6,30.3257,29,126,6,18,115,4,5,0,0,5,0,0,5,0,0,22,117,4,18,123,3,23,118,6,5,0,0,16,121,3
3418,5,29,14.6,4.05956,0,124,71.1,20.7777,0,6,2.5,30.3563,29,124,6,18,117,4,5,0,0,5,0,0,5,0,0,22,122,4,18,115,3,23,116,5,5,0,0,16,117,3
3419,5,29,14.6,4.05956,0,133,72.3,20.9572,0,6,2.5,30.3563,29,133,6,18,125,4,5,0,0,5,0,0,5,0,0,22,122,4,18,109,3,23,117,5,5,0,0,16,117,3
3420,5,29,14.6,4.05956,0,130,70.4,20.7669,0,6,2.5,30.3563,29,130,6,18,118,4,5,0,0,5,0,0,5,0,0,22,113,4,18,113,3,23,115,5,5,0,0,16,115,3
3421,5,29,14.6,4.05956,0,131,70.1,20.7507,0,6,2.5,30.3563,29,131,6,18,113,4,5,0,0,5,0,0,5,0,0,22,113,4,18,113,3,23,115,5,5,0,0,16,116,3
3422,5,29,14.6,4.05956,0,123,69.4,20.6673,0,5,2.4,30.3869,29,123,5,18,107,4,5,0,0,5,0,0,5,0,0,22,117,4,18,112,3,23,119,5,5,0,0,16,116,3
3423,5,29,14.7,4.10244,0,127,72.5,20.9504,0,5,2.5,30.356,29,127,5,18,104,4,5,0,0,5,0,0,5,0,0,23,122,5,18,119,3,23,126,5,5,0,0,16,127,3
3424,5,29,14.7,4.10244,0,133,74.6,21.156,0,5,2.5,30.356,29,125,5,18,109,4,5,0,0,5,0,0,5,0,0,23,132,5,18,125,3,23,133,5,5,0,0,16,122,3
3425,5,29,14.7,4.10244,0,131,74.3,21.0839,0,6,2.6,30.3253,29,127,5,18,115,4,5,0,0,5,0,0,5,0,0,23,127,6,18,123,3,23,131,5,5,0,0,16,120,3
3426,5,29,14.7,4.10244,0,128,74.5,21.0806,0,6,2.6,30.3253,29,127,5,18,119,4,5,0,0,5,0,0,5,0,0,23,126,6,18,122,3,23,128,5,5,0,0,16,123,3
3427,5,29,14.7,4.10244,0,127,71.9,20.8412,0,6,2.7,30.2947,29,119,6,18,120,4,5,0,0,5,0,0,5,0,0,23,123,6,18,114,3,23,116,5,5,0,0,16,127,3
3428,5,29,14.7,4.10244,0,122,71.6,20.8033,0,6,2.6,30.3263,29,118,6,18,122,4,5,0,0,5,0,0,5,0,0,23,121,6,18,117,2,23,116,5,5,0,0,16,122,3
3429,5,29,14.7,4.10244,0,125,70.9,20.7875,0,6,2.6,30.3263,29,115,6,18,124,4,5,0,0,5,0,0,5,0,0,23,122,6,18,114,2,23,109,5,5,0,0,16,125,3
3430,5,29,14.7,4.10244,0,133,71.3,20.8138,0,6,2.7,30.2953,29,112,6,18,116,5,5,0,0,5,0,0,5,0,0,23,118,6,18,114,2,23,120,5,5,0,0,16,133,3
3431,5,29,14.7,4.10244,0,125,70.9,20.7445,0,6,2.6,30.3263,29,117,6,18,114,4,5,0,0,5,0,0,5,0,0,23,115,6,18,118,2,23,120,5,5,0,0,16,125,3
3432,5,29,14.7,4.10244,0,125,69.8,20.6909,0,8,2.8,30.2659,29,116,6,18,115,4,5,0,0,5,0,0,5,0,0,23,108,8,18,125,2,23,114,5,5,0,0,16,120,3
3433,5,29,14.7,4.10244,0,125,70.9,20.7604,0,8,2.8,30.2659,29,116,6,18,118,4,5,0,0,5,0,0,5,0,0,23,119,8,18,125,2,23,118,5,5,0,0,16,113,3
3434,5,29,14.7,4.10244,0,129,72.2,20.9126,0,8,2.8,30.2659,29,127,6,18,122,4,5,0,0,5,0,0,5,0,0,23,115,8,18,129,2,23,114,5,5,0,0,16,115,3
3435,5,29,14.7,4.10244,0,125,71.8,20.8282,0,8,2.8,30.2659,29,122,6,18,113,4,5,0,0,5,0,0,5,0,0,23,116,8,18,125,2,23,121,5,5,0,0,16,121,3
3436,5,29,14.7,4.10244,0,124,71.8,20.8412,0,7,2.6,30.3273,29,124,6,18,116,3,5,0,0,5,0,0,5,0,0,23,123,7,18,123,2,23,118,5,5,0,0,16,114,3
3437,5,29,14.7,4.10244,0,124,72.2,20.8593,0,7,2.6,30.3273,29,120,6,18,121,3,5,0,0,5,0,0,5,0,0,23,124,7,18,122,2,23,118,5,5,0,0,16,117,3
3438,5,29,14.7,4.10244,0,120,71.4,20.7801,0,7,2.6,30.3273,29,120,6,18,119,3,5,0,0,5,0,0,5,0,0,23,117,7,18,120,2,23,118,5,5,0,0,16,120,3
3439,5,29,14.7,4.10244,0,128,72.6,20.9105,0,6,2.5,30.3576,29,128,6,18,118,3,5,0,0,5,0,0,5,0,0,23,123,6,18,121,2,23,116,5,5,0,0,16,120,3
3440,5,29,14.7,4.10244,0,123,70.8,20.765,0,6,2.5,30.3576,29,123,6,18,122,3,5,0,0,5,0,0,5,0,0,23,118,6,18,115,2,23,111,5,5,0,0,16,119,3
3441,5,29,14.7,4.10244,0,123,69.8,20.7168,0,6,2.5,30.3576,29,123,6,18,115,3,5,0,0,5,0,0,5,0,0,23,121,6,18,118,2,23,105,5,5,0,0,16,116,3
3442,5,29,14.7,4.10244,0,122,70.4,20.7756,0,6,2.6,30.326,29,122,6,18,122,3,5,0,0,5,0,0,5,0,0,23,122,6,18,114,3,23,104,5,5,0,0,16,120,3
3443,5,29,14.7,4.10244,0,124,70.4,20.7377,0,6,2.6,30.326,29,121,6,18,115,3,5,0,0,5,0,0,5,0,0,23,124,6,18,119,3,23,111,5,5,0,0,16,114,3
3444,5,29,14.7,4.10244,0,123,72.4,20.8702,0,6,2.6,30.326,29,122,6,18,119,3,5,0,0,5,0,0,5,0,0,23,123,6,18,120,3,23,117,5,5,0,0,16,123,3
3445,5,29,14.7,4.10244,0,131,71.9,20.8575,0,6,2.6,30.326,29,123,6,18,113,3,5,0,0,5,0,0,5,0,0,23,118,6,18,119,3,23,115,5,5,0,0,16,131,3
3446,5,29,14.7,4.10244,0,132,70,20.7553,0,6,2.6,30.326,29,115,6,18,104,3,5,0,0,5,0,0,5,0,0,23,110,6,18,122,3,23,117,5,5,0,0,16,132,3
3447,5,29,14.7,4.10244,0,137,70.8,20.8207,0,6,2.6,30.326,29,113,6,18,111,3,5,0,0,5,0,0,5,0,0,23,116,6,18,120,3,23,111,5,5,0,0,16,137,3
3448,5,29,14.7,4.10244,0,132,69.3,20.6965,0,6,2.6,30.326,29,113,6,18,105,3,5,0,0,5,0,0,5,0,0,23,116,6,18,116,3,23,111,5,5,0,0,16,132,3
3449,5,29,14.7,4.10244,0,134,69.7,20.7467,0,6,2.6,30.326,29,116,6,18,102,3,5,0,0,5,0,0,5,0,0,23,114,6,18,115,3,23,116,5,5,0,0,16,134,3
3450,5,29,14.7,4.10244,0,126,68.9,20.675,0,6,2.6,30.326,29,118,6,18,99,3,5,0,0,5,0,0,5,0,0,23,113,6,18,119,3,23,114,5,5,0,0,16,126,3
3451,5,29,14.7,4.10244,0,128,68.4,20.6905,0,6,2.6,30.326,29,119,6,18,96,3,5,0,0,5,0,0,5,0,0,23,110,6,18,120,3,23,111,5,5,0,0,16,128,3
3452,5,29,14.7,4.10244,0,121,69.2,20.6639,0,6,2.6,30.326,29,120,6,18,103,3,5,0,0,5,0,0,5,0,0,23,115,6,18,121,3,23,113,5,5,0,0,16,120,3
3453,5,29,14.7,4.10244,0,120,68.6,20.5916,0,7,2.8,30.2653,29,114,7,18,110,3,5,0,0,5,0,0,5,0,0,23,111,7,18,120,3,23,117,5,5,0,0,16,114,3
3454,5,29,14.7,4.10244,0,120,68.9,20.6177,0,7,2.8,30.2653,29,115,7,18,110,3,5,0,0,5,0,0,5,0,0,23,108,7,18,119,3,23,120,5,5,0,0,16,117,3
3455,5,29,14.7,4.10244,0,119,68.7,20.6093,0,7,2.8,30.2653,29,119,7,18,113,3,5,0,0,5,0,0,5,0,0,23,107,7,18,118,3,23,115,5,5,0,0,16,115,3
3456,5,29,14.7,4.10244,0,124,70.8,20.7522,0,7,2.8,30.2653,29,124,7,18,119,3,5,0,0,5,0,0,5,0,0,23,117,7,18,115,3,23,115,5,5,0,0,16,118,3
3457,5,29,14.7,4.10244,0,129,71.3,20.8292,0,7,2.8,30.2653,29,129,7,18,115,3,5,0,0,5,0,0,5,0,0,23,118,7,18,112,3,23,124,5,5,0,0,16,115,3
3458,5,29,14.7,4.10244,0,121,70.4,20.7208,0,7,2.7,30.2957,29,118,7,18,121,3,5,0,0,5,0,0,5,0,0,23,114,6,18,117,3,23,121,5,5,0,0,16,113,3
3459,5,29,14.7,4.10244,0,124,70.6,20.7728,0,6,2.6,30.326,29,114,6,18,124,3,5,0,0,5,0,0,5,0,0,23,120,6,18,116,3,23,124,5,5,0,0,16,108,3
3460,5,29,14.7,4.10244,0,126,70.3,20.7493,0,6,2.6,30.326,29,115,6,18,122,3,5,0,0,5,0,0,5,0,0,23,114,6,18,118,3,23,126,5,5,0,0,16,108,3
3461,5,29,14.7,4.10244,0,131,72.1,20.9383,0,6,2.6,30.326,29,109,6,18,123,3,5,0,0,5,0,0,5,0,0,23,113,6,18,131,3,23,131,5,5,0,0,16,114,3
3462,5,29,14.7,4.10244,0,135,73.8,21.0557,0,6,2.6,30.326,29,113,6,18,127,3,5,0,0,5,0,0,5,0,0,23,121,6,18,123,3,23,135,5,5,0,0,16,119,3
3463,5,29,14.7,4.10244,0,135,73.8,21.054,0,6,2.6,30.326,29,114,6,18,125,3,5,0,0,5,0,0,5,0,0,23,126,6,18,119,3,23,135,5,5,0,0,16,119,3
3464,5,29,14.7,4.10244,0,140,73.5,21.0624,0,6,2.6,30.326,29,114,6,18,123,3,5,0,0,5,0,0,5,0,0,23,114,6,18,124,3,23,140,5,5,0,0,16,120,3
3465,5,29,14.7,4.10244,0,130,71.8,20.8591,0,6,2.6,30.326,29,116,6,18,116,3,5,0,0,5,0,0,5,0,0,23,109,6,18,121,3,23,126,5,5,0,0,16,130,3
3466,5,29,14.8,4.13521,0,131,71.2,20.8252,0,6,2.7,30.2947,29,117,6,18,112,3,5,0,0,5,0,0,5,0,0,23,108,6,19,122,4,23,131,5,5,0,0,16,122,3
3467,5,29,14.8,4.13521,0,132,70.6,20.8157,0,6,2.7,30.2947,29,119,6,18,115,3,5,0,0,5,0,0,5,0,0,23,102,6,19,118,4,23,132,5,5,0,0,16,120,3
3468,5,29,14.8,4.13521,0,127,70.8,20.7657,0,6,2.7,30.2947,29,121,6,18,117,3,5,0,0,5,0,0,5,0,0,23,113,6,19,112,4,23,127,5,5,0,0,16,118,3
3469,5,29,14.8,4.13521,0,124,71.3,20.8138,0,6,2.7,30.2947,29,124,6,18,106,3,5,0,0,5,0,0,5,0,0,23,117,6,19,121,4,23,123,5,5,0,0,16,122,3
3470,5,29,14.8,4.13521,0,125,70.5,20.7482,0,7,2.9,30.2332,29,117,6,18,109,3,5,0,0,5,0,0,5,0,0,23,121,7,19,121,5,23,125,5,5,0,0,16,112,3
3471,5,29,14.8,4.13521,0,124,70.1,20.7225,0,8,3,30.2031,29,123,6,18,109,3,5,0,0,5,0,0,5,0,0,23,124,8,19,116,5,23,113,5,5,0,0,16,116,3
3472,5,29,14.8,4.13521,0,122,69.7,20.6863,0,7,2.8,30.2639,29,122,5,18,117,3,5,0,0,5,0,0,5,0,0,23,118,7,19,114,5,23,108,5,5,0,0,16,118,3
3473,5,29,14.8,4.13521,0,124,70.8,20.7751,0,6,2.7,30.2943,29,124,5,18,119,3,5,0,0,5,0,0,5,0,0,23,122,6,19,116,5,23,109,5,5,0,0,16,118,3
3474,5,29,14.8,4.13521,0,126,71.2,20.8298,0,6,2.8,30.2636,29,121,6,18,117,3,5,0,0,5,0,0,5,0,0,23,126,6,19,120,5,23,105,5,5,0,0,16,123,3
3475,5,29,14.8,4.13521,0,132,70.9,20.8384,0,6,2.6,30.3253,29,118,5,18,120,3,5,0,0,5,0,0,5,0,0,23,132,6,19,119,5,23,106,4,5,0,0,16,114,3
3476,5,29,14.8,4.13521,0,135,72.4,20.9484,0,6,2.5,30.357,29,116,5,18,124,2,5,0,0,5,0,0,5,0,0,23,135,6,19,119,5,23,112,4,5,0,0,16,118,3
3477,5,29,14.8,4.13521,0,129,72.7,20.9371,0,7,2.6,30.3267,29,123,5,18,121,2,5,0,0,5,0,0,5,0,0,23,129,7,19,123,5,23,112,4,5,0,0,16,119,3
3478,5,29,14.8,4.13521,0,125,73.1,20.9719,0,7,2.6,30.3267,29,125,5,18,125,2,5,0,0,5,0,0,5,0,0,23,125,7,19,125,5,23,114,4,5,0,0,16,117,3
3479,5,29,14.8,4.13521,0,126,73.4,20.9867,0,6,2.4,30.3879,29,126,5,18,123,2,5,0,0,5,0,0,5,0,0,23,126,6,19,124,4,23,116,4,5,0,0,16,119,3
3480,5,29,14.8,4.13521,0,126,73.2,20.9802,0,6,2.4,30.3879,29,126,5,18,122,2,5,0,0,5,0,0,5,0,0,23,126,6,19,126,4,23,117,4,5,0,0,16,115,3
3481,5,29,14.8,4.13521,0,129,72.7,20.9282,0,6,2.4,30.3879,29,129,5,18,117,2,5,0,0,5,0,0,5,0,0,23,122,6,19,122,4,23,114,4,5,0,0,16,123,3
3482,5,29,14.8,4.13521,0,127,73.3,20.9625,0,6,2.3,30.4192,29,127,5,18,123,2,5,0,0,5,0,0,5,0,0,23,121,6,19,121,4,23,119,3,5,0,0,16,122,3
3483,5,29,14.8,4.13521,0,125,72.9,20.9222,0,6,2.3,30.4192,29,118,5,18,124,2,5,0,0,5,0,0,5,0,0,23,120,6,19,124,4,23,125,3,5,0,0,16,118,3
3484,5,29,14.8,4.13521,0,118,68.7,20.5871,0,6,2.3,30.4192,29,111,5,18,115,2,5,0,0,5,0,0,5,0,0,23,115,6,19,115,4,23,113,3,5,0,0,16,118,3
3485,5,29,14.8,4.13521,0,119,67.5,20.5453,0,6,2.3,30.4192,29,107,5,18,115,2,5,0,0,5,0,0,5,0,0,23,106,6,19,110,4,23,119,3,5,0,0,16,118,3
3486,5,29,14.8,4.13521,0,126,68.7,20.6304,0,6,2.3,30.4192,29,107,5,18,114,2,5,0,0,5,0,0,5,0,0,23,107,6,19,113,4,23,120,3,5,0,0,16,126,3
3487,5,29,14.8,4.13521,0,123,67.7,20.5605,0,6,2.3,30.4192,29,112,5,18,112,2,5,0,0,5,0,0,5,0,0,23,104,6,19,112,4,23,114,3,5,0,0,16,123,3
3488,5,29,14.8,4.13521,0,128,68.7,20.6298,0,6,2.3,30.4192,29,113,5,18,106,2,5,0,0,5,0,0,5,0,0,23,110,6,19,115,4,23,115,3,5,0,0,16,128,3
3489,5,29,14.8,4.13521,0,125,67,20.5545,0,6,2.3,30.4192,29,109,5,18,109,2,5,0,0,5,0,0,5,0,0,23,104,6,19,105,4,23,118,3,5,0,0,16,125,3
3490,5,29,14.8,4.13521,0,126,68.9,20.64,0,6,2.4,30.3886,29,114,6,18,108,2,5,0,0,5,0,0,5,0,0,23,109,6,19,111,4,23,121,3,5,0,0,16,126,3
3491,5,29,14.8,4.13521,0,124,68.8,20.622,0,6,2.4,30.3886,29,114,6,18,108,2,5,0,0,5,0,0,5,0,0,23,116,6,19,108,4,23,118,3,5,0,0,16,124,3
3492,5,29,14.8,4.13521,0,123,68.7,20.6113,0,6,2.4,30.3886,29,111,6,18,105,2,5,0,0,5,0,0,5,0,0,23,115,6,19,118,4,23,115,3,5,0,0,16,123,3
3493,5,29,14.8,4.13521,0,130,68.4,20.6735,0,6,2.4,30.3886,29,107,6,18,98,2,5,0,0,5,0,0,5,0,0,23,114,6,19,119,4,23,116,3,5,0,0,16,130,3
3494,5,29,14.9,4.16293,0,120,68.1,20.6039,0,6,2.4,30.3886,29,107,6,18,101,2,5,0,0,5,0,0,5,0,0,23,113,6,19,120,4,23,120,3,5,0,0,17,120,3
3495,5,29,14.9,4.16293,0,123,69.6,20.6871,0,6,2.4,30.3886,29,112,6,18,105,2,5,0,0,5,0,0,5,0,0,23,112,6,19,123,4,23,121,3,5,0,0,17,123,3
3496,5,29,14.9,4.16293,0,129,70.8,20.7774,0,6,2.4,30.3886,29,116,6,18,111,2,5,0,0,5,0,0,5,0,0,23,111,6,19,129,4,23,117,3,5,0,0,17,124,3
3497,5,29,14.9,4.16293,0,122,69.3,20.663,0,6,2.4,30.3886,29,119,6,18,106,2,5,0,0,5,0,0,5,0,0,23,109,6,19,122,4,23,118,3,5,0,0,17,119,3
3498,5,29,14.9,4.16293,0,125,71.4,20.8075,0,6,2.3,30.4192,29,119,5,18,114,2,5,0,0,5,0,0,5,0,0,23,110,6,19,121,4,23,125,3,5,0,0,17,125,3
3499,5,29,14.9,4.16293,0,132,71.8,20.8611,0,5,2.2,30.4497,29,118,5,18,117,2,5,0,0,5,0,0,5,0,0,23,115,5,19,112,4,23,132,3,5,0,0,17,124,3
3500,5,29,14.9,4.16293,0,124,72,20.8478,0,5,2.2,30.4497,29,124,5,18,118,2,5,0,0,5,0,0,5,0,0,23,117,5,19,114,4,23,124,3,5,0,0,17,123,3
3501,5,29,14.9,4.16293,0,128,72.1,20.8823,0,5,2.2,30.4497,29,128,5,18,111,2,5,0,0,5,0,0,5,0,0,23,125,5,19,117,4,23,118,3,5,0,0,17,122,3
3502,5,29,14.9,4.16293,0,132,71.2,20.8545,0,5,2.2,30.4497,29,132,5,18,113,2,5,0,0,5,0,0,5,0,0,23,116,5,19,125,4,23,112,3,5,0,0,17,114,3
3503,5,29,14.9,4.16293,0,134,71.7,20.8905,0,5,2.2,30.4497,29,134,5,18,112,2,5,0,0,5,0,0,5,0,0,23,116,5,19,123,4,23,115,3,5,0,0,17,117,3
3504,5,29,14.9,4.16293,0,127,71.2,20.8099,0,5,2.1,30.4806,29,127,4,18,115,2,5,0,0,5,0,0,5,0,0,23,113,5,19,125,4,23,115,3,5,0,0,17,117,3
3505,5,29,14.9,4.16293,0,125,70,20.7335,0,5,2.1,30.4806,29,125,4,18,104,2,5,0,0,5,0,0,5,0,0,23,119,5,19,120,4,23,118,3,5,0,0,17,114,3
3506,5,29,14.9,4.16293,0,125,71,20.7964,0,5,2.1,30.4806,29,120,4,18,109,2,5,0,0,5,0,0,5,0,0,23,125,5,19,120,4,23,124,3,5,0,0,17,112,3
3507,5,29,14.9,4.16293,0,127,70.4,20.7542,0,5,2.1,30.4806,29,116,4,18,107,2,5,0,0,5,0,0,5,0,0,23,127,5,19,121,4,23,120,3,5,0,0,17,113,3
3508,5,29,14.9,4.16293,0,138,71.7,20.9693,0,5,2.1,30.4806,29,111,4,18,113,2,5,0,0,5,0,0,5,0,0,23,138,5,19,114,4,23,131,3,5,0,0,17,110,3
3509,5,29,14.9,4.16293,0,133,70.2,20.8081,0,4,2,30.5114,29,110,4,18,114,2,5,0,0,5,0,0,5,0,0,23,133,4,19,107,4,23,126,3,5,0,0,17,112,3
3510,5,29,14.9,4.16293,0,127,69.9,20.738,0,4,2,30.5114,29,108,4,18,115,2,5,0,0,5,0,0,5,0,0,23,126,4,19,112,4,23,127,3,5,0,0,17,111,3
3511,5,29,14.9,4.16293,0,126,69.9,20.6937,0,5,2.1,30.4806,29,114,4,18,112,2,5,0,0,5,0,0,5,0,0,23,118,4,19,110,5,23,126,3,5,0,0,17,119,3
3512,5,29,14.9,4.16293,0,121,68.7,20.589,0,5,2.1,30.4806,29,113,4,18,112,2,5,0,0,5,0,0,5,0,0,23,113,4,19,114,5,23,114,3,5,0,0,17,121,3
3513,5,29,14.9,4.16293,0,127,68.7,20.6434,0,5,2.1,30.4806,29,117,4,18,113,2,5,0,0,5,0,0,5,0,0,23,107,4,19,116,5,23,107,3,5,0,0,17,127,3
3514,5,29,14.9,4.16293,0,129,71.2,20.8088,0,5,2.2,30.4497,29,117,5,18,114,2,5,0,0,5,0,0,5,0,0,23,110,4,19,126,5,23,116,3,5,0,0,17,129,3
3515,5,29,14.9,4.16293,0,126,70.4,20.7249,0,5,2.2,30.4497,29,115,5,18,113,2,5,0,0,5,0,0,5,0,0,23,112,4,19,123,5,23,115,3,5,0,0,17,126,3
3516,5,29,14.9,4.16293,0,129,70.9,20.8049,0,5,2.2,30.4497,29,116,5,18,119,2,5,0,0,5,0,0,5,0,0,23,106,4,19,125,5,23,114,3,5,0,0,17,129,3
3517,5,29,14.9,4.16293,0,136,70.2,20.8503,0,5,2.1,30.4806,29,125,5,18,111,2,5,0,0,5,0,0,5,0,0,23,102,4,19,119,4,23,109,3,5,0,0,17,136,3
3518,5,29,14.9,4.16293,0,129,71.1,20.8448,0,5,2.1,30.4806,29,126,5,18,118,2,5,0,0,5,0,0,5,0,0,23,104,4,19,120,4,23,114,3,5,0,0,17,129,3
3519,5,29,14.9,4.16293,0,124,71.5,20.8279,0,5,2.1,30.4806,29,124,5,18,119,2,5,0,0,5,0,0,5,0,0,23,109,4,19,124,4,23,116,3,5,0,0,17,123,3
3520,5,29,14.9,4.16293,0,127,71.6,20.8174,0,5,2.1,30.4806,29,120,5,18,121,2,5,0,0,5,0,0,5,0,0,23,118,4,19,117,4,23,113,3,5,0,0,17,127,3
3521,5,29,14.9,4.16293,0,124,69.3,20.6626,0,5,2.1,30.4806,29,115,5,18,121,2,5,0,0,5,0,0,5,0,0,23,111,4,19,113,4,23,109,3,5,0,0,17,124,3
3522,5,29,14.9,4.16293,0,125,69.5,20.6852,0,5,2.1,30.4806,29,112,5,18,120,2,5,0,0,5,0,0,5,0,0,23,118,4,19,114,4,23,106,3,5,0,0,17,125,3
3523,5,29,14.9,4.16293,0,120,68.5,20.6073,0,5,2.1,30.4806,29,116,5,18,113,2,5,0,0,5,0,0,5,0,0,23,119,4,19,111,4,23,106,3,5,0,0,17,120,3
3524,5,29,14.9,4.16293,0,124,69.4,20.6794,0,5,2.1,30.4806,29,113,5,18,116,2,5,0,0,5,0,0,5,0,0,23,124,4,19,121,4,23,108,3,5,0,0,17,112,3
3525,5,29,14.9,4.16293,0,128,70.6,20.7836,0,5,2.1,30.4806,29,119,5,18,116,2,5,0,0,5,0,0,5,0,0,23,128,4,19,122,4,23,109,3,5,0,0,17,112,3
3526,5,29,15,4.19524,0,124,70.9,20.7767,0,5,2.4,30.3869,29,120,5,19,118,4,5,0,0,5,0,0,5,0,0,23,122,5,19,124,4,23,111,3,5,0,0,17,114,3
3527,5,29,15,4.19524,0,123,70.7,20.7691,0,5,2.4,30.3869,29,118,5,19,121,4,5,0,0,5,0,0,5,0,0,23,122,5,19,123,4,23,109,3,5,0,0,17,114,3
3528,5,29,15,4.19524,0,131,71,20.8758,0,5,2.3,30.4179,29,111,5,19,131,4,5,0,0,5,0,0,5,0,0,23,129,4,19,119,4,23,109,3,5,0,0,17,111,3
3529,5,29,15,4.19524,0,129,71.3,20.8492,0,5,2.3,30.4179,29,116,5,19,125,4,5,0,0,5,0,0,5,0,0,23,129,4,19,120,4,23,113,3,5,0,0,17,110,3
3530,5,29,15,4.19524,0,124,71.3,20.8174,0,5,2.3,30.4182,29,120,5,19,123,3,5,0,0,5,0,0,5,0,0,23,124,4,19,121,5,23,110,3,5,0,0,17,115,3
3531,5,29,15,4.19524,0,123,70.7,20.7568,0,5,2.3,30.4179,29,121,4,19,121,3,5,0,0,5,0,0,5,0,0,23,115,4,19,123,5,23,114,3,5,0,0,17,113,4
3532,5,29,15,4.19524,0,122,68.7,20.617,0,5,2.4,30.387,29,113,5,19,112,3,5,0,0,5,0,0,5,0,0,23,117,4,19,122,5,23,115,3,5,0,0,17,108,4
3533,5,29,15,4.19524,0,128,68.5,20.6486,0,5,2.5,30.3561,29,106,5,19,112,3,5,0,0,5,0,0,5,0,0,23,116,5,19,128,5,23,116,3,5,0,0,17,107,4
3534,5,29,15,4.19524,0,129,69.7,20.74,0,5,2.4,30.387,29,116,5,19,105,3,5,0,0,5,0,0,5,0,0,23,118,4,19,129,5,23,121,3,5,0,0,17,108,4
3535,5,29,15,4.19524,0,126,70.1,20.7359,0,5,2.4,30.387,29,123,5,19,114,3,5,0,0,5,0,0,5,0,0,23,113,4,19,126,5,23,115,3,5,0,0,17,110,4
3536,5,29,15,4.19524,0,131,71.3,20.8201,0,5,2.5,30.3557,29,114,5,19,117,4,5,0,0,5,0,0,5,0,0,23,117,4,19,131,5,23,121,3,5,0,0,17,113,4
3537,5,29,15,4.19524,0,136,72,20.9077,0,5,2.5,30.3561,29,115,5,19,119,5,5,0,0,5,0,0,5,0,0,23,114,3,19,136,5,23,121,3,5,0,0,17,115,4
3538,5,29,15,4.19524,0,128,70.3,20.7808,0,5,2.5,30.3561,29,117,5,19,116,5,5,0,0,5,0,0,5,0,0,23,115,3,19,123,5,23,128,3,5,0,0,17,104,4
3539,5,29,15,4.19524,0,126,71.7,20.8715,0,5,2.5,30.3561,29,119,5,19,117,5,5,0,0,5,0,0,5,0,0,23,125,3,19,123,5,23,126,3,5,0,0,17,107,4
3540,5,29,15,4.19524,0,132,72.1,20.9484,0,5,2.4,30.3873,29,116,5,19,116,5,5,0,0,5,0,0,5,0,0,23,132,3,19,126,5,23,125,3,5,0,0,17,106,3
3541,5,29,15,4.19524,0,129,71.2,20.8313,0,5,2.4,30.3873,29,110,5,19,115,5,5,0,0,5,0,0,5,0,0,23,129,3,19,124,5,23,123,3,5,0,0,17,111,3
3542,5,29,15,4.19524,0,128,72.1,20.89,0,5,2.3,30.4182,29,123,4,19,124,5,5,0,0,5,0,0,5,0,0,23,128,3,19,114,5,23,117,3,5,0,0,17,115,3
3543,5,29,15,4.19524,0,123,71.7,20.8164,0,5,2.3,30.4182,29,123,4,19,119,5,5,0,0,5,0,0,5,0,0,23,122,3,19,118,5,23,117,3,5,0,0,17,118,3
3544,5,29,15,4.19524,0,124,72.1,20.8607,0,5,2.3,30.4182,29,119,4,19,124,5,5,0,0,5,0,0,5,0,0,23,124,3,19,116,5,23,122,3,5,0,0,17,116,3
3545,5,29,15,4.19524,0,123,71.3,20.7775,0,5,2.4,30.3869,29,118,4,19,120,5,5,0,0,5,0,0,5,0,0,23,114,4,19,118,5,23,123,3,5,0,0,17,120,3
3546,5,29,15,4.19524,0,132,72.8,20.9585,0,5,2.5,30.3557,29,122,4,19,132,5,5,0,0,5,0,0,5,0,0,23,112,4,19,122,5,23,120,3,5,0,0,17,120,4
3547,5,29,15,4.19524,0,128,70.6,20.7792,0,5,2.5,30.3557,29,117,4,19,128,5,5,0,0,5,0,0,5,0,0,23,108,4,19,122,5,23,115,3,5,0,0,17,116,4
3548,5,29,15,4.19524,0,126,69.5,20.7094,0,6,2.6,30.3251,29,115,4,19,126,6,5,0,0,5,0,0,5,0,0,23,106,4,19,122,5,23,114,3,5,0,0,17,112,4
3549,5,29,15,4.19524,0,121,68.2,20.5916,0,6,2.6,30.3251,29,115,4,19,116,6,5,0,0,5,0,0,5,0,0,23,107,4,19,121,5,23,113,3,5,0,0,17,110,4
3550,5,29,15,4.19524,0,125,70.3,20.7511,0,6,2.6,30.3251,29,120,4,19,125,6,5,0,0,5,0,0,5,0,0,23,106,4,19,119,5,23,118,3,5,0,0,17,115,4
3551,5,29,15,4.19524,0,125,68.6,20.6369,0,6,2.6,30.3251,29,116,4,19,118,6,5,0,0,5,0,0,5,0,0,23,105,4,19,114,5,23,108,3,5,0,0,17,125,4
3552,5,29,15,4.19524,0,131,69.3,20.7333,0,6,2.6,30.3251,29,112,4,19,121,6,5,0,0,5,0,0,5,0,0,23,108,4,19,118,5,23,103,3,5,0,0,17,131,4
3553,5,29,15,4.19524,0,126,68.1,20.6481,0,5,2.7,30.2938,29,109,5,19,126,5,5,0,0,5,0,0,5,0,0,23,104,4,19,109,5,23,109,3,5,0,0,17,124,5
3554,5,29,15,4.19524,0,132,68.3,20.7042,0,5,2.6,30.3248,29,113,5,19,121,5,5,0,0,5,0,0,5,0,0,23,103,4,19,102,5,23,112,3,5,0,0,17,132,4
3555,5,29,15,4.19524,0,122,68.8,20.6363,0,5,2.6,30.3248,29,115,5,19,122,5,5,0,0,5,0,0,5,0,0,23,105,4,19,111,5,23,116,3,5,0,0,17,119,4
3556,5,29,15,4.19524,0,126,70.7,20.8007,0,5,2.6,30.3248,29,115,5,19,126,5,5,0,0,5,0,0,5,0,0,23,103,4,19,122,5,23,122,3,5,0,0,17,119,4
3557,5,29,15,4.19524,0,120,69.9,20.6751,0,5,2.6,30.3248,29,112,5,19,118,5,5,0,0,5,0,0,5,0,0,23,111,4,19,119,5,23,120,3,5,0,0,17,119,4
3558,5,29,15,4.19524,0,128,71.4,20.7984,0,5,2.5,30.3561,29,114,5,19,119,5,5,0,0,5,0,0,5,0,0,23,113,3,19,118,5,23,122,3,5,0,0,17,128,4
3559,5,29,15,4.19524,0,131,71.4,20.8194,0,5,2.2,30.4494,29,111,5,19,122,3,5,0,0,5,0,0,5,0,0,23,114,3,19,119,5,23,117,3,5,0,0,17,131,3
3560,5,29,15.1,4.22966,0,124,72,20.8476,0,7,2.6,30.3263,29,111,5,20,116,7,5,0,0,5,0,0,5,0,0,23,124,3,19,124,5,23,121,3,5,0,0,17,124,3
3561,5,29,15.1,4.22966,0,126,71.3,20.7944,0,7,2.6,30.3263,29,113,5,20,116,7,5,0,0,5,0,0,5,0,0,23,126,3,19,121,5,23,114,3,5,0,0,17,123,3
3562,5,29,15.1,4.22966,0,129,70,20.7949,0,7,2.7,30.2951,29,117,5,20,110,7,5,0,0,5,0,0,5,0,0,23,129,3,19,126,5,23,102,3,5,0,0,17,116,4
3563,5,29,15.1,4.22966,0,134,70.2,20.822,0,7,2.7,30.2951,29,110,5,20,112,7,5,0,0,5,0,0,5,0,0,23,134,3,19,124,5,23,104,3,5,0,0,17,118,4
3564,5,29,15.1,4.22966,0,129,71.3,20.8333,0,5,2.5,30.3561,29,116,5,20,113,5,5,0,0,5,0,0,5,0,0,23,129,3,19,126,5,23,110,3,5,0,0,17,119,4
3565,5,29,15.1,4.22966,0,125,70,20.7377,0,6,2.6,30.3254,29,120,5,20,105,6,5,0,0,5,0,0,5,0,0,23,123,3,19,125,5,23,114,3,5,0,0,17,113,4
3566,5,29,15.1,4.22966,0,128,69.4,20.7049,0,6,2.6,30.3254,29,128,5,20,108,6,5,0,0,5,0,0,5,0,0,23,114,3,19,120,5,23,113,3,5,0,0,17,111,4
3567,5,29,15.1,4.22966,0,121,69.2,20.6947,0,6,2.6,30.3254,29,121,5,20,99,6,5,0,0,5,0,0,5,0,0,23,120,3,19,120,5,23,113,3,5,0,0,17,119,4
3568,5,29,15.2,4.2638,0,124,69.2,20.6757,0,7,2.8,30.2643,29,121,5,20,103,6,5,0,0,5,0,0,5,0,0,23,114,3,20,124,7,23,115,3,5,0,0,17,115,4
3569,5,29,15.2,4.2638,0,122,69.7,20.6895,0,7,2.8,30.2643,29,121,5,20,105,6,5,0,0,5,0,0,5,0,0,23,116,3,20,122,7,23,115,3,5,0,0,17,118,4
3570,5,29,15.2,4.2638,0,119,69.8,20.6603,0,7,2.9,30.2336,29,116,6,20,111,6,5,0,0,5,0,0,5,0,0,23,116,3,20,119,7,23,118,3,5,0,0,17,118,4
3571,5,29,15.2,4.2638,0,122,70.3,20.6956,0,7,2.9,30.2336,29,116,6,20,114,6,5,0,0,5,0,0,5,0,0,23,116,3,20,116,7,23,122,3,5,0,0,17,119,4
3572,5,29,15.2,4.2638,0,125,70.6,20.7426,0,7,2.9,30.2336,29,112,6,20,110,6,5,0,0,5,0,0,5,0,0,23,125,3,20,121,7,23,120,3,5,0,0,17,118,4
3573,5,29,15.2,4.2638,0,122,70.4,20.7153,0,7,2.7,30.2951,29,114,5,20,112,5,5,0,0,5,0,0,5,0,0,23,120,3,20,122,7,23,121,3,5,0,0,17,115,4
3574,5,29,15.2,4.2638,0,122,70.9,20.7691,0,7,2.7,30.2951,29,122,5,20,120,5,5,0,0,5,0,0,5,0,0,23,121,3,20,112,7,23,120,3,5,0,0,17,114,4
3575,5,29,15.2,4.2638,0,124,70.3,20.746,0,7,2.7,30.2951,29,121,5,20,114,5,5,0,0,5,0,0,5,0,0,23,119,3,20,105,7,23,124,3,5,0,0,17,120,4
3576,5,29,15.2,4.2638,0,125,71,20.774,0,7,2.7,30.2951,29,120,5,20,118,5,5,0,0,5,0,0,5,0,0,23,120,3,20,112,7,23,125,3,5,0,0,17,115,4
3577,5,29,15.2,4.2638,0,126,71.3,20.7858,0,7,2.6,30.3261,29,116,5,20,118,4,5,0,0,5,0,0,5,0,0,23,116,3,20,121,7,23,126,3,5,0,0,17,116,4
3578,5,29,15.2,4.2638,0,129,70.5,20.7497,0,6,2.5,30.3564,29,112,5,20,119,4,5,0,0,5,0,0,5,0,0,23,112,3,20,113,6,23,129,3,5,0,0,17,120,4
3579,5,29,15.2,4.2638,0,128,72.3,20.8943,0,6,2.4,30.388,29,109,5,20,128,4,5,0,0,5,0,0,5,0,0,23,121,2,20,120,6,23,122,3,5,0,0,17,123,4
3580,5,29,15.2,4.2638,0,123,70.4,20.7186,0,6,2.4,30.388,29,116,5,20,123,4,5,0,0,5,0,0,5,0,0,23,115,2,20,114,6,23,120,3,5,0,0,17,116,4
3581,5,29,15.2,4.2638,0,121,69.9,20.678,0,6,2.4,30.388,29,117,5,20,109,4,5,0,0,5,0,0,5,0,0,23,113,2,20,119,6,23,120,3,5,0,0,17,121,4
3582,5,29,15.2,4.2638,0,124,71.2,20.7777,0,6,2.5,30.3564,29,115,5,20,113,4,5,0,0,5,0,0,5,0,0,23,114,3,20,122,6,23,124,3,5,0,0,17,124,4
3583,5,29,15.2,4.2638,0,128,69.7,20.6998,0,6,2.5,30.3564,29,109,5,20,108,4,5,0,0,5,0,0,5,0,0,23,111,3,20,121,6,23,120,3,5,0,0,17,128,4
3584,5,29,15.2,4.2638,0,127,69.3,20.6901,0,6,2.5,30.3564,29,112,5,20,101,4,5,0,0,5,0,0,5,0,0,23,114,3,20,121,6,23,118,3,5,0,0,17,127,4
3585,5,29,15.2,4.2638,0,127,69.5,20.7298,0,5,2.3,30.4183,29,107,5,20,106,3,5,0,0,5,0,0,5,0,0,23,125,3,20,122,5,23,108,3,5,0,0,17,127,4
3586,5,29,15.2,4.2638,0,125,70.6,20.7716,0,6,2.3,30.4186,29,105,6,20,113,3,5,0,0,5,0,0,5,0,0,23,123,3,20,125,4,23,115,3,5,0,0,17,125,4
3587,5,29,15.2,4.2638,0,126,70.1,20.7238,0,6,2.3,30.4186,29,108,6,20,112,3,5,0,0,5,0,0,5,0,0,23,121,3,20,126,4,23,112,3,5,0,0,17,122,4
3588,5,29,15.2,4.2638,0,120,68.6,20.5974,0,6,2.3,30.4186,29,107,6,20,111,3,5,0,0,5,0,0,5,0,0,23,118,3,20,120,4,23,113,3,5,0,0,17,117,4
3589,5,29,15.2,4.2638,0,120,68.4,20.5845,0,6,2.3,30.4186,29,109,6,20,112,3,5,0,0,5,0,0,5,0,0,23,117,3,20,120,4,23,110,3,5,0,0,17,116,4
3590,5,29,15.2,4.2638,0,123,70.7,20.7339,0,6,2.3,30.4186,29,113,6,20,114,3,5,0,0,5,0,0,5,0,0,23,118,3,20,122,4,23,123,3,5,0,0,17,117,4
3591,5,29,15.2,4.2638,0,121,70.6,20.724,0,6,2.3,30.4186,29,118,6,20,117,3,5,0,0,5,0,0,5,0,0,23,119,3,20,121,4,23,114,3,5,0,0,17,117,4
3592,5,30,15.3,4.32088,0,123,70.3,20.712,0,8,2.5,30.3584,30,112,8,20,117,3,5,0,0,5,0,0,5,0,0,23,123,3,20,119,4,23,112,3,5,0,0,17,120,4
3593,5,30,15.3,4.32088,0,131,72.6,20.9341,0,8,2.5,30.3584,30,116,8,20,131,3,5,0,0,5,0,0,5,0,0,23,124,3,20,122,4,23,115,3,5,0,0,17,118,4
3594,5,30,15.3,4.32088,0,126,71.1,20.7879,0,7,2.4,30.3883,30,111,7,20,126,3,5,0,0,5,0,0,5,0,0,23,119,3,20,122,4,23,115,3,5,0,0,17,118,4
3595,5,30,15.3,4.32088,0,120,70.5,20.7118,0,7,2.4,30.3883,30,115,7,20,120,3,5,0,0,5,0,0,5,0,0,23,118,3,20,118,4,23,117,3,5,0,0,17,117,4
3596,5,30,15.3,4.32088,0,122,69.4,20.6459,0,8,2.5,30.3584,30,118,8,20,113,3,5,0,0,5,0,0,5,0,0,23,114,3,20,113,4,23,122,3,5,0,0,17,114,4
3597,5,30,15.3,4.32088,0,119,68.1,20.5962,0,8,2.5,30.3584,30,116,8,20,115,3,5,0,0,5,0,0,5,0,0,23,115,3,20,112,4,23,119,3,5,0,0,17,104,4
3598,5,30,15.3,4.32088,0,123,69.9,20.6829,0,8,2.5,30.3584,30,114,8,20,119,3,5,0,0,5,0,0,5,0,0,23,114,3,20,111,4,23,123,3,5,0,0,17,118,4
3599,5,30,15.3,4.32088,0,129,71.1,20.7891,0,8,2.5,30.3584,30,113,8,20,111,3,5,0,0,5,0,0,5,0,0,23,115,3,20,118,4,23,125,3,5,0,0,17,129,4
3600,5,30,15.3,4.32088,0,126,70.7,20.7435,0,7,2.4,30.3883,30,121,7,20,114,3,5,0,0,5,0,0,5,0,0,23,116,3,20,113,4,23,117,3,5,0,0,17,126,4
3601,5,30,15.3,4.32088,0,127,71.8,20.8504,0,7,2.4,30.3883,30,126,7,20,112,3,5,0,0,5,0,0,5,0,0,23,113,3,20,121,4,23,119,3,5,0,0,17,127,4
3602,5,30,15.3,4.32088,0,121,69.3,20.6403,0,7,2.4,30.3883,30,121,7,20,115,3,5,0,0,5,0,0,5,0,0,23,112,3,20,115,4,23,113,3,5,0,0,17,117,4
3603,5,30,15.3,4.32088,0,123,70.3,20.7131,0,8,2.5,30.3584,30,117,8,20,123,3,5,0,0,5,0,0,5,0,0,23,118,3,20,115,4,23,114,3,5,0,0,17,116,4
3604,5,30,15.3,4.32088,0,122,68.6,20.6176,0,8,2.5,30.3584,30,108,8,20,117,3,5,0,0,5,0,0,5,0,0,23,122,3,20,113,4,23,117,3,5,0,0,17,109,4
3605,5,30,15.3,4.32088,0,123,68.5,20.6056,0,8,2.5,30.3584,30,110,8,20,107,3,5,0,0,5,0,0,5,0,0,23,123,3,20,114,4,23,118,3,5,0,0,17,113,4
3606,5,30,15.3,4.32088,0,129,70.5,20.7708,0,8,2.5,30.3584,30,118,8,20,109,3,5,0,0,5,0,0,5,0,0,23,129,3,20,118,4,23,120,3,5,0,0,17,111,4
3607,5,30,15.3,4.32088,0,128,70.6,20.7728,0,8,2.4,30.39,30,117,8,20,108,2,5,0,0,5,0,0,5,0,0,23,128,3,20,114,4,23,124,3,5,0,0,17,115,4
3608,5,30,15.3,4.32088,0,133,71.1,20.8154,0,8,2.4,30.39,30,119,8,20,116,2,5,0,0,5,0,0,5,0,0,23,113,3,20,115,4,23,133,3,5,0,0,17,115,4
3609,5,30,15.3,4.32088,0,138,73.7,21.0872,0,8,2.4,30.39,30,128,8,20,120,2,5,0,0,5,0,0,5,0,0,23,117,3,20,121,4,23,138,3,5,0,0,17,113,4
3610,5,30,15.3,4.32088,0,126,72.5,20.9141,0,9,2.6,30.329,30,126,9,20,122,2,5,0,0,5,0,0,5,0,0,23,115,3,20,124,4,23,124,4,5,0,0,17,114,4
3611,5,30,15.3,4.32088,0,131,73.4,21.0143,0,8,2.5,30.3587,30,129,8,20,121,2,5,0,0,5,0,0,5,0,0,23,117,3,20,131,4,23,120,4,5,0,0,17,116,4
3612,5,30,15.3,4.32088,0,127,72,20.858,0,8,2.5,30.3587,30,124,8,20,115,2,5,0,0,5,0,0,5,0,0,23,118,3,20,127,4,23,120,4,5,0,0,17,116,4
3613,5,30,15.3,4.32088,0,122,71.1,20.7744,0,8,2.5,30.3587,30,118,8,20,121,2,5,0,0,5,0,0,5,0,0,23,116,3,20,121,4,23,122,4,5,0,0,17,113,4
3614,5,30,15.3,4.32088,0,122,69.5,20.6809,0,8,2.5,30.3587,30,116,8,20,118,2,5,0,0,5,0,0,5,0,0,23,122,3,20,110,4,23,120,4,5,0,0,17,109,4
3615,5,30,15.3,4.32088,0,123,70.6,20.7541,0,8,2.5,30.3587,30,116,8,20,120,2,5,0,0,5,0,0,5,0,0,23,123,3,20,109,4,23,123,4,5,0,0,17,115,4
3616,5,30,15.3,4.32088,0,124,70,20.6839,0,8,2.5,30.3587,30,112,8,20,114,2,5,0,0,5,0,0,5,0,0,23,118,3,20,114,4,23,124,4,5,0,0,17,118,4
3617,5,30,15.3,4.32088,0,123,70.4,20.7133,0,8,2.5,30.3587,30,117,8,20,111,2,5,0,0,5,0,0,5,0,0,23,119,3,20,118,4,23,123,4,5,0,0,17,116,4
3618,5,30,15.3,4.32088,0,120,70,20.6944,0,8,2.5,30.3587,30,117,8,20,112,2,5,0,0,5,0,0,5,0,0,23,120,3,20,120,4,23,120,4,5,0,0,17,111,4
3619,5,30,15.3,4.32088,0,126,71,20.7807,0,8,2.5,30.3587,30,123,8,20,116,2,5,0,0,5,0,0,5,0,0,23,111,3,20,117,4,23,126,4,5,0,0,17,117,4
3620,5,30,15.3,4.32088,0,127,71.5,20.8563,0,8,2.5,30.3587,30,118,8,20,127,2,5,0,0,5,0,0,5,0,0,23,106,3,20,120,4,23,126,4,5,0,0,17,118,4
3621,5,30,15.3,4.32088,0,128,70.9,20.785,0,10,2.7,30.2997,30,112,10,20,128,2,5,0,0,5,0,0,5,0,0,23,114,3,20,114,4,23,123,4,5,0,0,17,118,4
3622,5,30,15.3,4.32088,0,132,72.4,20.9176,0,11,2.8,30.2706,30,111,11,20,132,2,5,0,0,5,0,0,5,0,0,23,119,3,20,120,4,23,119,4,5,0,0,17,123,4
3623,5,30,15.3,4.32088,0,131,71.6,20.8723,0,11,2.7,30.302,30,106,11,20,131,2,5,0,0,5,0,0,5,0,0,23,115,3,20,121,4,23,123,3,5,0,0,17,120,4
3624,5,30,15.3,4.32088,0,129,71.4,20.8536,0,11,2.8,30.2706,30,105,11,20,129,2,5,0,0,5,0,0,5,0,0,23,117,3,20,115,4,23,123,4,5,0,0,17,125,4
3625,5,30,15.3,4.32088,0,128,71.9,20.8552,0,11,2.8,30.2706,30,116,11,20,128,2,5,0,0,5,0,0,5,0,0,23,115,3,20,117,4,23,117,4,5,0,0,17,126,4
3626,5,30,15.3,4.32088,0,127,71.2,20.7718,0,11,2.8,30.2706,30,117,11,20,117,2,5,0,0,5,0,0,5,0,0,23,117,3,20,118,4,23,116,4,5,0,0,17,127,4
3627,5,30,15.3,4.32088,0,116,67.5,20.5267,0,11,2.8,30.2706,30,111,11,20,116,2,5,0,0,5,0,0,5,0,0,23,110,3,20,114,4,23,111,4,5,0,0,17,113,4
3628,5,30,15.3,4.32088,0,121,68.7,20.6151,0,11,2.8,30.2706,30,110,11,20,115,2,5,0,0,5,0,0,5,0,0,23,121,3,20,119,4,23,109,4,5,0,0,17,113,4
3629,5,30,15.3,4.32088,0,122,68.4,20.6446,0,11,2.8,30.2706,30,100,11,20,118,2,5,0,0,5,0,0,5,0,0,23,121,3,20,122,4,23,110,4,5,0,0,17,113,4
3630,5,30,15.3,4.32088,0,132,69.5,20.7623,0,10,2.7,30.2997,30,101,10,20,121,2,5,0,0,5,0,0,5,0,0,23,116,3,20,132,4,23,109,4,5,0,0,17,116,4
3631,5,30,15.3,4.32088,0,128,70.9,20.83,0,9,2.6,30.329,30,104,9,20,124,2,5,0,0,5,0,0,5,0,0,23,119,3,20,128,4,23,110,4,5,0,0,17,124,4
3632,5,30,15.3,4.32088,0,129,70.8,20.7835,0,9,2.6,30.329,30,110,9,20,119,2,5,0,0,5,0,0,5,0,0,23,116,3,20,129,4,23,111,4,5,0,0,17,123,4
3633,5,30,15.3,4.32088,0,125,70.7,20.7595,0,8,2.5,30.3587,30,118,8,20,110,2,5,0,0,5,0,0,5,0,0,23,119,3,20,124,4,23,111,4,5,0,0,17,125,4
3634,5,30,15.3,4.32088,0,123,71.4,20.7881,0,8,2.5,30.3587,30,123,8,20,115,2,5,0,0,5,0,0,5,0,0,23,117,3,20,120,4,23,117,4,5,0,0,17,122,4
3635,5,30,15.3,4.32088,0,128,73.5,20.9808,0,9,2.6,30.329,30,123,9,20,118,2,5,0,0,5,0,0,5,0,0,23,124,3,20,123,4,23,128,4,5,0,0,17,119,4
3636,5,30,15.3,4.32088,0,133,74.9,21.129,0,9,2.6,30.329,30,120,9,20,122,2,5,0,0,5,0,0,5,0,0,23,124,3,20,133,4,23,127,4,5,0,0,17,123,4
3637,5,30,15.3,4.32088,0,129,73.8,21.005,0,9,2.6,30.329,30,119,9,20,118,2,5,0,0,5,0,0,5,0,0,23,123,3,20,129,4,23,123,4,5,0,0,17,126,4
3638,5,30,15.3,4.32088,0,134,74,21.0916,0,8,2.5,30.3587,30,116,8,20,114,2,5,0,0,5,0,0,5,0,0,23,115,3,20,134,4,23,128,4,5,0,0,17,133,4
3639,5,30,15.4,4.34971,0,138,71.8,20.9192,0,8,2.8,30.2669,30,122,8,20,111,2,5,0,0,5,0,0,5,0,0,23,111,3,20,123,4,23,113,4,5,0,0,18,138,7
3640,5,30,15.4,4.34971,0,130,72.6,20.9332,0,8,2.9,30.2368,30,130,8,20,114,2,5,0,0,5,0,0,5,0,0,23,116,3,20,122,4,23,116,4,5,0,0,18,128,8
3641,5,30,15.4,4.34971,0,125,71.5,20.8418,0,8,2.9,30.2368,30,125,8,20,123,2,5,0,0,5,0,0,5,0,0,23,107,3,20,120,4,23,117,4,5,0,0,18,123,8
3642,5,30,15.4,4.34971,0,124,69,20.6501,0,8,2.8,30.2686,30,124,8,20,115,2,5,0,0,5,0,0,5,0,0,23,108,2,20,117,4,23,111,4,5,0,0,18,115,8
3643,5,30,15.4,4.34971,0,119,68.5,20.5954,0,9,2.9,30.2388,30,119,9,20,117,2,5,0,0,5,0,0,5,0,0,23,111,2,20,111,4,23,114,4,5,0,0,18,113,8
3644,5,30,15.4,4.34971,0,120,68,20.5717,0,9,2.8,30.2702,30,112,9,20,120,2,5,0,0,5,0,0,5,0,0,23,114,2,20,107,3,23,113,4,5,0,0,18,114,8
3645,5,30,15.4,4.34971,0,123,68,20.6485,0,9,2.8,30.2702,30,123,9,20,121,2,5,0,0,5,0,0,5,0,0,23,106,2,20,104,3,23,118,4,5,0,0,18,108,8
3646,5,30,15.4,4.34971,0,119,68,20.5733,0,10,2.8,30.2708,30,116,10,20,115,2,5,0,0,5,0,0,5,0,0,23,110,2,20,106,3,23,119,4,5,0,0,18,114,7
3647,5,30,15.4,4.34971,0,119,67,20.5186,0,10,2.8,30.2708,30,111,10,20,107,2,5,0,0,5,0,0,5,0,0,23,119,2,20,109,3,23,115,4,5,0,0,18,109,7
3648,5,30,15.4,4.34971,0,118,67.3,20.5252,0,10,2.9,30.2408,30,111,10,20,112,2,5,0,0,5,0,0,5,0,0,23,118,2,20,110,3,23,113,4,5,0,0,18,109,8
3649,5,30,15.4,4.34971,0,127,70.6,20.7595,0,10,2.9,30.2408,30,117,10,20,112,2,5,0,0,5,0,0,5,0,0,23,127,2,20,119,3,23,120,4,5,0,0,18,111,8
3650,5,30,15.4,4.34971,0,126,70.6,20.8028,0,9,2.7,30.3002,30,113,9,20,112,2,5,0,0,5,0,0,5,0,0,23,126,2,20,123,3,23,126,4,5,0,0,18,106,7
3651,5,30,15.4,4.34971,0,134,71.7,20.9695,0,9,2.7,30.3002,30,105,9,20,111,2,5,0,0,5,0,0,5,0,0,23,134,2,20,129,3,23,128,4,5,0,0,18,110,7
3652,5,30,15.4,4.34971,0,133,70,20.853,0,9,2.7,30.3002,30,106,9,20,114,2,5,0,0,5,0,0,5,0,0,23,133,2,20,126,3,23,120,4,5,0,0,18,101,7
3653,5,30,15.4,4.34971,0,133,70.6,20.8367,0,9,2.6,30.3305,30,115,9,20,111,2,5,0,0,5,0,0,5,0,0,23,133,2,20,119,3,23,123,4,5,0,0,18,105,6
3654,5,30,15.4,4.34971,0,125,68.7,20.6292,0,9,2.6,30.3305,30,110,9,20,112,2,5,0,0,5,0,0,5,0,0,23,125,2,20,114,3,23,117,4,5,0,0,18,109,6
3655,5,30,15.4,4.34971,0,122,68.7,20.6276,0,8,2.5,30.3601,30,106,8,20,106,2,5,0,0,5,0,0,5,0,0,23,120,2,20,113,3,23,122,4,5,0,0,18,120,6
3656,5,30,15.4,4.34971,0,120,67.7,20.5627,0,8,2.5,30.3601,30,104,8,20,105,2,5,0,0,5,0,0,5,0,0,23,114,2,20,117,3,23,120,4,5,0,0,18,117,6
3657,5,30,15.4,4.34971,0,124,67.4,20.5611,0,8,2.5,30.3601,30,103,8,20,107,2,5,0,0,5,0,0,5,0,0,23,112,2,20,116,3,23,124,4,5,0,0,18,112,6
3658,5,30,15.4,4.34971,0,129,70.5,20.7515,0,7,2.4,30.3901,30,108,7,20,119,2,5,0,0,5,0,0,5,0,0,23,116,2,20,116,3,23,129,4,5,0,0,18,117,6
3659,5,30,15.4,4.34971,0,122,70.1,20.6945,0,7,2.5,30.3592,30,114,7,20,122,2,5,0,0,5,0,0,5,0,0,23,117,2,20,118,3,23,116,5,5,0,0,18,114,6
3660,5,30,15.4,4.34971,0,126,72,20.8569,0,7,2.5,30.3592,30,117,7,20,121,2,5,0,0,5,0,0,5,0,0,23,121,2,20,126,3,23,122,5,5,0,0,18,113,6
3661,5,30,15.4,4.34971,0,131,69.8,20.7333,0,7,2.5,30.3592,30,112,7,20,106,2,5,0,0,5,0,0,5,0,0,23,118,2,20,131,3,23,118,5,5,0,0,18,113,6
3662,5,30,15.4,4.34971,0,131,72.7,20.9698,0,7,2.5,30.3592,30,115,7,20,109,2,5,0,0,5,0,0,5,0,0,23,125,2,20,131,3,23,130,5,5,0,0,18,117,6
3663,5,30,15.4,4.34971,0,128,73.1,20.9693,0,7,2.5,30.3592,30,123,7,20,117,2,5,0,0,5,0,0,5,0,0,23,121,2,20,128,3,23,128,5,5,0,0,18,114,6
3664,5,30,15.4,4.34971,0,128,71.5,20.8758,0,7,2.5,30.3592,30,128,7,20,119,2,5,0,0,5,0,0,5,0,0,23,115,2,20,126,3,23,120,5,5,0,0,18,107,6
3665,5,30,15.4,4.34971,0,125,70.2,20.7681,0,7,2.5,30.3592,30,122,7,20,123,2,5,0,0,5,0,0,5,0,0,23,110,2,20,125,3,23,114,5,5,0,0,18,108,6
3666,5,30,15.4,4.34971,0,125,70.9,20.8185,0,7,2.5,30.3592,30,125,7,20,125,2,5,0,0,5,0,0,5,0,0,23,109,2,20,118,3,23,122,5,5,0,0,18,110,6
3667,5,30,15.4,4.34971,0,131,72.4,20.9269,0,7,2.5,30.3592,30,122,7,20,126,2,5,0,0,5,0,0,5,0,0,23,114,2,20,116,3,23,131,5,5,0,0,18,115,6
3668,5,30,15.4,4.34971,0,138,73.9,21.1278,0,7,2.5,30.3592,30,121,7,20,138,2,5,0,0,5,0,0,5,0,0,23,120,2,20,118,3,23,130,5,5,0,0,18,112,6
3669,5,30,15.4,4.34971,0,130,72.2,20.9244,0,7,2.5,30.3592,30,119,7,20,126,2,5,0,0,5,0,0,5,0,0,23,130,2,20,121,3,23,116,5,5,0,0,18,110,6
3670,5,30,15.4,4.34971,0,133,70.7,20.8337,0,7,2.4,30.3897,30,113,7,20,133,2,5,0,0,5,0,0,5,0,0,23,124,2,20,113,3,23,110,5,5,0,0,18,114,5
3671,5,30,15.4,4.34971,0,120,68.3,20.6045,0,7,2.5,30.3585,30,110,7,20,119,3,5,0,0,5,0,0,5,0,0,23,120,2,20,116,3,23,110,4,5,0,0,18,108,6
3672,5,30,15.4,4.34971,0,117,68.4,20.5874,0,7,2.4,30.3901,30,109,7,20,117,2,5,0,0,5,0,0,5,0,0,23,117,2,20,117,3,23,114,4,5,0,0,18,110,6
3673,5,30,15.4,4.34971,0,120,69.8,20.6686,0,7,2.5,30.3585,30,113,7,20,116,3,5,0,0,5,0,0,5,0,0,23,120,2,20,120,3,23,115,4,5,0,0,18,114,6
3674,5,30,15.4,4.34971,0,124,70.9,20.7588,0,6,2.5,30.3575,30,112,6,20,114,4,5,0,0,5,0,0,5,0,0,23,122,2,20,124,3,23,121,4,5,0,0,18,116,6
3675,5,30,15.4,4.34971,0,124,70.4,20.732,0,6,2.5,30.3575,30,110,6,20,110,4,5,0,0,5,0,0,5,0,0,23,122,2,20,124,3,23,121,4,5,0,0,18,117,6
3676,5,30,15.4,4.34971,0,126,71.7,20.8143,0,6,2.5,30.3575,30,114,6,20,117,4,5,0,0,5,0,0,5,0,0,23,120,2,20,126,3,23,118,4,5,0,0,18,122,6
3677,5,30,15.4,4.34971,0,128,73.8,21.0061,0,6,2.6,30.3265,30,121,6,20,120,4,5,0,0,5,0,0,5,0,0,23,126,2,20,128,3,23,121,5,5,0,0,18,122,6
3678,5,30,15.4,4.34971,0,123,73.2,20.9407,0,6,2.5,30.3575,30,122,6,20,123,4,5,0,0,5,0,0,5,0,0,23,123,2,20,121,3,23,122,4,5,0,0,18,121,6
3679,5,30,15.4,4.34971,0,123,71.8,20.8398,0,6,2.5,30.3575,30,122,6,20,120,4,5,0,0,5,0,0,5,0,0,23,121,2,20,120,3,23,123,4,5,0,0,18,112,6
3680,5,30,15.4,4.34971,0,125,70.9,20.7861,0,6,2.4,30.3881,30,125,5,20,123,4,5,0,0,5,0,0,5,0,0,23,115,2,20,115,3,23,119,4,5,0,0,18,112,6
3681,5,30,15.5,4.38064,0,123,70,20.7068,0,7,2.5,30.3579,30,118,5,20,123,4,5,0,0,5,0,0,5,0,0,23,108,2,20,117,3,23,114,4,5,0,0,19,120,7
3682,5,30,15.5,4.38064,0,124,69.1,20.6713,0,7,2.5,30.3579,30,114,5,20,124,4,5,0,0,5,0,0,5,0,0,23,105,2,20,121,3,23,112,4,5,0,0,19,115,7
3683,5,30,15.5,4.38064,0,138,70.7,20.9526,0,7,2.5,30.3579,30,110,5,20,138,4,5,0,0,5,0,0,5,0,0,23,101,2,20,125,3,23,108,4,5,0,0,19,125,7
3684,5,30,15.5,4.38064,0,129,69.5,20.7912,0,7,2.5,30.3579,30,108,5,20,129,4,5,0,0,5,0,0,5,0,0,23,97,2,20,123,3,23,119,4,5,0,0,19,119,7
3685,5,30,15.5,4.38064,0,129,71.1,20.8677,0,7,2.5,30.3579,30,112,5,20,129,4,5,0,0,5,0,0,5,0,0,23,102,2,20,118,3,23,126,4,5,0,0,19,124,7
3686,5,30,15.5,4.38064,0,126,71,20.7863,0,8,2.6,30.328,30,113,5,20,125,4,5,0,0,5,0,0,5,0,0,23,112,2,20,117,3,23,126,4,5,0,0,19,117,8
3687,5,30,15.5,4.38064,0,132,70.9,20.8909,0,8,2.6,30.328,30,102,5,20,129,4,5,0,0,5,0,0,5,0,0,23,109,2,20,122,3,23,132,4,5,0,0,19,115,8
3688,5,30,15.5,4.38064,0,128,72.1,20.9061,0,8,2.6,30.3277,30,108,5,20,127,4,5,0,0,5,0,0,5,0,0,23,112,3,20,124,3,23,128,3,5,0,0,19,122,8
3689,5,30,15.5,4.38064,0,130,71.2,20.8479,0,7,2.6,30.3263,30,104,5,20,126,4,5,0,0,5,0,0,5,0,0,23,113,3,20,122,3,23,117,4,5,0,0,19,130,7
3690,5,30,15.5,4.38064,0,129,72.1,20.9034,0,7,2.6,30.3263,30,108,5,20,118,4,5,0,0,5,0,0,5,0,0,23,112,3,20,127,3,23,127,4,5,0,0,19,129,7
3691,5,30,15.5,4.38064,0,127,71.1,20.7884,0,7,2.6,30.3263,30,116,5,20,113,4,5,0,0,5,0,0,5,0,0,23,110,3,20,120,3,23,125,4,5,0,0,19,127,7
3692,5,30,15.5,4.38064,0,122,71.4,20.7762,0,7,2.6,30.3263,30,116,5,20,117,4,5,0,0,5,0,0,5,0,0,23,119,3,20,119,3,23,121,4,5,0,0,19,122,7
3693,5,30,15.5,4.38064,0,124,71.9,20.8351,0,7,2.5,30.3579,30,120,5,20,113,4,5,0,0,5,0,0,5,0,0,23,124,2,20,121,3,23,123,4,5,0,0,19,118,7
3694,5,30,15.5,4.38064,0,127,71.7,20.8544,0,7,2.5,30.3579,30,114,5,20,113,4,5,0,0,5,0,0,5,0,0,23,126,2,20,127,3,23,124,4,5,0,0,19,113,7
3695,5,30,15.5,4.38064,0,127,69.5,20.7071,0,7,2.6,30.3269,30,117,5,20,107,4,5,0,0,5,0,0,5,0,0,23,121,2,20,127,3,23,114,5,5,0,0,19,109,7
3696,5,30,15.5,4.38064,0,124,70.2,20.7546,0,6,2.5,30.3572,30,124,5,20,107,4,5,0,0,5,0,0,5,0,0,23,123,2,20,123,3,23,112,5,5,0,0,19,113,6
3697,5,30,15.5,4.38064,0,128,70.7,20.8263,0,6,2.5,30.3572,30,127,5,20,106,4,5,0,0,5,0,0,5,0,0,23,120,2,20,128,3,23,116,5,5,0,0,19,110,6
3698,5,30,15.5,4.38064,0,126,70.4,20.7721,0,6,2.5,30.3572,30,126,5,20,109,4,5,0,0,5,0,0,5,0,0,23,115,2,20,125,3,23,119,5,5,0,0,19,110,6
3699,5,30,15.5,4.38064,0,123,69.5,20.687,0,7,2.6,30.3269,30,119,5,20,115,4,5,0,0,5,0,0,5,0,0,23,110,2,20,123,3,23,120,5,5,0,0,19,108,7
3700,5,30,15.5,4.38064,0,125,68.8,20.694,0,7,2.6,30.3269,30,122,5,20,119,4,5,0,0,5,0,0,5,0,0,23,106,2,20,125,3,23,106,5,5,0,0,19,110,7
3701,5,30,15.5,4.38064,0,127,69.1,20.6838,0,7,2.4,30.3892,30,127,5,20,112,3,5,0,0,5,0,0,5,0,0,23,112,2,20,120,3,23,109,4,5,0,0,19,111,7
3702,5,30,15.5,4.38064,0,132,70.1,20.772,0,6,2.3,30.4194,30,132,5,20,117,3,5,0,0,5,0,0,5,0,0,23,110,2,20,116,3,23,113,4,5,0,0,19,113,6
3703,5,30,15.5,4.38064,0,132,70.9,20.8674,0,6,2.3,30.4194,30,132,5,20,123,3,5,0,0,5,0,0,5,0,0,23,105,2,20,122,3,23,114,4,5,0,0,19,113,6
3704,5,30,15.5,4.38064,0,133,72.6,20.9818,0,6,2.3,30.4194,30,125,5,20,133,3,5,0,0,5,0,0,5,0,0,23,111,2,20,124,3,23,120,4,5,0,0,19,113,6
3705,5,30,15.5,4.38064,0,137,71.7,20.9077,0,6,2.3,30.4194,30,114,5,20,137,3,5,0,0,5,0,0,5,0,0,23,115,2,20,119,3,23,115,4,5,0,0,19,117,6
3706,5,30,15.5,4.38064,0,134,72.8,20.9671,0,6,2.4,30.3888,30,120,6,20,134,3,5,0,0,5,0,0,5,0,0,23,118,2,20,121,3,23,120,4,5,0,0,19,115,6
3707,5,30,15.5,4.38064,0,125,71.5,20.8066,0,6,2.3,30.4207,30,119,6,20,125,3,5,0,0,5,0,0,5,0,0,23,120,1,20,115,3,23,118,4,5,0,0,19,118,6
3708,5,30,15.5,4.38064,0,128,71.8,20.864,0,6,2.3,30.4207,30,122,6,20,118,3,5,0,0,5,0,0,5,0,0,23,121,1,20,128,3,23,119,4,5,0,0,19,110,6
3709,5,30,15.5,4.38064,0,127,71.2,20.812,0,6,2.3,30.4207,30,118,6,20,116,3,5,0,0,5,0,0,5,0,0,23,121,1,20,127,3,23,121,4,5,0,0,19,109,6
3710,5,30,15.5,4.38064,0,128,71.6,20.8608,0,6,2.3,30.4207,30,119,6,20,115,3,5,0,0,5,0,0,5,0,0,23,128,1,20,128,3,23,113,4,5,0,0,19,113,6
3711,5,30,15.5,4.38064,0,128,71.5,20.8528,0,6,2.3,30.4207,30,122,6,20,118,3,5,0,0,5,0,0,5,0,0,23,123,1,20,128,3,23,108,4,5,0,0,19,116,6
3712,5,30,15.5,4.38064,0,128,71.3,20.8167,0,6,2.3,30.4207,30,120,6,20,115,3,5,0,0,5,0,0,5,0,0,23,128,1,20,122,3,23,111,4,5,0,0,19,117,6
3713,5,30,15.5,4.38064,0,124,70.6,20.7567,0,6,2.5,30.3592,30,124,6,20,111,3,5,0,0,5,0,0,5,0,0,23,120,1,20,121,3,23,110,6,5,0,0,19,120,6
3714,5,30,15.5,4.38064,0,124,70,20.7105,0,6,2.5,30.3592,30,124,6,20,116,3,5,0,0,5,0,0,5,0,0,23,117,1,20,119,3,23,110,6,5,0,0,19,114,6
3715,5,30,15.5,4.38064,0,120,70.1,20.6826,0,6,2.5,30.3592,30,118,6,20,115,3,5,0,0,5,0,0,5,0,0,23,118,1,20,116,3,23,114,6,5,0,0,19,120,6
3716,5,30,15.5,4.38064,0,123,69.6,20.6824,0,6,2.5,30.3592,30,117,6,20,120,3,5,0,0,5,0,0,5,0,0,23,115,1,20,110,3,23,123,6,5,0,0,19,111,6
3717,5,30,15.5,4.38064,0,123,71.2,20.7771,0,6,2.5,30.3592,30,119,6,20,123,3,5,0,0,5,0,0,5,0,0,23,118,1,20,116,3,23,120,6,5,0,0,19,116,6
3718,5,30,15.5,4.38064,0,124,69.1,20.6569,0,6,2.5,30.3592,30,121,6,20,106,3,5,0,0,5,0,0,5,0,0,23,112,1,20,113,3,23,124,6,5,0,0,19,115,6
3719,5,30,15.5,4.38064,0,116,66.6,20.514,0,6,2.5,30.3592,30,116,6,20,100,3,5,0,0,5,0,0,5,0,0,23,109,1,20,116,3,23,113,6,5,0,0,19,112,6
3720,5,30,15.5,4.38064,0,127,67.3,20.6372,0,6,2.6,30.3279,30,127,6,20,98,4,5,0,0,5,0,0,5,0,0,23,110,1,20,117,3,23,115,6,5,0,0,19,106,6
3721,5,30,15.5,4.38064,0,127,68,20.6482,0,6,2.6,30.3279,30,127,6,20,108,4,5,0,0,5,0,0,5,0,0,23,118,1,20,114,3,23,108,6,5,0,0,19,105,6
3722,5,30,15.5,4.38064,0,126,69.9,20.7416,0,6,2.7,30.2958,30,126,6,20,123,4,5,0,0,5,0,0,5,0,0,23,117,2,20,110,3,23,110,6,5,0,0,19,113,6
3723,5,30,15.5,4.38064,0,130,71.4,20.8702,0,6,2.7,30.2958,30,130,6,20,124,4,5,0,0,5,0,0,5,0,0,23,122,2,20,110,3,23,113,6,5,0,0,19,115,6
3724,5,30,15.5,4.38064,0,131,72.4,20.924,0,6,2.7,30.2958,30,124,6,20,131,4,5,0,0,5,0,0,5,0,0,23,117,2,20,116,3,23,114,6,5,0,0,19,122,6
3725,5,30,15.5,4.38064,0,134,73,21.0067,0,6,2.7,30.2958,30,126,6,20,134,4,5,0,0,5,0,0,5,0,0,23,116,2,20,120,3,23,112,6,5,0,0,19,122,6
3726,5,30,15.5,4.38064,0,126,73.2,20.9517,0,6,2.6,30.3279,30,126,6,20,123,4,5,0,0,5,0,0,5,0,0,23,121,1,20,120,3,23,118,6,5,0,0,19,124,6
3727,5,30,15.5,4.38064,0,127,72.4,20.8901,0,7,2.6,30.3282,30,127,7,20,123,4,5,0,0,5,0,0,5,0,0,23,118,1,20,119,3,23,117,5,5,0,0,19,120,6
3728,5,30,15.5,4.38064,0,126,73.1,20.9393,0,7,2.6,30.3282,30,121,7,20,126,4,5,0,0,5,0,0,5,0,0,23,122,1,20,118,3,23,120,5,5,0,0,19,124,6
3729,5,30,15.5,4.38064,0,132,74.6,21.1034,0,6,2.5,30.3585,30,116,6,20,124,4,5,0,0,5,0,0,5,0,0,23,129,1,20,120,3,23,125,5,5,0,0,19,132,6
3730,5,30,15.5,4.38064,0,126,72.5,20.9001,0,6,2.5,30.3585,30,109,6,20,121,4,5,0,0,5,0,0,5,0,0,23,123,1,20,121,3,23,125,5,5,0,0,19,126,6
3731,5,30,15.5,4.38064,0,126,72.2,20.8798,0,6,2.5,30.3585,30,108,6,20,123,4,5,0,0,5,0,0,5,0,0,23,123,1,20,119,3,23,123,5,5,0,0,19,126,6
3732,5,30,15.5,4.38064,0,121,69.8,20.6748,0,7,2.6,30.3281,30,108,7,20,115,4,5,0,0,5,0,0,5,0,0,23,121,1,20,114,3,23,120,6,5,0,0,19,120,5
3733,5,30,15.5,4.38064,0,124,70,20.7151,0,7,2.6,30.3281,30,106,7,20,124,4,5,0,0,5,0,0,5,0,0,23,112,1,20,116,3,23,120,6,5,0,0,19,122,5
3734,5,30,15.5,4.38064,0,120,68,20.5885,0,8,2.7,30.2981,30,100,8,20,115,4,5,0,0,5,0,0,5,0,0,23,115,1,20,116,3,23,120,6,5,0,0,19,114,5
3735,5,30,15.5,4.38064,0,118,68.4,20.6057,0,8,2.7,30.2981,30,101,8,20,116,4,5,0,0,5,0,0,5,0,0,23,118,1,20,115,3,23,118,6,5,0,0,19,116,5
3736,5,30,15.5,4.38064,0,124,68.8,20.6457,0,9,2.9,30.2363,30,100,9,20,115,4,5,0,0,5,0,0,5,0,0,23,116,2,20,114,3,23,119,6,5,0,0,19,124,5
3737,5,30,15.5,4.38064,0,122,67.7,20.5612,0,9,2.9,30.2363,30,105,9,20,109,4,5,0,0,5,0,0,5,0,0,23,113,2,20,109,3,23,122,6,5,0,0,19,119,5
3738,5,30,15.5,4.38064,0,122,68.3,20.6227,0,9,2.8,30.2671,30,106,9,20,117,4,5,0,0,5,0,0,5,0,0,23,114,2,20,103,3,23,122,5,5,0,0,19,121,5
3739,5,30,15.5,4.38064,0,119,69.5,20.6566,0,9,2.8,30.2671,30,111,9,20,118,4,5,0,0,5,0,0,5,0,0,23,119,2,20,109,3,23,119,5,5,0,0,19,119,5
3740,5,30,15.5,4.38064,0,122,69.6,20.6821,0,9,2.7,30.2991,30,115,9,20,121,4,5,0,0,5,0,0,5,0,0,23,117,1,20,106,3,23,115,5,5,0,0,19,122,5
3741,5,30,15.5,4.38064,0,124,70.5,20.7539,0,9,2.7,30.2991,30,116,9,20,122,4,5,0,0,5,0,0,5,0,0,23,116,1,20,106,3,23,121,5,5,0,0,19,124,5
3742,5,30,15.5,4.38064,0,128,71.6,20.8891,0,7,2.5,30.3588,30,113,7,20,128,4,5,0,0,5,0,0,5,0,0,23,117,1,20,105,3,23,126,5,5,0,0,19,127,5
3743,5,30,15.5,4.38064,0,124,69.4,20.7375,0,7,2.5,30.3588,30,116,7,20,124,4,5,0,0,5,0,0,5,0,0,23,115,1,20,98,3,23,118,5,5,0,0,19,123,5
3744,5,30,15.5,4.38064,0,126,70.7,20.8012,0,6,2.4,30.3891,30,116,6,20,124,4,5,0,0,5,0,0,5,0,0,23,126,1,20,104,3,23,119,5,5,0,0,19,118,5
3745,5,30,15.5,4.38064,0,128,69.9,20.767,0,5,2.3,30.4196,30,105,5,20,128,4,5,0,0,5,0,0,5,0,0,23,125,1,20,110,3,23,119,5,5,0,0,19,112,5
3746,5,30,15.5,4.38064,0,131,71.5,20.8718,0,5,2.3,30.4196,30,112,5,20,131,4,5,0,0,5,0,0,5,0,0,23,124,1,20,108,3,23,119,5,5,0,0,19,121,5
3747,5,30,15.5,4.38064,0,127,72.7,20.9217,0,5,2.3,30.4196,30,114,5,20,127,4,5,0,0,5,0,0,5,0,0,23,119,1,20,116,3,23,127,5,5,0,0,19,124,5
3748,5,30,15.5,4.38064,0,130,72.6,20.93,0,5,2.3,30.4196,30,111,5,20,121,4,5,0,0,5,0,0,5,0,0,23,118,1,20,116,3,23,130,5,5,0,0,19,130,5
3749,5,30,15.5,4.38064,0,131,72.3,20.8876,0,5,2.3,30.4196,30,114,5,20,113,4,5,0,0,5,0,0,5,0,0,23,125,1,20,120,3,23,120,5,5,0,0,19,131,5
3750,5,30,15.5,4.38064,0,130,73.3,20.9808,0,5,2.3,30.4196,30,122,5,20,116,4,5,0,0,5,0,0,5,0,0,23,127,1,20,114,3,23,124,5,5,0,0,19,130,5
3751,5,30,15.5,4.38064,0,127,72.9,20.9205,0,5,2.4,30.3877,30,124,5,20,118,4,5,0,0,5,0,0,5,0,0,23,122,2,20,117,3,23,121,5,5,0,0,19,127,5
3752,5,30,15.5,4.38064,0,129,72.6,20.9023,0,5,2.4,30.3877,30,115,5,20,117,4,5,0,0,5,0,0,5,0,0,23,129,2,20,121,3,23,123,5,5,0,0,19,121,5
3753,5,30,15.5,4.38064,0,129,71.2,20.7973,0,5,2.3,30.4196,30,117,5,20,115,4,5,0,0,5,0,0,5,0,0,23,129,1,20,114,3,23,120,5,5,0,0,19,117,5
3754,5,30,15.5,4.38064,0,124,71.5,20.8343,0,6,2.4,30.3891,30,121,6,20,121,4,5,0,0,5,0,0,5,0,0,23,124,1,20,107,3,23,119,5,5,0,0,19,123,5
3755,5,30,15.5,4.38064,0,123,69.6,20.6768,0,6,2.4,30.3891,30,122,6,20,110,4,5,0,0,5,0,0,5,0,0,23,116,1,20,110,3,23,115,5,5,0,0,19,123,5
3756,5,30,15.5,4.38064,0,124,69.2,20.6728,0,6,2.4,30.3891,30,124,6,20,111,4,5,0,0,5,0,0,5,0,0,23,113,1,20,108,3,23,112,5,5,0,0,19,124,5
3757,5,30,15.5,4.38064,0,141,72.1,20.9988,0,6,2.5,30.3571,30,128,6,20,116,4,5,0,0,5,0,0,5,0,0,23,112,2,20,108,3,23,116,5,5,0,0,19,141,5
3758,5,30,15.5,4.38064,0,135,73.3,21.13,0,6,2.5,30.3571,30,133,6,20,129,4,5,0,0,5,0,0,5,0,0,23,106,2,20,109,3,23,121,5,5,0,0,19,135,5
3759,5,30,15.5,4.38064,0,133,71.4,20.9743,0,6,2.5,30.3571,30,127,6,20,128,4,5,0,0,5,0,0,5,0,0,23,99,2,20,110,3,23,117,5,5,0,0,19,133,5
3760,5,30,15.5,4.38064,0,133,70.7,20.977,0,6,2.5,30.3571,30,133,6,20,130,4,5,0,0,5,0,0,5,0,0,23,96,2,20,107,3,23,120,5,5,0,0,19,121,5
3761,5,30,15.5,4.38064,0,130,70,20.8404,0,6,2.5,30.3571,30,130,6,20,126,4,5,0,0,5,0,0,5,0,0,23,99,2,20,110,3,23,119,5,5,0,0,19,116,5
3762,5,30,15.5,4.38064,0,130,69.8,20.7616,0,5,2.3,30.4187,30,130,4,20,119,4,5,0,0,5,0,0,5,0,0,23,104,2,20,111,3,23,115,5,5,0,0,19,119,5
3763,5,30,15.5,4.38064,0,123,71,20.7643,0,5,2.3,30.4187,30,122,4,20,116,4,5,0,0,5,0,0,5,0,0,23,111,2,20,119,3,23,119,5,5,0,0,19,123,5
3764,5,30,15.5,4.38064,0,123,71.2,20.7748,0,5,2.3,30.4187,30,119,4,20,111,4,5,0,0,5,0,0,5,0,0,23,120,2,20,123,3,23,120,5,5,0,0,19,119,5
3765,5,30,15.5,4.38064,0,126,71.9,20.8617,0,5,2.3,30.4187,30,123,4,20,116,4,5,0,0,5,0,0,5,0,0,23,124,2,20,118,3,23,126,5,5,0,0,19,112,5
3766,5,30,15.5,4.38064,0,123,70.3,20.7406,0,5,2.2,30.4505,30,120,4,20,109,4,5,0,0,5,0,0,5,0,0,23,122,1,20,119,3,23,123,5,5,0,0,19,110,5
3767,5,30,15.5,4.38064,0,132,72.3,20.9133,0,5,2.1,30.4813,30,118,4,20,110,4,5,0,0,5,0,0,5,0,0,23,123,1,20,124,3,23,132,5,5,0,0,19,116,4
3768,5,30,15.5,4.38064,0,126,71.8,20.8683,0,5,2.1,30.4813,30,125,4,20,114,4,5,0,0,5,0,0,5,0,0,23,126,1,20,118,3,23,124,5,5,0,0,19,111,4
3769,5,30,15.5,4.38064,0,121,70.2,20.7203,0,5,2.1,30.4813,30,121,4,20,121,4,5,0,0,5,0,0,5,0,0,23,116,1,20,117,3,23,117,5,5,0,0,19,110,4
3770,5,30,15.5,4.38064,0,124,70.7,20.76,0,5,2.1,30.4813,30,124,4,20,120,4,5,0,0,5,0,0,5,0,0,23,119,1,20,114,3,23,118,5,5,0,0,19,112,4
3771,5,30,15.5,4.38064,0,124,69.8,20.7358,0,5,2.1,30.4813,30,124,4,20,121,4,5,0,0,5,0,0,5,0,0,23,122,1,20,109,3,23,113,5,5,0,0,19,109,4
3772,5,30,15.5,4.38064,0,128,70.5,20.7956,0,5,2.1,30.4813,30,128,4,20,120,4,5,0,0,5,0,0,5,0,0,23,123,1,20,108,3,23,113,5,5,0,0,19,113,4
3773,5,30,15.5,4.38064,0,124,69.4,20.6925,0,5,2.1,30.4813,30,115,4,20,124,4,5,0,0,5,0,0,5,0,0,23,120,1,20,107,3,23,118,5,5,0,0,19,110,4
3774,5,30,15.5,4.38064,0,123,67.8,20.5934,0,5,2.1,30.4813,30,109,4,20,117,4,5,0,0,5,0,0,5,0,0,23,116,1,20,106,3,23,123,5,5,0,0,19,107,4
3775,5,30,15.5,4.38064,0,124,67.9,20.5762,0,5,2,30.5125,30,110,4,20,114,3,5,0,0,5,0,0,5,0,0,23,110,1,20,112,3,23,124,5,5,0,0,19,109,4
3776,5,30,15.5,4.38064,0,119,68.5,20.6015,0,5,2,30.5125,30,111,4,20,115,3,5,0,0,5,0,0,5,0,0,23,119,1,20,113,3,23,119,5,5,0,0,19,108,4
3777,5,30,15.5,4.38064,0,121,70.1,20.6968,0,5,2.1,30.4816,30,115,5,20,121,3,5,0,0,5,0,0,5,0,0,23,110,1,20,118,3,23,120,5,5,0,0,19,117,4
3778,5,30,15.5,4.38064,0,124,69.5,20.6915,0,5,2.1,30.4816,30,115,5,20,124,3,5,0,0,5,0,0,5,0,0,23,104,1,20,116,3,23,119,5,5,0,0,19,117,4
3779,5,30,15.5,4.38064,0,124,69.5,20.698,0,5,2.1,30.4816,30,114,5,20,122,3,5,0,0,5,0,0,5,0,0,23,104,1,20,124,3,23,115,5,5,0,0,19,116,4
3780,5,30,15.5,4.38064,0,122,68.7,20.6458,0,5,2.2,30.4498,30,114,5,20,119,3,5,0,0,5,0,0,5,0,0,23,102,2,20,122,3,23,117,5,5,0,0,19,113,4
3781,5,30,15.5,4.38064,0,126,68,20.6393,0,5,2.2,30.4498,30,114,5,20,116,3,5,0,0,5,0,0,5,0,0,23,99,2,20,126,3,23,114,5,5,0,0,19,111,4
3782,5,30,15.5,4.38064,0,125,69,20.6681,0,5,2.3,30.4186,30,117,5,20,112,4,5,0,0,5,0,0,5,0,0,23,102,2,20,125,3,23,116,5,5,0,0,19,118,4
3783,5,30,15.5,4.38064,0,123,69.5,20.6692,0,5,2.3,30.4186,30,115,5,20,116,4,5,0,0,5,0,0,5,0,0,23,106,2,20,123,3,23,116,5,5,0,0,19,119,4
3784,5,30,15.5,4.38064,0,121,68.8,20.6283,0,6,2.4,30.388,30,112,6,20,113,4,5,0,0,5,0,0,5,0,0,23,104,2,20,121,3,23,118,5,5,0,0,19,120,4
3785,5,30,15.5,4.38064,0,123,69.9,20.7157,0,6,2.4,30.388,30,117,6,20,118,4,5,0,0,5,0,0,5,0,0,23,104,2,20,123,3,23,121,5,5,0,0,19,116,4
3786,5,30,15.5,4.38064,0,121,69.6,20.6881,0,6,2.4,30.388,30,119,6,20,118,4,5,0,0,5,0,0,5,0,0,23,105,2,20,119,3,23,121,5,5,0,0,19,114,4
3787,5,30,15.5,4.38064,0,127,69.8,20.6888,0,6,2.5,30.3567,30,112,6,20,115,4,5,0,0,5,0,0,5,0,0,23,110,2,20,117,4,23,127,5,5,0,0,19,117,4
3788,5,30,15.5,4.38064,0,127,70,20.7059,0,6,2.4,30.388,30,115,6,20,112,4,5,0,0,5,0,0,5,0,0,23,109,2,20,118,3,23,127,5,5,0,0,19,119,4
3789,5,30,15.5,4.38064,0,128,71.2,20.7914,0,6,2.4,30.388,30,121,6,20,116,4,5,0,0,5,0,0,5,0,0,23,114,2,20,116,3,23,128,5,5,0,0,19,117,4
3790,5,30,15.5,4.38064,0,125,70.6,20.7416,0,6,2.4,30.388,30,122,6,20,114,4,5,0,0,5,0,0,5,0,0,23,114,2,20,115,3,23,125,5,5,0,0,19,116,4
3791,5,30,15.5,4.38064,0,126,69.8,20.7408,0,6,2.5,30.3564,30,126,6,20,110,4,5,0,0,5,0,0,5,0,0,23,108,3,20,109,3,23,126,5,5,0,0,19,119,4
3792,5,30,15.5,4.38064,0,127,69.5,20.716,0,6,2.5,30.3564,30,118,6,20,112,4,5,0,0,5,0,0,5,0,0,23,122,3,20,106,3,23,127,5,5,0,0,19,110,4
3793,5,30,15.5,4.38064,0,125,69,20.6414,0,6,2.5,30.3564,30,115,6,20,109,4,5,0,0,5,0,0,5,0,0,23,125,3,20,113,3,23,116,5,5,0,0,19,112,4
3794,5,30,15.5,4.38064,0,127,70,20.7488,0,6,2.4,30.388,30,115,6,20,106,4,5,0,0,5,0,0,5,0,0,23,126,2,20,109,3,23,127,5,5,0,0,19,117,4
3795,5,30,15.5,4.38064,0,126,70.2,20.7541,0,5,2.3,30.4186,30,116,5,20,105,4,5,0,0,5,0,0,5,0,0,23,126,2,20,112,3,23,126,5,5,0,0,19,117,4
3796,5,30,15.5,4.38064,0,119,68.4,20.6088,0,5,2.2,30.4495,30,116,4,20,101,4,5,0,0,5,0,0,5,0,0,23,119,2,20,116,3,23,116,5,5,0,0,19,116,4
3797,5,30,15.5,4.38064,0,118,67.2,20.5412,0,5,2.2,30.4495,30,118,4,20,102,4,5,0,0,5,0,0,5,0,0,23,115,2,20,112,3,23,109,5,5,0,0,19,116,4
3798,5,30,15.5,4.38064,0,123,67.4,20.6016,0,5,2.2,30.4495,30,123,4,20,100,4,5,0,0,5,0,0,5,0,0,23,115,2,20,110,3,23,106,5,5,0,0,19,120,4
3799,5,30,15.5,4.38064,0,126,67.7,20.6456,0,5,2.3,30.4186,30,126,5,20,100,4,5,0,0,5,0,0,5,0,0,23,121,2,20,112,3,23,107,5,5,0,0,19,111,4
3800,5,30,15.5,4.38064,0,125,66.6,20.5658,0,5,2.3,30.4186,30,125,5,20,104,4,5,0,0,5,0,0,5,0,0,23,111,2,20,114,3,23,105,5,5,0,0,19,107,4
3801,5,30,15.5,4.38064,0,119,67.4,20.5522,0,5,2.3,30.4186,30,119,5,20,103,4,5,0,0,5,0,0,5,0,0,23,112,2,20,117,3,23,112,5,5,0,0,19,111,4
3802,5,30,15.6,4.41588,0,120,67.7,20.6002,0,5,2.3,30.4186,30,120,5,20,100,4,5,0,0,5,0,0,5,0,0,23,116,2,21,120,3,23,111,5,5,0,0,19,110,4
3803,5,30,15.6,4.41588,0,125,68.4,20.6828,0,5,2.3,30.4186,30,125,5,20,105,4,5,0,0,5,0,0,5,0,0,23,116,2,21,124,3,23,109,5,5,0,0,19,105,4
3804,5,30,15.6,4.41588,0,124,66.9,20.6039,0,5,2.3,30.4186,30,118,5,20,104,4,5,0,0,5,0,0,5,0,0,23,113,2,21,124,3,23,111,5,5,0,0,19,99,4
3805,5,30,15.6,4.41588,0,131,68.7,20.6911,0,5,2.3,30.4186,30,119,5,20,108,4,5,0,0,5,0,0,5,0,0,23,111,2,21,131,3,23,110,5,5,0,0,19,108,4
3806,5,30,15.6,4.41588,0,128,70.2,20.8039,0,5,2.4,30.3873,30,126,5,20,113,4,5,0,0,5,0,0,5,0,0,23,101,2,21,128,4,23,114,5,5,0,0,19,120,4
3807,5,30,15.6,4.41588,0,124,70.5,20.7616,0,5,2.5,30.3564,30,124,5,20,117,5,5,0,0,5,0,0,5,0,0,23,107,2,21,124,4,23,114,5,5,0,0,19,119,4
3808,5,30,15.7,4.45758,0,129,72.1,20.8804,0,7,2.8,30.2643,30,121,5,20,119,5,5,0,0,5,0,0,5,0,0,23,113,2,21,129,5,24,124,7,5,0,0,19,115,4
3809,5,30,15.7,4.45758,0,128,72.6,20.9386,0,7,2.9,30.2336,30,124,6,20,119,5,5,0,0,5,0,0,5,0,0,23,108,2,21,126,5,24,128,7,5,0,0,19,121,4
3810,5,30,15.7,4.45758,0,127,71.8,20.8691,0,8,3,30.2035,30,127,6,20,118,5,5,0,0,5,0,0,5,0,0,23,107,2,21,119,5,24,124,8,5,0,0,19,123,4
3811,5,30,15.7,4.45758,0,128,72.6,20.9179,0,8,3,30.2035,30,126,6,20,121,5,5,0,0,5,0,0,5,0,0,23,112,2,21,121,5,24,118,8,5,0,0,19,128,4
3812,5,30,15.7,4.45758,0,127,71.1,20.7916,0,8,3,30.2035,30,122,6,20,121,5,5,0,0,5,0,0,5,0,0,23,114,2,21,112,5,24,115,8,5,0,0,19,127,4
3813,5,30,15.7,4.45758,0,127,70.3,20.7288,0,8,3,30.2035,30,120,6,20,115,5,5,0,0,5,0,0,5,0,0,23,118,2,21,111,5,24,112,8,5,0,0,19,127,4
3814,5,30,15.7,4.45758,0,121,69.1,20.6492,0,8,2.8,30.2657,30,119,6,20,114,4,5,0,0,5,0,0,5,0,0,23,119,2,21,106,4,24,112,8,5,0,0,19,121,4
3815,5,30,15.7,4.45758,0,125,69.8,20.7269,0,8,2.9,30.2346,30,125,6,20,111,5,5,0,0,5,0,0,5,0,0,23,118,2,21,104,4,24,120,8,5,0,0,19,120,4
3816,5,30,15.7,4.45758,0,126,70.5,20.7369,0,8,2.8,30.2659,30,118,6,20,110,5,5,0,0,5,0,0,5,0,0,23,126,2,21,115,4,24,116,8,5,0,0,19,120,3
3817,5,30,15.7,4.45758,0,117,69.3,20.6267,0,8,2.9,30.2349,30,117,6,20,113,5,5,0,0,5,0,0,5,0,0,23,117,2,21,115,5,24,114,8,5,0,0,19,117,3
3818,5,30,15.7,4.45758,0,118,68.5,20.5816,0,8,2.9,30.2349,30,108,6,20,112,5,5,0,0,5,0,0,5,0,0,23,117,2,21,117,5,24,113,8,5,0,0,19,118,3
3819,5,30,15.7,4.45758,0,123,69.4,20.6549,0,9,3,30.2051,30,109,6,20,112,5,5,0,0,5,0,0,5,0,0,23,115,2,21,123,5,24,121,9,5,0,0,19,114,3
3820,5,30,15.7,4.45758,0,117,67.5,20.5346,0,9,3,30.2057,30,109,7,20,114,5,5,0,0,5,0,0,5,0,0,23,110,2,21,116,4,24,117,9,5,0,0,19,109,3
3821,5,30,15.7,4.45758,0,122,67.6,20.5794,0,8,2.9,30.2355,30,108,7,20,122,5,5,0,0,5,0,0,5,0,0,23,104,2,21,116,4,24,116,8,5,0,0,19,110,3
3822,5,30,15.7,4.45758,0,123,68,20.6143,0,8,2.9,30.2355,30,109,7,20,123,5,5,0,0,5,0,0,5,0,0,23,102,2,21,112,4,24,120,8,5,0,0,19,114,3
3823,5,30,15.7,4.45758,0,122,67.5,20.5782,0,8,2.9,30.2355,30,110,7,20,122,5,5,0,0,5,0,0,5,0,0,23,104,2,21,110,4,24,119,8,5,0,0,19,110,3
3824,5,30,15.7,4.45758,0,118,67.5,20.5515,0,8,2.9,30.2355,30,114,7,20,118,5,5,0,0,5,0,0,5,0,0,23,107,2,21,110,4,24,117,8,5,0,0,19,109,3
3825,5,30,15.7,4.45758,0,122,69.1,20.6573,0,8,2.9,30.2355,30,111,7,20,120,5,5,0,0,5,0,0,5,0,0,23,104,2,21,115,4,24,122,8,5,0,0,19,119,3
3826,5,30,15.7,4.45758,0,127,69.8,20.7388,0,8,2.9,30.2355,30,108,7,20,120,5,5,0,0,5,0,0,5,0,0,23,103,2,21,120,4,24,127,8,5,0,0,19,120,3
3827,5,30,15.7,4.45758,0,121,68.6,20.6262,0,7,2.7,30.296,30,110,6,20,117,5,5,0,0,5,0,0,5,0,0,23,103,2,21,121,4,24,119,7,5,0,0,19,116,3
3828,5,30,15.7,4.45758,0,127,70.6,20.7423,0,6,2.5,30.357,30,114,6,20,117,5,5,0,0,5,0,0,5,0,0,23,113,2,21,113,4,24,127,5,5,0,0,19,122,3
3829,5,30,15.7,4.45758,0,126,70.8,20.7783,0,6,2.6,30.3253,30,119,5,20,116,5,5,0,0,5,0,0,5,0,0,23,118,3,21,106,4,24,123,6,5,0,0,19,126,3
3830,5,31,15.8,4.51442,0,127,72.1,20.8839,0,8,2.9,30.2342,31,124,8,20,118,5,5,0,0,5,0,0,5,0,0,23,122,3,21,109,4,24,127,6,5,0,0,19,121,3
3831,5,31,15.8,4.51442,0,125,72.1,20.8747,0,8,2.9,30.2342,31,122,8,20,117,5,5,0,0,5,0,0,5,0,0,23,125,3,21,110,4,24,125,6,5,0,0,19,122,3
3832,5,31,15.8,4.51442,0,132,72.1,20.8826,0,7,2.7,30.295,31,119,7,20,116,5,5,0,0,5,0,0,5,0,0,23,132,3,21,115,4,24,117,5,5,0,0,19,122,3
3833,5,31,15.8,4.51442,0,131,72.1,20.8743,0,8,2.8,30.2646,31,116,8,20,120,4,5,0,0,5,0,0,5,0,0,23,131,4,21,116,4,24,118,5,5,0,0,19,120,3
3834,5,31,15.8,4.51442,0,130,71,20.8243,0,8,2.8,30.2646,31,124,8,20,110,4,5,0,0,5,0,0,5,0,0,23,130,4,21,113,4,24,120,5,5,0,0,19,113,3
3835,5,31,15.8,4.51442,0,127,70.3,20.7674,0,8,2.8,30.2646,31,122,8,20,105,4,5,0,0,5,0,0,5,0,0,23,127,4,21,110,4,24,120,5,5,0,0,19,119,3
3836,5,31,15.8,4.51442,0,128,70.4,20.7642,0,8,2.9,30.2335,31,120,8,20,105,4,5,0,0,5,0,0,5,0,0,23,128,4,21,115,5,24,115,5,5,0,0,19,121,3
3837,5,31,15.8,4.51442,0,120,67.3,20.5351,0,8,2.9,30.2335,31,107,8,20,106,4,5,0,0,5,0,0,5,0,0,23,120,4,21,109,5,24,114,5,5,0,0,19,117,3
3838,5,31,15.8,4.51442,0,119,66.6,20.4962,0,8,2.9,30.2335,31,105,8,20,108,4,5,0,0,5,0,0,5,0,0,23,119,4,21,110,5,24,112,5,5,0,0,19,112,3
3839,5,31,15.8,4.51442,0,122,68.3,20.6042,0,8,2.9,30.2335,31,118,8,20,110,4,5,0,0,5,0,0,5,0,0,23,122,4,21,112,5,24,107,5,5,0,0,19,114,3
3840,5,31,15.8,4.51442,0,125,69,20.66,0,6,2.7,30.294,31,118,6,20,114,4,5,0,0,5,0,0,5,0,0,23,125,4,21,110,5,24,107,5,5,0,0,19,116,3
3841,5,31,15.8,4.51442,0,125,69.7,20.7115,0,6,2.7,30.294,31,125,6,20,114,4,5,0,0,5,0,0,5,0,0,23,119,4,21,111,5,24,107,5,5,0,0,19,121,3
3842,5,31,15.8,4.51442,0,131,70,20.7659,0,6,2.7,30.294,31,131,6,20,115,4,5,0,0,5,0,0,5,0,0,23,119,4,21,112,5,24,108,5,5,0,0,19,115,3
3843,5,31,15.8,4.51442,0,135,71.8,20.9427,0,6,2.8,30.2633,31,135,6,20,119,4,5,0,0,5,0,0,5,0,0,23,125,4,21,112,6,24,108,5,5,0,0,19,119,3
3844,5,31,15.8,4.51442,0,129,71.1,20.838,0,6,2.7,30.2947,31,129,6,20,120,3,5,0,0,5,0,0,5,0,0,23,120,4,21,119,6,24,106,5,5,0,0,19,117,3
3845,5,31,15.8,4.51442,0,126,71.2,20.8177,0,6,2.7,30.2947,31,126,6,20,118,3,5,0,0,5,0,0,5,0,0,23,122,4,21,116,6,24,108,5,5,0,0,19,122,3
3846,5,31,15.8,4.51442,0,126,71.6,20.8274,0,6,2.7,30.2947,31,123,6,20,119,3,5,0,0,5,0,0,5,0,0,23,118,4,21,126,6,24,113,5,5,0,0,19,117,3
3847,5,31,15.8,4.51442,0,127,70.8,20.7705,0,6,2.7,30.2947,31,117,6,20,120,3,5,0,0,5,0,0,5,0,0,23,116,4,21,127,6,24,110,5,5,0,0,19,118,3
3848,5,31,15.8,4.51442,0,120,69.6,20.6564,0,6,2.6,30.3263,31,114,6,20,118,3,5,0,0,5,0,0,5,0,0,23,117,4,21,120,6,24,112,5,5,0,0,19,115,2
3849,5,31,15.8,4.51442,0,128,71.3,20.7997,0,6,2.6,30.3263,31,118,6,20,113,3,5,0,0,5,0,0,5,0,0,23,121,4,21,128,6,24,116,5,5,0,0,19,117,2
3850,5,31,15.8,4.51442,0,126,70.5,20.7419,0,6,2.6,30.3263,31,114,6,20,112,3,5,0,0,5,0,0,5,0,0,23,123,4,21,126,6,24,114,5,5,0,0,19,116,2
3851,5,31,15.8,4.51442,0,124,69.7,20.7025,0,6,2.6,30.3263,31,115,6,20,105,3,5,0,0,5,0,0,5,0,0,23,123,4,21,124,6,24,112,5,5,0,0,19,118,2
3852,5,31,15.9,4.55082,0,121,68.4,20.6119,0,9,2.9,30.2361,31,104,6,20,105,3,5,0,0,5,0,0,5,0,0,23,116,4,22,118,9,24,121,5,5,0,0,19,120,2
3853,5,31,15.9,4.55082,0,126,69.8,20.7243,0,9,2.9,30.2361,31,112,6,20,101,3,5,0,0,5,0,0,5,0,0,23,118,4,22,118,9,24,123,5,5,0,0,19,126,2
3854,5,31,15.9,4.55082,0,123,70.4,20.7386,0,9,2.9,30.2361,31,118,6,20,104,3,5,0,0,5,0,0,5,0,0,23,120,4,22,119,9,24,120,5,5,0,0,19,123,2
3855,5,31,15.9,4.55082,0,126,69.4,20.6643,0,9,2.9,30.2361,31,116,6,20,109,3,5,0,0,5,0,0,5,0,0,23,113,4,22,111,9,24,126,5,5,0,0,19,119,2
3856,5,31,15.9,4.55082,0,129,70.8,20.7763,0,9,2.9,30.2361,31,118,6,20,108,3,5,0,0,5,0,0,5,0,0,23,113,4,22,118,9,24,129,5,5,0,0,19,122,2
3857,5,31,16,4.59347,0,125,71.5,20.8081,0,9,3,30.2053,31,120,6,20,110,3,5,0,0,5,0,0,5,0,0,23,116,4,22,121,9,25,125,6,5,0,0,19,123,2
3858,5,31,16,4.59347,0,127,71.5,20.825,0,9,3,30.2053,31,127,6,20,113,3,5,0,0,5,0,0,5,0,0,23,112,4,22,118,9,25,121,6,5,0,0,19,124,2
3859,5,31,16,4.59347,0,121,71.4,20.78,0,9,3,30.2053,31,120,6,20,119,3,5,0,0,5,0,0,5,0,0,23,116,4,22,119,9,25,119,6,5,0,0,19,121,2
3860,5,31,16,4.59347,0,124,71.8,20.8176,0,9,2.9,30.2368,31,116,6,20,116,3,5,0,0,5,0,0,5,0,0,23,122,3,22,124,9,25,118,6,5,0,0,19,122,2
3861,5,31,16,4.59347,0,128,72.6,20.9097,0,9,3.1,30.1762,31,118,6,20,119,3,5,0,0,5,0,0,5,0,0,23,128,3,22,126,9,25,117,8,5,0,0,19,118,2
3862,5,31,16,4.59347,0,127,72.9,20.9273,0,9,3.1,30.1762,31,116,6,20,122,3,5,0,0,5,0,0,5,0,0,23,127,3,22,125,9,25,119,8,5,0,0,19,120,2
3863,5,31,16,4.59347,0,130,72.1,20.8771,0,8,3,30.206,31,116,6,20,117,3,5,0,0,5,0,0,5,0,0,23,130,3,22,122,8,25,113,8,5,0,0,19,123,2
3864,5,31,16,4.59347,0,128,71.1,20.7911,0,8,3,30.206,31,114,6,20,119,3,5,0,0,5,0,0,5,0,0,23,128,3,22,119,8,25,112,8,5,0,0,19,119,2
3865,5,31,16,4.59347,0,123,69.3,20.6546,0,8,2.9,30.2361,31,111,6,20,118,3,5,0,0,5,0,0,5,0,0,23,123,3,22,117,8,25,111,7,5,0,0,19,113,2
3866,5,31,16,4.59347,0,123,69.3,20.6443,0,8,2.9,30.2361,31,113,6,20,115,3,5,0,0,5,0,0,5,0,0,23,123,3,22,115,8,25,111,7,5,0,0,19,116,2
3867,5,31,16,4.59347,0,123,68.8,20.6163,0,8,2.9,30.2361,31,109,6,20,115,3,5,0,0,5,0,0,5,0,0,23,123,3,22,113,8,25,112,7,5,0,0,19,116,2
3868,5,31,16.1,4.63141,0,122,69.6,20.6578,0,14,3.5,30.062,31,112,6,20,112,3,5,0,0,5,0,0,5,0,0,23,122,3,23,119,14,25,116,7,5,0,0,19,115,2
3869,5,31,16.1,4.63141,0,134,69.7,20.7754,0,14,3.4,30.0929,31,109,5,20,108,3,5,0,0,5,0,0,5,0,0,23,123,3,23,134,14,25,114,7,5,0,0,19,109,2
3870,5,31,16.1,4.63141,0,136,70.8,20.8522,0,14,3.4,30.0929,31,107,5,20,114,3,5,0,0,5,0,0,5,0,0,23,124,3,23,136,14,25,112,7,5,0,0,19,115,2
3871,5,31,16.1,4.63141,0,130,69.6,20.752,0,15,3.5,30.065,31,106,5,20,115,3,5,0,0,5,0,0,5,0,0,23,125,3,23,130,15,25,108,7,5,0,0,19,112,2
3872,5,31,16.1,4.63141,0,122,68.9,20.6662,0,15,3.5,30.065,31,112,5,20,121,3,5,0,0,5,0,0,5,0,0,23,119,3,23,122,15,25,108,7,5,0,0,19,107,2
3873,5,31,16.1,4.63141,0,125,68.7,20.6664,0,15,3.5,30.065,31,114,5,20,117,3,5,0,0,5,0,0,5,0,0,23,118,3,23,125,15,25,109,7,5,0,0,19,104,2
3874,5,31,16.1,4.63141,0,122,68.9,20.6512,0,15,3.5,30.065,31,116,5,20,118,3,5,0,0,5,0,0,5,0,0,23,117,3,23,122,15,25,108,7,5,0,0,19,108,2
3875,5,31,16.1,4.63141,0,124,70.3,20.7794,0,14,3.4,30.0929,31,118,5,20,123,3,5,0,0,5,0,0,5,0,0,23,124,3,23,122,14,25,106,7,5,0,0,19,110,2
3876,5,31,16.1,4.63141,0,132,72.7,20.9589,0,12,3.3,30.1195,31,122,5,20,132,3,5,0,0,5,0,0,5,0,0,23,121,3,23,121,12,25,111,8,5,0,0,19,120,2
3877,5,31,16.1,4.63141,0,129,71.7,20.8767,0,12,3.3,30.1195,31,126,5,20,129,3,5,0,0,5,0,0,5,0,0,23,118,3,23,117,12,25,113,8,5,0,0,19,114,2
3878,5,31,16.1,4.63141,0,133,72.1,20.9613,0,11,3.2,30.1483,31,133,5,20,130,3,5,0,0,5,0,0,5,0,0,23,116,3,23,115,11,25,112,8,5,0,0,19,115,2
3879,5,31,16.1,4.63141,0,136,73.1,21.0591,0,10,3.1,30.1775,31,130,5,20,136,3,5,0,0,5,0,0,5,0,0,23,121,3,23,113,10,25,116,8,5,0,0,19,115,2
3880,5,31,16.1,4.63141,0,132,70.9,20.8124,0,10,3,30.2093,31,116,5,20,132,3,5,0,0,5,0,0,5,0,0,23,118,2,23,112,10,25,116,8,5,0,0,19,115,2
3881,5,31,16.1,4.63141,0,121,69.6,20.6615,0,10,3,30.2093,31,111,5,20,121,3,5,0,0,5,0,0,5,0,0,23,114,2,23,112,10,25,120,8,5,0,0,19,118,2
3882,5,32,16.2,4.68828,0,125,70.8,20.7759,0,11,3.3,30.1188,32,112,8,20,125,3,5,0,0,5,0,0,5,0,0,23,122,2,23,109,11,25,118,7,5,0,0,19,122,2
3883,5,32,16.3,4.72123,0,127,70.1,20.7443,0,11,3.2,30.148,32,111,7,21,127,4,5,0,0,5,0,0,5,0,0,23,119,2,23,107,11,25,121,6,5,0,0,19,116,2
3884,5,32,16.3,4.72123,0,125,70.8,20.8004,0,11,3.3,30.1168,32,109,7,21,125,5,5,0,0,5,0,0,5,0,0,23,124,2,23,108,11,25,124,6,5,0,0,19,118,2
3885,5,32,16.3,4.72123,0,125,69.9,20.762,0,10,3.2,30.146,32,102,7,21,125,5,5,0,0,5,0,0,5,0,0,23,125,2,23,109,10,25,121,6,5,0,0,19,117,2
3886,5,32,16.3,4.72123,0,122,67.3,20.5829,0,10,3.2,30.146,32,108,7,21,122,5,5,0,0,5,0,0,5,0,0,23,119,2,23,103,10,25,107,6,5,0,0,19,114,2
3887,5,32,16.4,4.75184,0,127,68.9,20.6874,0,10,3.2,30.1454,32,106,7,21,127,4,5,0,0,5,0,0,5,0,0,23,120,3,23,105,10,25,113,6,5,0,0,20,118,2
3888,5,32,16.4,4.75184,0,129,68.4,20.6557,0,10,3.1,30.1769,32,110,7,21,129,3,5,0,0,5,0,0,5,0,0,23,114,3,23,110,10,25,113,6,5,0,0,20,108,2
3889,5,32,16.4,4.75184,0,126,70,20.7077,0,9,3,30.2063,32,112,7,21,126,3,5,0,0,5,0,0,5,0,0,23,116,3,23,112,9,25,118,6,5,0,0,20,116,2
3890,5,32,16.4,4.75184,0,125,71.2,20.831,0,8,2.8,30.2678,32,120,7,21,125,3,5,0,0,5,0,0,5,0,0,23,123,2,23,112,8,25,123,6,5,0,0,20,109,2
3891,5,32,16.4,4.75184,0,129,71.5,20.854,0,8,2.9,30.2364,32,129,7,21,120,4,5,0,0,5,0,0,5,0,0,23,114,2,23,114,8,25,125,6,5,0,0,20,113,2
3892,5,32,16.4,4.75184,0,132,71.7,20.8824,0,8,2.9,30.2364,32,132,7,21,122,4,5,0,0,5,0,0,5,0,0,23,115,2,23,115,8,25,120,6,5,0,0,20,113,2
3893,5,32,16.4,4.75184,0,129,71.9,20.8798,0,7,2.9,30.2348,32,129,7,21,121,4,5,0,0,5,0,0,5,0,0,23,117,3,23,123,7,25,117,6,5,0,0,20,112,2
3894,5,32,16.4,4.75184,0,125,71.6,20.8242,0,7,3,30.2043,32,118,7,21,125,4,5,0,0,5,0,0,5,0,0,23,122,3,23,121,7,25,114,7,5,0,0,20,116,2
3895,5,32,16.4,4.75184,0,131,72.6,20.9737,0,9,3.1,30.1762,32,131,7,21,127,4,5,0,0,5,0,0,5,0,0,23,124,2,23,117,7,25,114,9,5,0,0,20,113,2
3896,5,32,16.4,4.75184,0,130,72.9,20.9681,0,9,3,30.2077,32,122,7,21,125,3,5,0,0,5,0,0,5,0,0,23,130,2,23,119,7,25,121,9,5,0,0,20,112,2
3897,5,32,16.4,4.75184,0,125,72.2,20.8837,0,9,3.1,30.1762,32,125,7,21,121,4,5,0,0,5,0,0,5,0,0,23,121,2,23,111,7,25,125,9,5,0,0,20,119,2
3898,5,32,16.4,4.75184,0,125,70.4,20.7392,0,8,3,30.206,32,118,7,21,118,4,5,0,0,5,0,0,5,0,0,23,125,2,23,108,7,25,117,8,5,0,0,20,118,2
3899,5,32,16.4,4.75184,0,125,71.2,20.7946,0,8,3,30.206,32,119,7,21,120,4,5,0,0,5,0,0,5,0,0,23,125,2,23,110,7,25,120,8,5,0,0,20,118,2
3900,5,32,16.4,4.75184,0,127,70.4,20.7698,0,8,3,30.206,32,115,7,21,122,4,5,0,0,5,0,0,5,0,0,23,127,2,23,107,7,25,120,8,5,0,0,20,113,2
3901,5,32,16.4,4.75184,0,129,72.8,20.9478,0,8,2.9,30.2374,32,123,7,21,129,3,5,0,0,5,0,0,5,0,0,23,124,2,23,120,7,25,117,8,5,0,0,20,115,2
3902,5,32,16.4,4.75184,0,130,72.3,20.911,0,8,2.9,30.2378,32,118,8,21,130,3,5,0,0,5,0,0,5,0,0,23,121,2,23,119,6,25,123,8,5,0,0,20,112,2
3903,5,32,16.4,4.75184,0,135,70.5,20.8547,0,8,3,30.206,32,116,8,21,135,3,5,0,0,5,0,0,5,0,0,23,116,3,23,121,6,25,111,8,5,0,0,20,106,2
3904,5,32,16.4,4.75184,0,129,69.7,20.7409,0,8,2.9,30.2361,32,108,8,21,129,3,5,0,0,5,0,0,5,0,0,23,121,3,23,118,6,25,111,7,5,0,0,20,110,2
3905,5,32,16.4,4.75184,0,127,70.6,20.7681,0,9,3,30.2063,32,112,9,21,127,3,5,0,0,5,0,0,5,0,0,23,121,3,23,119,6,25,110,7,5,0,0,20,117,2
3906,5,32,16.4,4.75184,0,119,68.9,20.6346,0,8,2.8,30.2678,32,117,8,21,119,3,5,0,0,5,0,0,5,0,0,23,119,2,23,113,6,25,107,7,5,0,0,20,114,2
3907,5,32,16.4,4.75184,0,123,69.7,20.7108,0,8,2.9,30.2361,32,123,8,21,122,3,5,0,0,5,0,0,5,0,0,23,117,3,23,112,6,25,107,7,5,0,0,20,116,2
3908,5,32,16.4,4.75184,0,121,69.1,20.6468,0,8,2.9,30.2361,32,118,8,21,118,3,5,0,0,5,0,0,5,0,0,23,114,3,23,114,6,25,106,7,5,0,0,20,121,2
3909,5,32,16.4,4.75184,0,127,70.4,20.757,0,8,2.9,30.2361,32,121,8,21,120,3,5,0,0,5,0,0,5,0,0,23,114,3,23,115,6,25,107,7,5,0,0,20,127,2
3910,5,32,16.4,4.75184,0,130,71.8,20.8677,0,8,2.9,30.2361,32,120,8,21,126,3,5,0,0,5,0,0,5,0,0,23,115,3,23,112,6,25,115,7,5,0,0,20,130,2
3911,5,32,16.4,4.75184,0,131,72.4,20.8997,0,8,3,30.2057,32,123,8,21,119,3,5,0,0,5,0,0,5,0,0,23,121,3,23,114,7,25,116,7,5,0,0,20,131,2
3912,5,32,16.4,4.75184,0,134,73,20.9797,0,7,2.9,30.2358,32,124,7,21,125,3,5,0,0,5,0,0,5,0,0,23,115,3,23,114,7,25,118,7,5,0,0,20,134,2
3913,5,32,16.4,4.75184,0,131,71.2,20.8229,0,7,2.7,30.2969,32,117,7,21,124,3,5,0,0,5,0,0,5,0,0,23,113,3,23,110,7,25,117,5,5,0,0,20,131,2
3914,5,32,16.4,4.75184,0,126,71,20.7623,0,7,2.7,30.2969,32,119,7,21,115,3,5,0,0,5,0,0,5,0,0,23,119,3,23,118,7,25,113,5,5,0,0,20,126,2
3915,5,32,16.4,4.75184,0,126,69.4,20.6716,0,7,2.7,30.2969,32,117,7,21,113,3,5,0,0,5,0,0,5,0,0,23,119,3,23,109,7,25,110,5,5,0,0,20,126,2
3916,5,32,16.4,4.75184,0,117,68.8,20.5975,0,7,2.7,30.2969,32,116,7,21,114,3,5,0,0,5,0,0,5,0,0,23,115,3,23,115,7,25,111,5,5,0,0,20,117,2
3917,5,32,16.4,4.75184,0,119,69.1,20.6199,0,7,2.6,30.3279,32,113,7,21,117,3,5,0,0,5,0,0,5,0,0,23,113,3,23,119,7,25,116,4,5,0,0,20,113,2
3918,5,32,16.4,4.75184,0,124,70.3,20.7225,0,7,2.6,30.3279,32,112,7,21,119,3,5,0,0,5,0,0,5,0,0,23,118,3,23,119,7,25,124,4,5,0,0,20,111,2
3919,5,32,16.5,4.79062,0,129,71.8,20.874,0,9,2.8,30.2682,32,113,7,21,125,3,5,0,0,5,0,0,5,0,0,23,123,3,24,129,9,25,114,4,5,0,0,20,114,2
3920,5,32,16.5,4.79062,0,127,72.5,20.9316,0,8,2.7,30.2979,32,113,7,21,127,3,5,0,0,5,0,0,5,0,0,23,127,3,24,126,8,25,118,4,5,0,0,20,114,2
3921,5,32,16.5,4.79062,0,124,70.5,20.7208,0,8,2.7,30.2979,32,114,7,21,116,3,5,0,0,5,0,0,5,0,0,23,124,3,24,115,8,25,119,4,5,0,0,20,117,2
3922,5,32,16.5,4.79062,0,120,67.6,20.5444,0,8,2.6,30.3282,32,111,6,21,113,3,5,0,0,5,0,0,5,0,0,23,120,3,24,110,8,25,111,4,5,0,0,20,111,2
3923,5,32,16.5,4.79062,0,120,67.1,20.544,0,8,2.6,30.3282,32,106,6,21,120,3,5,0,0,5,0,0,5,0,0,23,108,3,24,113,8,25,117,4,5,0,0,20,107,2
3924,5,32,16.5,4.79062,0,120,68.7,20.612,0,8,2.6,30.3282,32,113,6,21,114,3,5,0,0,5,0,0,5,0,0,23,105,3,24,118,8,25,120,4,5,0,0,20,117,2
3925,5,32,16.5,4.79062,0,124,67.1,20.5394,0,8,2.6,30.3282,32,106,6,21,108,3,5,0,0,5,0,0,5,0,0,23,109,3,24,114,8,25,124,4,5,0,0,20,110,2
3926,5,32,16.5,4.79062,0,120,68.8,20.6039,0,9,2.8,30.2672,32,110,6,21,111,4,5,0,0,5,0,0,5,0,0,23,111,3,24,119,9,25,120,4,5,0,0,20,117,2
3927,5,32,16.5,4.79062,0,125,69.1,20.6506,0,9,2.9,30.2358,32,118,6,21,111,4,5,0,0,5,0,0,5,0,0,23,110,4,24,109,9,25,125,4,5,0,0,20,118,2
3928,5,32,16.5,4.79062,0,122,70.2,20.6896,0,9,2.9,30.2358,32,116,6,21,115,4,5,0,0,5,0,0,5,0,0,23,114,4,24,117,9,25,122,4,5,0,0,20,118,2
3929,5,32,16.5,4.79062,0,119,67.9,20.5529,0,9,2.9,30.2358,32,112,6,21,108,4,5,0,0,5,0,0,5,0,0,23,108,4,24,117,9,25,115,4,5,0,0,20,119,2
3930,5,32,16.5,4.79062,0,136,69.5,20.7362,0,9,3,30.2047,32,116,6,21,109,4,5,0,0,5,0,0,5,0,0,23,110,5,24,112,9,25,112,4,5,0,0,20,136,2
3931,5,32,16.5,4.79062,0,134,69.9,20.7518,0,8,3,30.204,32,112,7,21,111,4,5,0,0,5,0,0,5,0,0,23,117,5,24,106,8,25,119,4,5,0,0,20,134,2
3932,5,32,16.5,4.79062,0,133,70.2,20.7423,0,8,3,30.204,32,111,7,21,115,4,5,0,0,5,0,0,5,0,0,23,112,5,24,113,8,25,118,4,5,0,0,20,133,2
3933,5,32,16.5,4.79062,0,131,70.8,20.7737,0,8,3,30.204,32,115,7,21,116,4,5,0,0,5,0,0,5,0,0,23,110,5,24,115,8,25,121,4,5,0,0,20,131,2
3934,5,32,16.5,4.79062,0,129,71.6,20.8409,0,8,3,30.204,32,111,7,21,115,4,5,0,0,5,0,0,5,0,0,23,112,5,24,122,8,25,127,4,5,0,0,20,129,2
3935,5,32,16.5,4.79062,0,129,71.2,20.8186,0,8,3,30.204,32,114,7,21,110,4,5,0,0,5,0,0,5,0,0,23,110,5,24,124,8,25,125,4,5,0,0,20,129,2
3936,5,32,16.5,4.79062,0,135,71.9,20.9013,0,8,3,30.204,32,113,7,21,107,4,5,0,0,5,0,0,5,0,0,23,117,5,24,121,8,25,126,4,5,0,0,20,135,2
3937,5,32,16.5,4.79062,0,125,70,20.7407,0,8,3,30.204,32,116,7,21,103,4,5,0,0,5,0,0,5,0,0,23,110,5,24,125,8,25,123,4,5,0,0,20,123,2
3938,5,32,16.5,4.79062,0,123,69.4,20.661,0,8,3,30.204,32,112,7,21,107,4,5,0,0,5,0,0,5,0,0,23,113,5,24,122,8,25,123,4,5,0,0,20,117,2
3939,5,32,16.5,4.79062,0,123,70.3,20.7048,0,8,3,30.204,32,114,7,21,111,4,5,0,0,5,0,0,5,0,0,23,119,5,24,115,8,25,123,4,5,0,0,20,121,2
3940,5,32,16.5,4.79062,0,126,68.7,20.6224,0,8,3.1,30.1729,32,112,7,21,112,5,5,0,0,5,0,0,5,0,0,23,116,5,24,114,8,25,107,4,5,0,0,20,126,2
3941,5,32,16.5,4.79062,0,127,69.6,20.6918,0,7,3,30.203,32,110,7,21,114,5,5,0,0,5,0,0,5,0,0,23,118,5,24,120,7,25,107,4,5,0,0,20,127,2
3942,5,32,16.5,4.79062,0,127,71.7,20.816,0,7,3,30.203,32,116,7,21,114,5,5,0,0,5,0,0,5,0,0,23,123,5,24,119,7,25,118,4,5,0,0,20,127,2
3943,5,32,16.5,4.79062,0,126,73.9,21.0196,0,7,3,30.203,32,124,7,21,126,5,5,0,0,5,0,0,5,0,0,23,125,5,24,118,7,25,123,4,5,0,0,20,123,2
3944,5,32,16.5,4.79062,0,134,72.8,20.9662,0,7,2.9,30.2335,32,121,7,21,134,5,5,0,0,5,0,0,5,0,0,23,119,5,24,114,6,25,118,4,5,0,0,20,122,2
3945,5,32,16.5,4.79062,0,131,71.9,20.9152,0,7,2.8,30.2645,32,124,7,21,131,4,5,0,0,5,0,0,5,0,0,23,112,5,24,111,6,25,114,4,5,0,0,20,127,2
3946,5,32,16.5,4.79062,0,123,71,20.7751,0,7,2.9,30.2335,32,123,7,21,122,5,5,0,0,5,0,0,5,0,0,23,115,5,24,116,6,25,120,4,5,0,0,20,114,2
3947,5,32,16.6,4.82286,0,117,68.2,20.5627,0,7,3.1,30.1708,32,112,7,21,117,5,5,0,0,5,0,0,5,0,0,23,113,5,24,114,6,25,112,3,5,0,0,21,114,5
3948,5,32,16.7,4.86518,0,126,69.9,20.712,0,7,3.1,30.1708,32,113,7,21,126,5,5,0,0,5,0,0,5,0,0,23,109,5,24,116,6,26,113,3,5,0,0,21,122,5
3949,5,32,16.7,4.86518,0,126,71.2,20.8011,0,7,3.1,30.1708,32,115,7,21,126,5,5,0,0,5,0,0,5,0,0,23,109,5,24,120,6,26,121,3,5,0,0,21,121,5
3950,5,32,16.7,4.86518,0,125,70.9,20.7736,0,7,3.1,30.1708,32,111,7,21,123,5,5,0,0,5,0,0,5,0,0,23,110,5,24,121,6,26,119,3,5,0,0,21,125,5
3951,5,32,16.7,4.86518,0,123,70.5,20.7267,0,7,3.1,30.1708,32,117,7,21,123,5,5,0,0,5,0,0,5,0,0,23,113,5,24,118,6,26,114,3,5,0,0,21,120,5
3952,5,32,16.7,4.86518,0,120,71.5,20.786,0,7,3.1,30.1708,32,117,7,21,119,5,5,0,0,5,0,0,5,0,0,23,120,5,24,120,6,26,120,3,5,0,0,21,119,5
3953,5,32,16.7,4.86518,0,123,72.3,20.864,0,7,3.1,30.1708,32,122,7,21,123,5,5,0,0,5,0,0,5,0,0,23,119,5,24,120,6,26,117,3,5,0,0,21,122,5
3954,5,32,16.7,4.86518,0,126,71.6,20.8329,0,7,3.1,30.1708,32,121,7,21,126,5,5,0,0,5,0,0,5,0,0,23,122,5,24,115,6,26,113,3,5,0,0,21,119,5
3955,5,32,16.7,4.86518,0,125,70,20.7168,0,7,3.1,30.1708,32,117,7,21,125,5,5,0,0,5,0,0,5,0,0,23,115,5,24,119,6,26,109,3,5,0,0,21,115,5
3956,5,32,16.7,4.86518,0,126,70.9,20.7766,0,7,3.1,30.1708,32,126,7,21,120,5,5,0,0,5,0,0,5,0,0,23,111,5,24,115,6,26,117,3,5,0,0,21,120,5
3957,5,32,16.7,4.86518,0,128,71.3,20.8115,0,7,3,30.2016,32,128,7,21,115,5,5,0,0,5,0,0,5,0,0,23,119,5,24,113,5,26,121,3,5,0,0,21,117,5
3958,5,32,16.7,4.86518,0,128,71.5,20.8189,0,7,3,30.2016,32,123,7,21,113,5,5,0,0,5,0,0,5,0,0,23,116,5,24,115,5,26,128,3,5,0,0,21,120,5
3959,5,32,16.7,4.86518,0,126,71.8,20.8209,0,7,3,30.2016,32,119,7,21,118,5,5,0,0,5,0,0,5,0,0,23,119,5,24,116,5,26,126,3,5,0,0,21,120,5
3960,5,32,16.7,4.86518,0,126,71.6,20.8186,0,7,3,30.2016,32,120,7,21,115,5,5,0,0,5,0,0,5,0,0,23,119,5,24,122,5,26,126,3,5,0,0,21,114,5
3961,5,32,16.7,4.86518,0,127,72.4,20.9038,0,7,2.9,30.2327,32,125,7,21,114,4,5,0,0,5,0,0,5,0,0,23,118,5,24,125,5,26,127,3,5,0,0,21,115,5
3962,5,32,16.7,4.86518,0,125,71.6,20.8512,0,7,2.9,30.2337,32,125,7,21,110,4,5,0,0,5,0,0,5,0,0,23,121,5,24,124,5,26,124,2,5,0,0,21,112,6
3963,5,32,16.7,4.86518,0,124,70,20.727,0,7,2.8,30.2644,32,124,7,21,112,4,5,0,0,5,0,0,5,0,0,23,123,5,24,118,5,26,113,2,5,0,0,21,110,5
3964,5,32,16.7,4.86518,0,123,70.4,20.7736,0,7,2.8,30.2644,32,122,7,21,113,4,5,0,0,5,0,0,5,0,0,23,123,5,24,121,5,26,120,2,5,0,0,21,105,5
3965,5,32,16.7,4.86518,0,120,68.6,20.6495,0,7,2.8,30.2644,32,119,7,21,116,4,5,0,0,5,0,0,5,0,0,23,118,5,24,120,5,26,109,2,5,0,0,21,104,5
3966,5,32,16.7,4.86518,0,127,71.4,20.8623,0,7,2.8,30.2644,32,124,7,21,127,4,5,0,0,5,0,0,5,0,0,23,120,5,24,120,5,26,116,2,5,0,0,21,107,5
3967,5,32,16.7,4.86518,0,124,71.3,20.7983,0,7,2.7,30.2955,32,119,7,21,124,4,5,0,0,5,0,0,5,0,0,23,119,4,24,122,5,26,114,2,5,0,0,21,115,5
3968,5,32,16.7,4.86518,0,126,72.3,20.8937,0,7,2.7,30.2955,32,126,7,21,122,4,5,0,0,5,0,0,5,0,0,23,122,4,24,123,5,26,115,2,5,0,0,21,115,5
3969,5,32,16.7,4.86518,0,132,71.6,20.8577,0,7,2.6,30.3264,32,132,7,21,117,4,5,0,0,5,0,0,5,0,0,23,114,4,24,118,5,26,119,2,5,0,0,21,116,4
3970,5,32,16.7,4.86518,0,131,72,20.8958,0,7,2.6,30.3264,32,131,7,21,124,4,5,0,0,5,0,0,5,0,0,23,118,4,24,114,5,26,116,2,5,0,0,21,117,4
3971,5,32,16.7,4.86518,0,129,72.3,20.9255,0,7,2.6,30.3264,32,129,7,21,127,4,5,0,0,5,0,0,5,0,0,23,121,4,24,117,5,26,115,2,5,0,0,21,114,4
3972,5,32,16.7,4.86518,0,124,71.4,20.8191,0,7,2.6,30.3264,32,124,7,21,123,4,5,0,0,5,0,0,5,0,0,23,122,4,24,115,5,26,112,2,5,0,0,21,118,4
3973,5,32,16.7,4.86518,0,124,71.3,20.8018,0,7,2.7,30.2955,32,124,7,21,120,4,5,0,0,5,0,0,5,0,0,23,123,4,24,115,5,26,115,2,5,0,0,21,116,5
3974,5,32,16.7,4.86518,0,123,70.8,20.7643,0,7,2.7,30.2955,32,116,7,21,123,4,5,0,0,5,0,0,5,0,0,23,123,4,24,110,5,26,119,2,5,0,0,21,117,5
3975,5,32,16.7,4.86518,0,127,70.9,20.7914,0,6,2.6,30.3258,32,113,6,21,127,4,5,0,0,5,0,0,5,0,0,23,122,4,24,110,5,26,121,2,5,0,0,21,116,5
3976,5,32,16.7,4.86518,0,126,71.9,20.8427,0,6,2.5,30.3567,32,116,6,21,120,4,5,0,0,5,0,0,5,0,0,23,121,4,24,122,5,26,126,2,5,0,0,21,114,4
3977,5,32,16.7,4.86518,0,127,71.8,20.8629,0,6,2.4,30.388,32,115,6,21,127,4,5,0,0,5,0,0,5,0,0,23,119,3,24,124,5,26,122,2,5,0,0,21,111,4
3978,5,32,16.8,4.90918,0,125,71.1,20.7805,0,10,3.2,30.1435,32,117,6,21,118,4,5,0,0,5,0,0,5,0,0,23,115,3,24,123,5,27,125,10,5,0,0,21,113,4
3979,5,32,16.8,4.90918,0,128,71,20.8489,0,11,3.4,30.0831,32,120,6,21,128,5,5,0,0,5,0,0,5,0,0,23,118,3,24,126,5,27,110,11,5,0,0,21,108,4
3980,5,32,16.8,4.90918,0,124,71.6,20.8479,0,11,3.3,30.1143,32,124,6,21,122,4,5,0,0,5,0,0,5,0,0,23,122,3,24,123,5,27,114,11,5,0,0,21,111,4
3981,5,32,16.8,4.90918,0,124,71,20.773,0,11,3.3,30.1143,32,117,6,21,119,4,5,0,0,5,0,0,5,0,0,23,124,3,24,122,5,27,113,11,5,0,0,21,115,4
3982,5,32,16.8,4.90918,0,131,72.3,20.9029,0,11,3.3,30.1143,32,117,6,21,114,4,5,0,0,5,0,0,5,0,0,23,131,3,24,126,5,27,117,11,5,0,0,21,118,4
3983,5,32,16.8,4.90918,0,123,71.8,20.8286,0,11,3.3,30.1143,32,118,6,21,121,4,5,0,0,5,0,0,5,0,0,23,122,3,24,123,5,27,113,11,5,0,0,21,121,4
3984,5,32,16.8,4.90918,0,126,71,20.7868,0,11,3.3,30.1143,32,117,6,21,126,4,5,0,0,5,0,0,5,0,0,23,118,3,24,122,5,27,113,11,5,0,0,21,114,4
3985,5,32,16.8,4.90918,0,123,70,20.7001,0,11,3.3,30.1143,32,119,6,21,123,4,5,0,0,5,0,0,5,0,0,23,112,3,24,117,5,27,113,11,5,0,0,21,116,4
3986,5,32,16.8,4.90918,0,120,70.1,20.7056,0,12,3.4,30.0854,32,120,6,21,120,4,5,0,0,5,0,0,5,0,0,23,117,3,24,109,5,27,115,12,5,0,0,21,120,4
3987,5,32,16.9,4.94267,0,123,70.1,20.7057,0,11,3.7,29.9914,32,113,6,21,118,4,5,0,0,5,0,0,5,0,0,23,120,3,24,108,5,27,119,11,5,0,0,22,123,8
3988,5,32,16.9,4.94267,0,124,71.1,20.7918,0,11,3.6,30.0234,32,117,6,21,119,4,5,0,0,5,0,0,5,0,0,23,124,2,24,108,5,27,123,11,5,0,0,22,120,8
3989,5,32,16.9,4.94267,0,129,69.8,20.748,0,11,3.7,29.9935,32,111,6,21,115,4,5,0,0,5,0,0,5,0,0,23,120,2,24,102,5,27,129,11,5,0,0,22,121,9
3990,5,32,16.9,4.94267,0,128,69.8,20.7199,0,11,3.6,30.0252,32,114,6,21,112,3,5,0,0,5,0,0,5,0,0,23,114,2,24,106,5,27,128,11,5,0,0,22,124,9
3991,5,32,16.9,4.94267,0,130,70.8,20.8134,0,11,3.5,30.0551,32,123,6,21,108,3,5,0,0,5,0,0,5,0,0,23,114,2,24,109,5,27,130,11,5,0,0,22,124,8
3992,5,32,16.9,4.94267,0,123,71.3,20.7882,0,10,3.4,30.0843,32,122,6,21,117,3,5,0,0,5,0,0,5,0,0,23,114,2,24,114,5,27,123,10,5,0,0,22,123,8
3993,5,32,16.9,4.94267,0,123,71.1,20.7736,0,10,3.4,30.0843,32,122,6,21,116,3,5,0,0,5,0,0,5,0,0,23,116,2,24,112,5,27,122,10,5,0,0,22,123,8
3994,5,32,16.9,4.94267,0,125,71.3,20.7988,0,9,3.3,30.1135,32,125,7,21,114,3,5,0,0,5,0,0,5,0,0,23,116,2,24,113,5,27,123,9,5,0,0,22,122,7
3995,5,32,16.9,4.94267,0,121,70.8,20.7371,0,9,3.3,30.1135,32,118,7,21,111,3,5,0,0,5,0,0,5,0,0,23,118,2,24,119,5,27,121,9,5,0,0,22,121,7
3996,5,32,16.9,4.94267,0,126,71.2,20.7995,0,9,3.3,30.1135,32,123,7,21,117,3,5,0,0,5,0,0,5,0,0,23,120,2,24,116,5,27,110,9,5,0,0,22,126,7
3997,5,32,16.9,4.94267,0,131,72.9,20.9495,0,8,3.1,30.1755,32,119,7,21,117,3,5,0,0,5,0,0,5,0,0,23,131,1,24,115,5,27,119,8,5,0,0,22,128,7
3998,5,32,16.9,4.94267,0,132,72.5,20.9605,0,8,3.1,30.1755,32,127,7,21,118,3,5,0,0,5,0,0,5,0,0,23,124,1,24,107,5,27,117,8,5,0,0,22,132,7
3999,5,32,16.9,4.94267,0,126,71.9,20.8575,0,8,3.2,30.144,32,123,7,21,113,4,5,0,0,5,0,0,5,0,0,23,126,1,24,113,5,27,118,8,5,0,0,22,126,7
4000,5,32,16.9,4.94267,0,126,73.2,20.9622,0,8,3.2,30.144,32,125,7,21,115,4,5,0,0,5,0,0,5,0,0,23,126,1,24,116,5,27,124,8,5,0,0,22,126,7
4001,5,32,16.9,4.94267,0,134,74.6,21.119,0,8,3.2,30.144,32,125,7,21,120,4,5,0,0,5,0,0,5,0,0,23,134,1,24,117,5,27,122,8,5,0,0,22,128,7
4002,5,32,16.9,4.94267,0,128,71.5,20.8414,0,8,3.2,30.144,32,119,7,21,122,4,5,0,0,5,0,0,5,0,0,23,128,1,24,119,5,27,109,8,5,0,0,22,118,7
4003,5,32,16.9,4.94267,0,132,71.6,20.934,0,8,3.2,30.144,32,114,7,21,131,4,5,0,0,5,0,0,5,0,0,23,132,1,24,115,5,27,106,8,5,0,0,22,118,7
4004,5,32,16.9,4.94267,0,125,69.1,20.6978,0,9,3.3,30.1142,32,114,7,21,125,4,5,0,0,5,0,0,5,0,0,23,121,1,24,110,5,27,103,9,5,0,0,22,118,7
4005,5,32,16.9,4.94267,0,124,70.3,20.7307,0,8,3.2,30.144,32,114,7,21,124,4,5,0,0,5,0,0,5,0,0,23,120,1,24,116,5,27,109,8,5,0,0,22,120,7
4006,5,32,16.9,4.94267,0,125,71.6,20.8306,0,8,3.2,30.144,32,118,7,21,125,4,5,0,0,5,0,0,5,0,0,23,118,1,24,124,5,27,111,8,5,0,0,22,120,7
4007,5,32,16.9,4.94267,0,125,72.2,20.8574,0,8,3.2,30.144,32,123,7,21,121,4,5,0,0,5,0,0,5,0,0,23,118,1,24,117,5,27,118,8,5,0,0,22,125,7
4008,5,32,16.9,4.94267,0,134,72.4,20.932,0,7,3,30.2047,32,134,6,21,118,4,5,0,0,5,0,0,5,0,0,23,117,1,24,118,5,27,115,7,5,0,0,22,122,7
4009,5,32,16.9,4.94267,0,128,70.9,20.7966,0,8,3,30.2051,32,128,6,21,112,4,5,0,0,5,0,0,5,0,0,23,115,1,24,124,5,27,112,6,5,0,0,22,118,8
4010,5,32,16.9,4.94267,0,127,72.6,20.9047,0,8,3,30.2051,32,116,6,21,127,4,5,0,0,5,0,0,5,0,0,23,117,1,24,124,5,27,123,6,5,0,0,22,119,8
4011,5,33,17,4.998,0,129,72.8,20.918,0,8,3.1,30.1746,33,119,6,21,116,4,5,0,0,5,0,0,5,0,0,23,122,1,24,129,5,27,118,7,5,0,0,22,124,8
4012,5,33,17,4.998,0,133,72.7,20.9343,0,8,3,30.2054,33,121,5,21,113,4,5,0,0,5,0,0,5,0,0,23,118,1,24,133,5,27,120,7,5,0,0,22,122,8
4013,5,33,17,4.998,0,129,70.4,20.7521,0,9,3.1,30.1769,33,118,5,21,115,3,5,0,0,5,0,0,5,0,0,23,108,1,24,129,5,27,116,9,5,0,0,22,118,8
4014,5,33,17,4.998,0,128,70,20.7203,0,8,3,30.2067,33,114,5,21,113,3,5,0,0,5,0,0,5,0,0,23,113,1,24,128,5,27,121,8,5,0,0,22,111,8
4015,5,33,17,4.998,0,127,70.3,20.7371,0,8,2.9,30.2368,33,120,5,21,116,3,5,0,0,5,0,0,5,0,0,23,113,1,24,127,5,27,115,7,5,0,0,22,112,8
4016,5,33,17,4.998,0,122,69.9,20.6976,0,8,2.9,30.2368,33,120,5,21,115,3,5,0,0,5,0,0,5,0,0,23,111,1,24,120,5,27,122,7,5,0,0,22,111,8
4017,5,33,17,4.998,0,119,69.5,20.6694,0,8,2.9,30.2368,33,119,5,21,117,3,5,0,0,5,0,0,5,0,0,23,115,1,24,119,5,27,117,7,5,0,0,22,108,8
4018,5,33,17,4.998,0,123,70.3,20.7336,0,8,2.9,30.2368,33,119,5,21,122,3,5,0,0,5,0,0,5,0,0,23,110,1,24,123,5,27,116,7,5,0,0,22,113,8
4019,5,33,17,4.998,0,125,71,20.7814,0,8,2.8,30.2679,33,120,5,21,125,3,5,0,0,5,0,0,5,0,0,23,117,1,24,120,4,27,112,7,5,0,0,22,116,8
4020,5,33,17,4.998,0,127,70.8,20.7659,0,8,2.9,30.2372,33,118,6,21,127,3,5,0,0,5,0,0,5,0,0,23,115,1,24,116,4,27,114,7,5,0,0,22,118,8
4021,5,33,17,4.998,0,122,70.8,20.7654,0,8,2.9,30.2372,33,121,6,21,122,3,5,0,0,5,0,0,5,0,0,23,118,1,24,121,4,27,114,7,5,0,0,22,112,8
4022,5,33,17,4.998,0,128,71.3,20.834,0,7,2.8,30.2672,33,128,6,21,122,3,5,0,0,5,0,0,5,0,0,23,120,1,24,118,4,27,113,7,5,0,0,22,112,7
4023,5,33,17,4.998,0,131,71.5,20.8444,0,7,2.8,30.2672,33,131,6,21,117,3,5,0,0,5,0,0,5,0,0,23,116,1,24,120,4,27,115,7,5,0,0,22,116,7
4024,5,33,17,4.998,0,127,72.3,20.8968,0,7,2.8,30.2672,33,127,6,21,119,3,5,0,0,5,0,0,5,0,0,23,123,1,24,121,4,27,111,7,5,0,0,22,122,7
4025,5,33,17,4.998,0,131,73.2,21.0112,0,7,2.8,30.2672,33,131,6,21,119,3,5,0,0,5,0,0,5,0,0,23,129,1,24,117,4,27,112,7,5,0,0,22,124,7
4026,5,33,17,4.998,0,126,72.5,20.8954,0,7,2.9,30.2358,33,125,6,21,116,4,5,0,0,5,0,0,5,0,0,23,124,1,24,117,4,27,117,7,5,0,0,22,126,7
4027,5,33,17,4.998,0,129,72.7,20.9233,0,7,2.8,30.2672,33,121,6,21,119,3,5,0,0,5,0,0,5,0,0,23,129,1,24,113,4,27,120,7,5,0,0,22,125,7
4028,5,33,17,4.998,0,125,71.9,20.8357,0,7,2.7,30.2979,33,123,5,21,116,3,5,0,0,5,0,0,5,0,0,23,122,1,24,117,4,27,116,7,5,0,0,22,125,7
4029,5,33,17.1,5.03289,0,125,72.2,20.8643,0,11,3.1,30.1798,33,123,5,21,118,3,5,0,0,5,0,0,5,0,0,23,125,1,24,115,4,27,118,7,5,0,0,23,123,11
4030,5,33,17.1,5.03289,0,126,70.7,20.7665,0,11,3.1,30.1798,33,126,5,21,119,3,5,0,0,5,0,0,5,0,0,23,109,1,24,118,4,27,118,7,5,0,0,23,117,11
4031,5,33,17.1,5.03289,0,127,70,20.739,0,11,3.1,30.1798,33,127,5,21,121,3,5,0,0,5,0,0,5,0,0,23,109,1,24,111,4,27,117,7,5,0,0,23,115,11
4032,5,33,17.1,5.03289,0,120,69,20.6245,0,11,3.1,30.1798,33,117,5,21,120,3,5,0,0,5,0,0,5,0,0,23,111,1,24,113,4,27,112,7,5,0,0,23,117,11
4033,5,33,17.1,5.03289,0,118,68.5,20.5825,0,12,3.2,30.1507,33,109,6,21,117,3,5,0,0,5,0,0,5,0,0,23,113,1,24,116,4,27,112,6,5,0,0,23,118,12
4034,5,33,17.1,5.03289,0,121,69.8,20.6896,0,12,3.2,30.1507,33,113,6,21,121,3,5,0,0,5,0,0,5,0,0,23,118,1,24,121,4,27,115,6,5,0,0,23,110,12
4035,5,33,17.2,5.06952,0,124,70.8,20.7435,0,25,4.5,29.8046,33,113,6,21,118,3,5,0,0,5,0,0,5,0,0,23,117,1,24,124,4,27,120,6,5,0,0,24,116,25
4036,5,33,17.2,5.06952,0,135,73.1,20.9917,0,24,4.4,29.8294,33,120,6,21,117,3,5,0,0,5,0,0,5,0,0,23,122,1,24,135,4,27,123,6,5,0,0,24,114,24
4037,5,33,17.2,5.06952,0,131,72.3,20.9178,0,23,4.3,29.8544,33,123,6,21,116,3,5,0,0,5,0,0,5,0,0,23,119,1,24,131,4,27,123,6,5,0,0,24,111,23
4038,5,33,17.2,5.06952,0,132,69.8,20.7565,0,22,4.2,29.8798,33,109,6,21,118,3,5,0,0,5,0,0,5,0,0,23,112,1,24,120,4,27,132,6,5,0,0,24,107,22
4039,5,33,17.2,5.06952,0,126,69.5,20.7594,0,21,4.1,29.9055,33,98,6,21,120,3,5,0,0,5,0,0,5,0,0,23,109,1,24,126,4,27,126,6,5,0,0,24,116,21
4040,5,33,17.2,5.06952,0,128,68.2,20.7032,0,19,4,29.9271,33,100,6,21,115,3,5,0,0,5,0,0,5,0,0,23,107,1,24,128,4,27,126,7,5,0,0,24,106,19
4041,5,33,17.2,5.06952,0,124,67.9,20.6244,0,19,3.9,29.9578,33,110,6,21,108,3,5,0,0,5,0,0,5,0,0,23,108,1,24,124,4,27,124,6,5,0,0,24,105,19
4042,5,33,17.2,5.06952,0,127,69.2,20.7093,0,19,3.9,29.9578,33,116,6,21,104,3,5,0,0,5,0,0,5,0,0,23,110,1,24,127,4,27,125,6,5,0,0,24,110,19
4043,5,33,17.2,5.06952,0,130,70.3,20.7897,0,19,3.9,29.9578,33,121,6,21,109,3,5,0,0,5,0,0,5,0,0,23,114,1,24,130,4,27,122,6,5,0,0,24,107,19
4044,5,33,17.2,5.06952,0,131,71.7,20.8699,0,19,3.9,29.9578,33,112,6,21,115,3,5,0,0,5,0,0,5,0,0,23,122,1,24,131,4,27,125,6,5,0,0,24,112,19
4045,5,33,17.2,5.06952,0,127,71.5,20.8806,0,19,4,29.9271,33,111,6,21,127,3,5,0,0,5,0,0,5,0,0,23,120,1,24,127,4,27,123,7,5,0,0,24,107,19
4046,5,33,17.2,5.06952,0,130,70.9,20.8817,0,19,4,29.9271,33,107,6,21,130,3,5,0,0,5,0,0,5,0,0,23,125,1,24,127,4,27,113,7,5,0,0,24,107,19
4047,5,33,17.2,5.06952,0,129,71.6,20.8483,0,19,4,29.9271,33,113,6,21,129,3,5,0,0,5,0,0,5,0,0,23,123,1,24,121,4,27,114,7,5,0,0,24,116,19
4048,5,33,17.2,5.06952,0,120,69.4,20.6569,0,18,3.9,29.9537,33,108,6,21,120,3,5,0,0,5,0,0,5,0,0,23,120,1,24,112,4,27,119,7,5,0,0,24,115,18
4049,5,33,17.2,5.06952,0,122,69.4,20.6695,0,16,3.7,30.008,33,114,6,21,122,3,5,0,0,5,0,0,5,0,0,23,120,1,24,107,4,27,114,7,5,0,0,24,117,16
4050,5,33,17.2,5.06952,0,121,70,20.6891,0,16,3.7,30.008,33,119,6,21,115,3,5,0,0,5,0,0,5,0,0,23,121,1,24,111,4,27,118,7,5,0,0,24,116,16
4051,5,33,17.2,5.06952,0,124,71.6,20.8132,0,14,3.5,30.0634,33,123,6,21,116,3,5,0,0,5,0,0,5,0,0,23,124,1,24,115,4,27,119,7,5,0,0,24,119,14
4052,5,33,17.2,5.06952,0,128,73.7,21.0067,0,14,3.5,30.0634,33,119,6,21,124,3,5,0,0,5,0,0,5,0,0,23,128,1,24,122,4,27,126,7,5,0,0,24,118,14
4053,5,33,17.2,5.06952,0,126,73.2,20.9621,0,13,3.4,30.0916,33,123,6,21,122,3,5,0,0,5,0,0,5,0,0,23,121,1,24,125,4,27,126,7,5,0,0,24,115,13
4054,5,33,17.2,5.06952,0,132,73.3,20.9866,0,13,3.4,30.0916,33,120,6,21,124,3,5,0,0,5,0,0,5,0,0,23,114,1,24,132,4,27,122,7,5,0,0,24,121,13
4055,5,33,17.2,5.06952,0,129,71,20.7956,0,12,3.3,30.1201,33,108,6,21,119,3,5,0,0,5,0,0,5,0,0,23,119,1,24,129,4,27,120,7,5,0,0,24,115,12
4056,5,33,17.2,5.06952,0,126,69.8,20.7099,0,12,3.3,30.1201,33,114,6,21,115,3,5,0,0,5,0,0,5,0,0,23,118,1,24,126,4,27,118,7,5,0,0,24,107,12
4057,5,33,17.2,5.06952,0,124,69.2,20.6733,0,12,3.3,30.1201,33,114,6,21,105,3,5,0,0,5,0,0,5,0,0,23,123,1,24,124,4,27,113,7,5,0,0,24,113,12
4058,5,33,17.2,5.06952,0,123,68.2,20.6472,0,12,3.3,30.1201,33,123,6,21,101,3,5,0,0,5,0,0,5,0,0,23,122,1,24,116,4,27,109,7,5,0,0,24,111,12
4059,5,33,17.2,5.06952,0,128,68,20.6741,0,12,3.3,30.1201,33,128,6,21,104,3,5,0,0,5,0,0,5,0,0,23,121,1,24,114,4,27,106,7,5,0,0,24,107,12
4060,5,33,17.2,5.06952,0,118,67.1,20.5489,0,12,3.3,30.1201,33,118,6,21,115,3,5,0,0,5,0,0,5,0,0,23,116,1,24,108,4,27,108,7,5,0,0,24,106,12
4061,5,33,17.2,5.06952,0,124,68.9,20.6518,0,12,3.3,30.1201,33,117,6,21,116,3,5,0,0,5,0,0,5,0,0,23,124,1,24,108,4,27,115,7,5,0,0,24,109,12
4062,5,33,17.2,5.06952,0,124,70.4,20.7831,0,12,3.3,30.1201,33,124,6,21,123,3,5,0,0,5,0,0,5,0,0,23,123,1,24,109,4,27,116,7,5,0,0,24,109,12
4063,5,33,17.2,5.06952,0,131,69.9,20.8133,0,11,3.2,30.1489,33,131,6,21,126,3,5,0,0,5,0,0,5,0,0,23,115,1,24,108,4,27,111,7,5,0,0,24,108,11
4064,5,33,17.2,5.06952,0,127,68.7,20.6787,0,11,3.2,30.1489,33,118,6,21,127,3,5,0,0,5,0,0,5,0,0,23,114,1,24,108,4,27,114,7,5,0,0,24,106,11
4065,5,33,17.2,5.06952,0,124,67.3,20.588,0,11,3.2,30.1489,33,116,6,21,124,3,5,0,0,5,0,0,5,0,0,23,107,1,24,112,4,27,108,7,5,0,0,24,106,11
4066,5,33,17.2,5.06952,0,119,66.2,20.5236,0,11,3.1,30.1794,33,114,6,21,119,3,5,0,0,5,0,0,5,0,0,23,108,1,24,103,4,27,103,6,5,0,0,24,115,11
4067,5,33,17.2,5.06952,0,115,65.7,20.494,0,11,3.1,30.1794,33,114,6,21,110,3,5,0,0,5,0,0,5,0,0,23,115,1,24,99,4,27,105,6,5,0,0,24,114,11
4068,5,33,17.2,5.06952,0,120,68.1,20.6243,0,11,3.2,30.1479,33,118,6,21,115,4,5,0,0,5,0,0,5,0,0,23,120,1,24,100,4,27,110,6,5,0,0,24,118,11
4069,5,33,17.2,5.06952,0,119,68.4,20.5813,0,11,3.2,30.1479,33,112,6,21,112,4,5,0,0,5,0,0,5,0,0,23,114,1,24,108,4,27,119,6,5,0,0,24,119,11
4070,5,33,17.2,5.06952,0,122,69.8,20.6699,0,11,3.2,30.1479,33,115,6,21,117,4,5,0,0,5,0,0,5,0,0,23,116,1,24,115,4,27,122,6,5,0,0,24,113,11
4071,5,33,17.2,5.06952,0,122,71,20.7508,0,11,3.2,30.1479,33,116,6,21,120,4,5,0,0,5,0,0,5,0,0,23,115,1,24,118,4,27,122,6,5,0,0,24,119,11
4072,5,33,17.2,5.06952,0,123,72.5,20.8749,0,11,3.2,30.1479,33,118,6,21,122,4,5,0,0,5,0,0,5,0,0,23,122,1,24,119,4,27,123,6,5,0,0,24,121,11
4073,5,33,17.2,5.06952,0,129,73.4,20.9798,0,11,3.3,30.1174,33,124,6,21,123,4,5,0,0,5,0,0,5,0,0,23,114,1,24,120,4,27,124,7,5,0,0,24,129,11
4074,5,34,17.3,5.12543,0,129,71.9,20.8401,0,11,3.4,30.0852,34,118,6,21,117,4,5,0,0,5,0,0,5,0,0,23,113,2,24,122,4,27,120,7,5,0,0,24,129,11
4075,5,34,17.3,5.12543,0,129,70.7,20.7562,0,11,3.4,30.0852,34,114,6,21,109,4,5,0,0,5,0,0,5,0,0,23,115,2,24,121,4,27,119,7,5,0,0,24,129,11
4076,5,34,17.3,5.12543,0,131,72.4,20.8871,0,11,3.3,30.1161,34,122,5,21,116,4,5,0,0,5,0,0,5,0,0,23,116,2,24,119,4,27,120,7,5,0,0,24,131,11
4077,5,34,17.3,5.12543,0,130,73.8,21.0227,0,11,3.3,30.1161,34,120,5,21,130,4,5,0,0,5,0,0,5,0,0,23,117,2,24,121,4,27,122,7,5,0,0,24,128,11
4078,5,34,17.3,5.12543,0,128,73.4,20.9725,0,11,3.3,30.1161,34,116,5,21,128,4,5,0,0,5,0,0,5,0,0,23,123,2,24,122,4,27,122,7,5,0,0,24,123,11
4079,5,34,17.3,5.12543,0,128,72.9,20.9547,0,11,3.3,30.1154,34,116,5,21,128,5,5,0,0,5,0,0,5,0,0,23,127,2,24,118,4,27,114,6,5,0,0,24,126,11
4080,5,34,17.3,5.12543,0,130,72.5,20.9418,0,11,3.3,30.1154,34,115,5,21,128,5,5,0,0,5,0,0,5,0,0,23,125,2,24,116,4,27,111,6,5,0,0,24,130,11
4081,5,34,17.3,5.12543,0,136,72.6,20.9976,0,11,3.2,30.1476,34,117,5,21,120,5,5,0,0,5,0,0,5,0,0,23,136,1,24,109,4,27,114,6,5,0,0,24,130,11
4082,5,34,17.3,5.12543,0,131,71.8,20.8586,0,11,3.2,30.1476,34,117,5,21,111,5,5,0,0,5,0,0,5,0,0,23,131,1,24,116,4,27,119,6,5,0,0,24,124,11
4083,5,34,17.3,5.12543,0,131,72.3,20.9474,0,12,3.3,30.1188,34,127,5,21,108,5,5,0,0,5,0,0,5,0,0,23,131,1,24,125,4,27,116,6,5,0,0,24,116,12
4084,5,34,17.3,5.12543,0,126,72.7,20.9311,0,12,3.4,30.0866,34,123,5,21,110,5,5,0,0,5,0,0,5,0,0,23,125,2,24,125,4,27,126,6,5,0,0,24,118,12
4085,5,34,17.3,5.12543,0,126,72.9,20.9314,0,12,3.4,30.0866,34,126,5,21,116,5,5,0,0,5,0,0,5,0,0,23,117,2,24,126,4,27,119,6,5,0,0,24,125,12
4086,5,34,17.3,5.12543,0,124,72.2,20.8653,0,12,3.3,30.1175,34,124,5,21,119,5,5,0,0,5,0,0,5,0,0,23,122,2,24,123,4,27,115,5,5,0,0,24,119,12
4087,5,34,17.3,5.12543,0,125,72.3,20.8738,0,12,3.3,30.1178,34,121,6,21,117,4,5,0,0,5,0,0,5,0,0,23,122,2,24,113,4,27,125,5,5,0,0,24,125,12
4088,5,34,17.3,5.12543,0,128,70.5,20.7576,0,12,3.3,30.1178,34,120,6,21,117,4,5,0,0,5,0,0,5,0,0,23,112,2,24,109,4,27,128,5,5,0,0,24,119,12
4089,5,34,17.3,5.12543,0,142,71.1,20.9077,0,12,3.3,30.1178,34,115,6,21,113,4,5,0,0,5,0,0,5,0,0,23,117,2,24,111,4,27,142,5,5,0,0,24,113,12
4090,5,34,17.3,5.12543,0,124,69.6,20.6651,0,12,3.2,30.1487,34,109,5,21,116,4,5,0,0,5,0,0,5,0,0,23,117,2,24,116,4,27,124,5,5,0,0,24,114,12
4091,5,34,17.3,5.12543,0,123,69.2,20.6694,0,11,3.1,30.1775,34,110,5,21,123,4,5,0,0,5,0,0,5,0,0,23,114,2,24,113,4,27,123,5,5,0,0,24,109,11
4092,5,34,17.3,5.12543,0,121,67.2,20.5636,0,11,3.1,30.1775,34,103,5,21,116,4,5,0,0,5,0,0,5,0,0,23,116,2,24,111,4,27,121,5,5,0,0,24,105,11
4093,5,34,17.3,5.12543,0,119,67,20.5616,0,11,3,30.2086,34,105,4,21,117,4,5,0,0,5,0,0,5,0,0,23,119,2,24,111,4,27,116,5,5,0,0,24,102,11
4094,5,34,17.3,5.12543,0,119,66.7,20.5414,0,11,3.1,30.1775,34,108,4,21,114,4,5,0,0,5,0,0,5,0,0,23,117,2,24,107,5,27,119,5,5,0,0,24,102,11
4095,5,34,17.3,5.12543,0,120,67.8,20.5771,0,11,3.3,30.1154,34,114,6,21,110,4,5,0,0,5,0,0,5,0,0,23,119,2,24,108,5,27,120,5,5,0,0,24,107,11
4096,5,34,17.3,5.12543,0,128,69,20.7191,0,10,3.3,30.114,34,114,7,21,108,4,5,0,0,5,0,0,5,0,0,23,128,2,24,105,5,27,126,5,5,0,0,24,109,10
4097,5,34,17.3,5.12543,0,126,69.2,20.6846,0,10,3.2,30.1452,34,112,7,21,105,4,5,0,0,5,0,0,5,0,0,23,126,2,24,109,4,27,123,5,5,0,0,24,117,10
4098,5,34,17.3,5.12543,0,118,68.3,20.5814,0,10,3.1,30.1757,34,114,6,21,104,4,5,0,0,5,0,0,5,0,0,23,115,2,24,116,4,27,118,5,5,0,0,24,116,10
4099,5,34,17.3,5.12543,0,118,67.5,20.5626,0,10,3.1,30.1757,34,116,6,21,104,4,5,0,0,5,0,0,5,0,0,23,118,2,24,117,4,27,113,5,5,0,0,24,107,10
4100,5,34,17.3,5.12543,0,118,69.3,20.6337,0,10,3.2,30.1449,34,117,6,21,111,4,5,0,0,5,0,0,5,0,0,23,117,2,24,118,4,27,117,6,5,0,0,24,113,10
4101,5,34,17.3,5.12543,0,121,68.9,20.6281,0,9,3.1,30.1743,34,119,6,21,106,4,5,0,0,5,0,0,5,0,0,23,118,2,24,112,4,27,113,6,5,0,0,24,121,9
4102,5,34,17.3,5.12543,0,132,70.6,20.8253,0,9,3.1,30.1743,34,132,6,21,108,4,5,0,0,5,0,0,5,0,0,23,124,2,24,110,4,27,113,6,5,0,0,24,119,9
4103,5,34,17.3,5.12543,0,132,70.9,20.8867,0,9,3.3,30.111,34,132,6,21,107,4,5,0,0,5,0,0,5,0,0,23,123,4,24,109,4,27,109,6,5,0,0,24,129,9
4104,5,34,17.3,5.12543,0,127,71,20.7883,0,9,3.4,30.0804,34,127,7,21,117,4,5,0,0,5,0,0,5,0,0,23,121,4,24,116,4,27,114,6,5,0,0,24,115,9
4105,5,34,17.3,5.12543,0,122,70.2,20.6986,0,9,3.4,30.0804,34,117,7,21,115,4,5,0,0,5,0,0,5,0,0,23,122,4,24,118,4,27,116,6,5,0,0,24,114,9
4106,5,34,17.3,5.12543,0,125,71.5,20.8291,0,9,3.4,30.0804,34,123,7,21,118,4,5,0,0,5,0,0,5,0,0,23,119,4,24,120,4,27,125,6,5,0,0,24,110,9
4107,5,34,17.3,5.12543,0,125,71.3,20.822,0,9,3.5,30.0491,34,115,7,21,125,4,5,0,0,5,0,0,5,0,0,23,116,4,24,123,5,27,124,6,5,0,0,24,110,9
4108,5,34,17.3,5.12543,0,127,70.9,20.8308,0,9,3.4,30.0797,34,108,6,21,127,4,5,0,0,5,0,0,5,0,0,23,125,4,24,122,5,27,119,6,5,0,0,24,108,9
4109,5,34,17.3,5.12543,0,122,70.4,20.7285,0,9,3.3,30.111,34,108,6,21,122,4,5,0,0,5,0,0,5,0,0,23,118,4,24,122,4,27,118,6,5,0,0,24,116,9
4110,5,34,17.3,5.12543,0,126,71.2,20.814,0,9,3.4,30.0804,34,107,7,21,126,4,5,0,0,5,0,0,5,0,0,23,116,4,24,124,4,27,122,6,5,0,0,24,117,9
4111,5,34,17.3,5.12543,0,130,71.6,20.8844,0,9,3.4,30.0804,34,106,7,21,130,4,5,0,0,5,0,0,5,0,0,23,112,4,24,126,4,27,123,6,5,0,0,24,119,9
4112,5,34,17.3,5.12543,0,130,72,20.8729,0,9,3.4,30.0804,34,111,7,21,120,4,5,0,0,5,0,0,5,0,0,23,115,4,24,130,4,27,125,6,5,0,0,24,119,9
4113,5,34,17.3,5.12543,0,129,72.5,20.9032,0,9,3.4,30.0804,34,111,7,21,121,4,5,0,0,5,0,0,5,0,0,23,117,4,24,124,4,27,129,6,5,0,0,24,123,9
4114,5,34,17.3,5.12543,0,121,69.2,20.6339,0,9,3.1,30.1747,34,112,7,21,116,4,5,0,0,5,0,0,5,0,0,23,111,4,24,111,2,27,121,5,5,0,0,24,121,9
4115,5,34,17.3,5.12543,0,125,69.7,20.6912,0,9,3.2,30.1428,34,119,7,21,118,4,5,0,0,5,0,0,5,0,0,23,113,4,24,107,3,27,115,5,5,0,0,24,125,9
4116,5,34,17.3,5.12543,0,123,68.8,20.6646,0,9,3.1,30.174,34,123,7,21,117,4,5,0,0,5,0,0,5,0,0,23,119,4,24,103,3,27,111,4,5,0,0,24,115,9
4117,5,34,17.3,5.12543,0,121,68.8,20.6281,0,9,3.2,30.1438,34,120,8,21,116,4,5,0,0,5,0,0,5,0,0,23,112,4,24,107,3,27,112,4,5,0,0,24,121,9
4118,5,34,17.3,5.12543,0,123,67.9,20.5984,0,9,3.2,30.1438,34,118,8,21,112,4,5,0,0,5,0,0,5,0,0,23,115,4,24,107,3,27,104,4,5,0,0,24,123,9
4119,5,34,17.3,5.12543,0,131,67.9,20.6409,0,9,3.1,30.1753,34,116,8,21,104,3,5,0,0,5,0,0,5,0,0,23,112,4,24,112,3,27,104,4,5,0,0,24,131,9
4120,5,34,17.3,5.12543,0,125,68.1,20.6015,0,9,3.1,30.1753,34,117,8,21,105,3,5,0,0,5,0,0,5,0,0,23,114,4,24,113,3,27,107,4,5,0,0,24,125,9
4121,5,34,17.3,5.12543,0,118,67.5,20.5297,0,8,3,30.2051,34,111,8,21,113,3,5,0,0,5,0,0,5,0,0,23,110,4,24,115,3,27,108,4,5,0,0,24,118,8
4122,5,34,17.3,5.12543,0,120,70.5,20.7134,0,8,2.9,30.2352,34,117,7,21,116,3,5,0,0,5,0,0,5,0,0,23,120,4,24,119,3,27,118,4,5,0,0,24,115,8
4123,5,34,17.3,5.12543,0,124,70.4,20.7257,0,8,2.8,30.2656,34,114,6,21,120,3,5,0,0,5,0,0,5,0,0,23,118,4,24,124,3,27,115,4,5,0,0,24,113,8
4124,5,34,17.3,5.12543,0,127,72.4,20.9077,0,8,2.6,30.3286,34,114,6,21,127,3,5,0,0,5,0,0,5,0,0,23,123,2,24,127,3,27,116,4,5,0,0,24,117,8
4125,5,34,17.3,5.12543,0,129,75.1,21.1425,0,8,2.6,30.3286,34,124,6,21,122,3,5,0,0,5,0,0,5,0,0,23,129,2,24,128,3,27,126,4,5,0,0,24,122,8
4126,5,34,17.3,5.12543,0,130,74,21.0491,0,8,2.7,30.2976,34,121,6,21,122,3,5,0,0,5,0,0,5,0,0,23,129,2,24,121,3,27,130,5,5,0,0,24,117,8
4127,5,34,17.3,5.12543,0,129,72.9,20.9446,0,8,2.8,30.2673,34,121,7,21,118,3,5,0,0,5,0,0,5,0,0,23,129,2,24,120,3,27,126,5,5,0,0,24,115,8
4128,5,34,17.3,5.12543,0,134,73.8,21.0405,0,8,2.9,30.2358,34,121,7,21,123,4,5,0,0,5,0,0,5,0,0,23,134,2,24,118,3,27,123,5,5,0,0,24,119,8
4129,5,34,17.3,5.12543,0,138,71.4,20.9384,0,7,2.8,30.2659,34,117,7,21,124,4,5,0,0,5,0,0,5,0,0,23,138,2,24,108,3,27,117,5,5,0,0,24,110,7
4130,5,34,17.3,5.12543,0,128,71.3,20.8624,0,7,2.8,30.2659,34,120,7,21,128,4,5,0,0,5,0,0,5,0,0,23,127,2,24,113,3,27,116,5,5,0,0,24,109,7
4131,5,34,17.3,5.12543,0,139,72,21.0409,0,7,2.8,30.2659,34,118,7,21,139,4,5,0,0,5,0,0,5,0,0,23,131,2,24,111,3,27,107,5,5,0,0,24,114,7
4132,5,34,17.3,5.12543,0,135,72.9,21.0671,0,7,2.8,30.2659,34,122,7,21,132,4,5,0,0,5,0,0,5,0,0,23,135,2,24,119,3,27,108,5,5,0,0,24,113,7
4133,5,34,17.3,5.12543,0,128,72.8,20.9282,0,7,2.8,30.2659,34,119,7,21,123,4,5,0,0,5,0,0,5,0,0,23,128,2,24,122,3,27,114,5,5,0,0,24,122,7
4134,5,34,17.3,5.12543,0,122,70.8,20.7451,0,7,2.8,30.2659,34,120,7,21,118,4,5,0,0,5,0,0,5,0,0,23,119,2,24,117,3,27,112,5,5,0,0,24,122,7
4135,5,34,17.3,5.12543,0,127,73.7,20.9961,0,7,2.8,30.2659,34,127,7,21,122,4,5,0,0,5,0,0,5,0,0,23,123,2,24,121,3,27,121,5,5,0,0,24,123,7
4136,5,34,17.3,5.12543,0,130,72.4,20.9301,0,7,2.8,30.2659,34,130,7,21,112,4,5,0,0,5,0,0,5,0,0,23,118,2,24,114,3,27,129,5,5,0,0,24,121,7
4137,5,34,17.3,5.12543,0,126,70.6,20.7503,0,7,2.9,30.2351,34,126,7,21,110,4,5,0,0,5,0,0,5,0,0,23,117,2,24,115,3,27,120,6,5,0,0,24,118,7
4138,5,34,17.3,5.12543,0,124,71.4,20.7868,0,7,2.9,30.2351,34,115,7,21,114,4,5,0,0,5,0,0,5,0,0,23,116,2,24,122,3,27,123,6,5,0,0,24,124,7
4139,5,34,17.3,5.12543,0,121,70.8,20.7343,0,7,2.9,30.2351,34,118,7,21,118,4,5,0,0,5,0,0,5,0,0,23,117,2,24,114,3,27,120,6,5,0,0,24,121,7
4140,5,34,17.3,5.12543,0,122,69.6,20.6812,0,7,3,30.2034,34,119,7,21,114,4,5,0,0,5,0,0,5,0,0,23,120,3,24,108,3,27,122,6,5,0,0,24,113,7
4141,5,34,17.3,5.12543,0,122,68.8,20.6405,0,7,3,30.2034,34,116,7,21,114,4,5,0,0,5,0,0,5,0,0,23,119,3,24,111,3,27,122,6,5,0,0,24,106,7
4142,5,34,17.3,5.12543,0,124,71,20.7649,0,7,3,30.2034,34,114,7,21,121,4,5,0,0,5,0,0,5,0,0,23,120,3,24,116,3,27,124,6,5,0,0,24,115,7
4143,5,34,17.3,5.12543,0,124,70.5,20.748,0,7,3,30.2034,34,113,7,21,122,4,5,0,0,5,0,0,5,0,0,23,111,3,24,122,3,27,124,6,5,0,0,24,113,7
4144,5,34,17.3,5.12543,0,120,70.4,20.705,0,7,2.9,30.2351,34,116,7,21,118,4,5,0,0,5,0,0,5,0,0,23,117,2,24,113,3,27,120,6,5,0,0,24,120,7
4145,5,34,17.3,5.12543,0,125,70.4,20.7195,0,7,2.8,30.2659,34,116,7,21,119,4,5,0,0,5,0,0,5,0,0,23,118,2,24,112,3,27,114,5,5,0,0,24,125,7
4146,5,34,17.3,5.12543,0,129,72.7,20.9092,0,7,2.8,30.2659,34,122,7,21,121,4,5,0,0,5,0,0,5,0,0,23,121,2,24,118,3,27,116,5,5,0,0,24,129,7
4147,5,34,17.3,5.12543,0,127,72.1,20.932,0,7,2.7,30.2969,34,126,7,21,120,4,5,0,0,5,0,0,5,0,0,23,123,2,24,127,3,27,104,4,5,0,0,24,121,7
4148,5,34,17.3,5.12543,0,124,70.1,20.7845,0,7,2.7,30.2969,34,115,7,21,124,4,5,0,0,5,0,0,5,0,0,23,123,2,24,123,3,27,101,4,5,0,0,24,115,7
4149,5,34,17.3,5.12543,0,128,70.5,20.7701,0,7,2.7,30.2969,34,111,7,21,119,4,5,0,0,5,0,0,5,0,0,23,119,2,24,128,3,27,107,4,5,0,0,24,121,7
4150,5,34,17.3,5.12543,0,123,69.9,20.7186,0,7,2.7,30.2969,34,118,7,21,120,4,5,0,0,5,0,0,5,0,0,23,105,2,24,123,3,27,112,4,5,0,0,24,121,7
4151,5,34,17.3,5.12543,0,121,68.5,20.6033,0,7,2.6,30.3272,34,113,7,21,114,4,5,0,0,5,0,0,5,0,0,23,107,2,24,121,3,27,110,4,5,0,0,24,120,6
4152,5,34,17.3,5.12543,0,123,68.4,20.5912,0,7,2.6,30.3272,34,109,7,21,113,4,5,0,0,5,0,0,5,0,0,23,114,2,24,123,3,27,112,4,5,0,0,24,113,6
4153,5,34,17.3,5.12543,0,123,70.4,20.7212,0,6,2.5,30.3575,34,115,6,21,121,4,5,0,0,5,0,0,5,0,0,23,112,2,24,118,3,27,123,4,5,0,0,24,115,6
4154,5,34,17.3,5.12543,0,125,71.9,20.8448,0,6,2.5,30.3575,34,119,6,21,124,4,5,0,0,5,0,0,5,0,0,23,112,2,24,118,3,27,125,4,5,0,0,24,121,6
4155,5,34,17.3,5.12543,0,126,71.4,20.8215,0,6,2.5,30.3575,34,113,6,21,126,4,5,0,0,5,0,0,5,0,0,23,112,2,24,115,3,27,126,4,5,0,0,24,122,6
4156,5,34,17.3,5.12543,0,124,70.2,20.7308,0,6,2.5,30.3575,34,105,6,21,124,4,5,0,0,5,0,0,5,0,0,23,119,2,24,115,3,27,121,4,5,0,0,24,118,6
4157,5,34,17.3,5.12543,0,122,70.7,20.7468,0,6,2.4,30.3881,34,117,5,21,120,4,5,0,0,5,0,0,5,0,0,23,118,2,24,119,3,27,122,4,5,0,0,24,111,6
4158,5,34,17.3,5.12543,0,124,71.6,20.8118,0,6,2.4,30.3881,34,120,5,21,124,4,5,0,0,5,0,0,5,0,0,23,120,2,24,115,3,27,119,4,5,0,0,24,118,6
4159,5,34,17.3,5.12543,0,122,70.3,20.7295,0,6,2.4,30.3881,34,119,5,21,122,4,5,0,0,5,0,0,5,0,0,23,119,2,24,108,3,27,119,4,5,0,0,24,116,6
4160,5,34,17.3,5.12543,0,120,69.8,20.6714,0,6,2.4,30.3881,34,118,5,21,116,4,5,0,0,5,0,0,5,0,0,23,120,2,24,114,3,27,117,4,5,0,0,24,113,6
4161,5,34,17.3,5.12543,0,125,70.9,20.7668,0,6,2.4,30.3881,34,121,5,21,115,4,5,0,0,5,0,0,5,0,0,23,125,2,24,115,3,27,119,4,5,0,0,24,114,6
4162,5,34,17.3,5.12543,0,125,70.8,20.7727,0,6,2.3,30.4194,34,125,5,21,110,3,5,0,0,5,0,0,5,0,0,23,121,2,24,111,3,27,120,4,5,0,0,24,121,6
4163,5,34,17.4,5.15752,0,127,72.1,20.87,0,6,2.5,30.3572,34,120,5,22,118,5,5,0,0,5,0,0,5,0,0,23,125,2,24,117,3,27,127,4,5,0,0,24,114,6
4164,5,34,17.4,5.15752,0,126,71.9,20.8478,0,6,2.6,30.3265,34,121,5,22,115,6,5,0,0,5,0,0,5,0,0,23,126,2,24,113,3,27,124,4,5,0,0,24,120,6
4165,5,34,17.4,5.15752,0,130,72.4,20.9761,0,6,2.6,30.3265,34,130,5,22,114,6,5,0,0,5,0,0,5,0,0,23,128,2,24,107,3,27,128,4,5,0,0,24,117,6
4166,5,34,17.4,5.15752,0,133,73.5,21.0446,0,6,2.6,30.3265,34,126,5,22,120,6,5,0,0,5,0,0,5,0,0,23,133,2,24,110,3,27,126,4,5,0,0,24,120,6
4167,5,34,17.4,5.15752,0,131,75.1,21.1614,0,6,2.6,30.3265,34,120,5,22,128,6,5,0,0,5,0,0,5,0,0,23,128,2,24,117,3,27,131,4,5,0,0,24,127,6
4168,5,34,17.4,5.15752,0,131,72.8,20.9418,0,6,2.6,30.3275,34,117,6,22,131,6,5,0,0,5,0,0,5,0,0,23,124,2,24,117,2,27,119,4,5,0,0,24,120,6
4169,5,34,17.4,5.15752,0,134,73,20.9966,0,7,2.7,30.2972,34,120,7,22,127,6,5,0,0,5,0,0,5,0,0,23,134,2,24,114,2,27,116,4,5,0,0,24,119,6
4170,5,34,17.4,5.15752,0,128,72.3,20.9256,0,7,2.7,30.2972,34,124,7,22,127,6,5,0,0,5,0,0,5,0,0,23,128,2,24,112,2,27,115,4,5,0,0,24,117,6
4171,5,34,17.4,5.15752,0,128,72.2,20.8817,0,7,2.8,30.2668,34,117,7,22,122,7,5,0,0,5,0,0,5,0,0,23,128,2,24,118,2,27,123,4,5,0,0,24,114,6
4172,5,34,17.4,5.15752,0,121,71.7,20.8072,0,7,2.6,30.3279,34,120,7,22,121,5,5,0,0,5,0,0,5,0,0,23,118,2,24,120,2,27,117,4,5,0,0,24,121,6
4173,5,34,17.4,5.15752,0,122,71,20.7735,0,8,2.7,30.2978,34,121,8,22,122,5,5,0,0,5,0,0,5,0,0,23,111,2,24,121,2,27,119,4,5,0,0,24,116,6
4174,5,34,17.4,5.15752,0,127,71.7,20.8571,0,8,2.7,30.2978,34,125,8,22,127,5,5,0,0,5,0,0,5,0,0,23,114,2,24,120,2,27,117,4,5,0,0,24,114,6
4175,5,34,17.4,5.15752,0,131,72.6,20.9798,0,6,2.5,30.3582,34,128,6,22,121,5,5,0,0,5,0,0,5,0,0,23,110,2,24,131,2,27,124,4,5,0,0,24,112,6
4176,5,34,17.4,5.15752,0,133,74.5,21.1572,0,6,2.5,30.3582,34,130,6,22,128,5,5,0,0,5,0,0,5,0,0,23,113,2,24,133,2,27,125,4,5,0,0,24,116,6
4177,5,34,17.4,5.15752,0,131,72.6,20.9547,0,6,2.5,30.3582,34,126,6,22,123,5,5,0,0,5,0,0,5,0,0,23,110,2,24,131,2,27,119,4,5,0,0,24,117,6
4178,5,34,17.4,5.15752,0,126,71.2,20.8041,0,6,2.5,30.3582,34,124,6,22,116,5,5,0,0,5,0,0,5,0,0,23,110,2,24,126,2,27,116,4,5,0,0,24,120,6
4179,5,34,17.4,5.15752,0,123,70.1,20.7183,0,7,2.6,30.3279,34,117,7,22,120,5,5,0,0,5,0,0,5,0,0,23,106,2,24,123,2,27,116,4,5,0,0,24,119,6
4180,5,34,17.4,5.15752,0,124,70.4,20.7378,0,7,2.7,30.2972,34,114,7,22,122,6,5,0,0,5,0,0,5,0,0,23,114,2,24,121,2,27,109,4,5,0,0,24,124,6
4181,5,34,17.4,5.15752,0,128,70.5,20.7421,0,7,2.7,30.2972,34,115,7,22,116,6,5,0,0,5,0,0,5,0,0,23,112,2,24,122,2,27,112,4,5,0,0,24,128,6
4182,5,34,17.4,5.15752,0,130,71.1,20.8124,0,8,2.8,30.2671,34,109,8,22,112,6,5,0,0,5,0,0,5,0,0,23,119,2,24,130,2,27,115,4,5,0,0,24,126,6
4183,5,34,17.5,5.20096,0,127,71.3,20.7849,0,8,2.8,30.2675,34,114,8,22,116,5,5,0,0,5,0,0,5,0,0,23,116,2,24,123,2,28,117,4,5,0,0,24,127,7
4184,5,34,17.5,5.20096,0,128,71.5,20.8241,0,8,3,30.2057,34,121,8,22,111,6,5,0,0,5,0,0,5,0,0,23,128,2,24,120,2,28,115,5,5,0,0,24,120,7
4185,5,34,17.5,5.20096,0,125,70.5,20.7276,0,8,3,30.2057,34,116,8,22,114,6,5,0,0,5,0,0,5,0,0,23,125,2,24,119,2,28,114,5,5,0,0,24,117,7
4186,5,34,17.5,5.20096,0,125,71.1,20.7857,0,9,3.1,30.1759,34,116,9,22,125,6,5,0,0,5,0,0,5,0,0,23,117,2,24,123,2,28,116,5,5,0,0,24,114,7
4187,5,34,17.5,5.20096,0,125,71.4,20.7945,0,9,3.1,30.1759,34,116,9,22,125,6,5,0,0,5,0,0,5,0,0,23,117,2,24,117,2,28,121,5,5,0,0,24,118,7
4188,5,34,17.5,5.20096,0,126,72.2,20.8805,0,8,3.2,30.143,34,119,8,22,126,6,5,0,0,5,0,0,5,0,0,23,121,2,24,112,3,28,125,6,5,0,0,24,119,7
4189,5,34,17.5,5.20096,0,126,71,20.8394,0,8,3.2,30.143,34,126,8,22,122,6,5,0,0,5,0,0,5,0,0,23,118,2,24,106,3,28,126,6,5,0,0,24,112,7
4190,5,34,17.5,5.20096,0,125,70.9,20.77,0,7,2.9,30.2358,34,117,6,22,120,6,5,0,0,5,0,0,5,0,0,23,121,1,24,111,3,28,125,6,5,0,0,24,115,7
4191,5,34,17.5,5.20096,0,121,69.5,20.6631,0,7,2.8,30.2665,34,118,5,22,117,6,5,0,0,5,0,0,5,0,0,23,121,1,24,110,3,28,116,6,5,0,0,24,113,7
4192,5,34,17.5,5.20096,0,124,70.4,20.7321,0,7,2.8,30.2665,34,117,5,22,124,6,5,0,0,5,0,0,5,0,0,23,120,1,24,116,3,28,112,6,5,0,0,24,115,7
4193,5,34,17.5,5.20096,0,118,67.9,20.572,0,7,2.8,30.2665,34,115,5,22,118,6,5,0,0,5,0,0,5,0,0,23,117,1,24,110,3,28,108,6,5,0,0,24,111,7
4194,5,34,17.5,5.20096,0,116,67.8,20.551,0,7,2.8,30.2665,34,116,5,22,115,6,5,0,0,5,0,0,5,0,0,23,111,1,24,114,3,28,108,6,5,0,0,24,114,7
4195,5,34,17.5,5.20096,0,119,68.5,20.5863,0,7,2.8,30.2665,34,108,5,22,113,6,5,0,0,5,0,0,5,0,0,23,117,1,24,119,3,28,115,6,5,0,0,24,113,7
4196,5,34,17.5,5.20096,0,120,70,20.6855,0,7,2.8,30.2665,34,111,6,22,120,5,5,0,0,5,0,0,5,0,0,23,118,1,24,118,3,28,119,6,5,0,0,24,114,7
4197,5,34,17.5,5.20096,0,126,72.6,20.9047,0,7,2.8,30.2665,34,120,6,22,126,5,5,0,0,5,0,0,5,0,0,23,123,1,24,119,3,28,122,6,5,0,0,24,116,7
4198,5,34,17.5,5.20096,0,124,71.5,20.8075,0,7,2.8,30.2665,34,116,6,22,122,5,5,0,0,5,0,0,5,0,0,23,118,1,24,124,3,28,121,6,5,0,0,24,114,7
4199,5,34,17.5,5.20096,0,123,70.9,20.7681,0,6,2.7,30.2968,34,114,6,22,122,5,5,0,0,5,0,0,5,0,0,23,112,1,24,123,3,28,123,6,5,0,0,24,115,6
4200,5,34,17.5,5.20096,0,126,71.6,20.8145,0,6,2.7,30.2968,34,115,6,22,121,5,5,0,0,5,0,0,5,0,0,23,119,1,24,113,3,28,126,6,5,0,0,24,122,6
4201,5,34,17.5,5.20096,0,126,71.5,20.8133,0,6,2.7,30.2968,34,116,6,22,121,5,5,0,0,5,0,0,5,0,0,23,118,1,24,111,3,28,126,6,5,0,0,24,123,6
4202,5,34,17.5,5.20096,0,125,70,20.6946,0,6,2.8,30.2655,34,117,6,22,113,5,5,0,0,5,0,0,5,0,0,23,110,1,24,114,4,28,121,6,5,0,0,24,125,6
4203,5,34,17.5,5.20096,0,128,70.4,20.7805,0,7,2.8,30.2669,34,126,5,22,115,5,5,0,0,5,0,0,5,0,0,23,109,1,24,114,3,28,128,7,5,0,0,24,112,7
4204,5,34,17.5,5.20096,0,122,70.5,20.7146,0,8,3,30.2053,34,117,5,22,118,5,5,0,0,5,0,0,5,0,0,23,115,1,24,117,4,28,122,8,5,0,0,24,116,7
4205,5,34,17.5,5.20096,0,122,70.7,20.7289,0,8,2.9,30.2368,34,116,5,22,116,5,5,0,0,5,0,0,5,0,0,23,122,1,24,117,3,28,115,8,5,0,0,24,121,7
4206,5,34,17.5,5.20096,0,117,69.1,20.6164,0,8,3,30.2053,34,117,5,22,113,5,5,0,0,5,0,0,5,0,0,23,115,1,24,117,4,28,112,8,5,0,0,24,117,7
4207,5,34,17.5,5.20096,0,125,69.8,20.7104,0,7,2.9,30.2355,34,121,5,22,114,5,5,0,0,5,0,0,5,0,0,23,125,1,24,115,4,28,114,7,5,0,0,24,109,7
4208,5,34,17.5,5.20096,0,127,70.6,20.7882,0,8,3,30.2053,34,127,5,22,119,5,5,0,0,5,0,0,5,0,0,23,115,1,24,109,4,28,124,8,5,0,0,24,112,7
4209,5,34,17.5,5.20096,0,132,69.7,20.7818,0,8,3,30.2053,34,132,5,22,116,5,5,0,0,5,0,0,5,0,0,23,114,1,24,106,4,28,121,8,5,0,0,24,108,7
4210,5,34,17.6,5.23641,0,128,69.2,20.7043,0,8,3.4,30.0786,34,128,5,22,117,5,5,0,0,5,0,0,5,0,0,24,108,5,24,110,4,28,119,8,5,0,0,24,110,7
4211,5,34,17.6,5.23641,0,121,68.7,20.6203,0,8,3.5,30.0477,34,121,6,22,117,5,5,0,0,5,0,0,5,0,0,24,109,5,24,113,4,28,116,8,5,0,0,24,111,7
4212,5,34,17.6,5.23641,0,127,70.4,20.7927,0,8,3.6,30.0167,34,125,6,22,127,5,5,0,0,5,0,0,5,0,0,24,111,6,24,114,4,28,107,8,5,0,0,24,120,7
4213,5,34,17.6,5.23641,0,126,70.9,20.8019,0,7,3.6,30.016,34,120,6,22,126,6,5,0,0,5,0,0,5,0,0,24,119,6,24,118,4,28,106,7,5,0,0,24,120,7
4214,5,34,17.6,5.23641,0,128,73.3,20.9791,0,7,3.6,30.016,34,118,6,22,127,6,5,0,0,5,0,0,5,0,0,24,128,6,24,123,4,28,116,7,5,0,0,24,121,7
4215,5,34,17.6,5.23641,0,129,73.9,21.0274,0,8,3.7,29.986,34,118,7,22,129,6,5,0,0,5,0,0,5,0,0,24,121,5,24,126,4,28,119,8,5,0,0,24,126,7
4216,5,34,17.6,5.23641,0,132,73.2,20.9916,0,8,3.6,30.017,34,120,7,22,126,5,5,0,0,5,0,0,5,0,0,24,118,5,24,132,4,28,113,8,5,0,0,24,123,7
4217,5,34,17.6,5.23641,0,132,73.5,21.005,0,8,3.7,29.9874,34,124,8,22,123,5,5,0,0,5,0,0,5,0,0,24,118,6,24,132,3,28,117,8,5,0,0,24,121,7
4218,5,34,17.6,5.23641,0,132,73.3,21.0178,0,8,3.7,29.986,34,114,8,22,132,5,5,0,0,5,0,0,5,0,0,24,121,6,24,130,4,28,120,7,5,0,0,24,116,7
4219,5,34,17.6,5.23641,0,130,73.8,21.0532,0,7,3.7,29.9857,34,119,7,22,130,5,5,0,0,5,0,0,5,0,0,24,122,7,24,130,4,28,123,7,5,0,0,24,114,7
4220,5,34,17.6,5.23641,0,126,72.2,20.8839,0,7,3.6,30.0164,34,122,7,22,126,5,5,0,0,5,0,0,5,0,0,24,114,6,24,125,4,28,119,7,5,0,0,24,116,7
4221,5,34,17.6,5.23641,0,121,70.4,20.7167,0,7,3.6,30.0164,34,121,7,22,117,5,5,0,0,5,0,0,5,0,0,24,119,6,24,118,4,28,115,7,5,0,0,24,114,7
4222,5,34,17.6,5.23641,0,125,72.2,20.8571,0,7,3.5,30.047,34,125,7,22,118,5,5,0,0,5,0,0,5,0,0,24,119,6,24,120,4,28,121,6,5,0,0,24,119,7
4223,5,34,17.6,5.23641,0,124,71.8,20.8145,0,7,3.5,30.047,34,117,7,22,115,5,5,0,0,5,0,0,5,0,0,24,120,6,24,121,4,28,124,6,5,0,0,24,121,7
4224,5,34,17.6,5.23641,0,123,71.7,20.8059,0,7,3.5,30.047,34,117,7,22,115,5,5,0,0,5,0,0,5,0,0,24,121,6,24,118,4,28,123,6,5,0,0,24,123,7
4225,5,34,17.6,5.23641,0,122,70.4,20.718,0,7,3.7,29.985,34,119,7,22,111,5,5,0,0,5,0,0,5,0,0,24,121,6,24,118,5,28,113,7,5,0,0,24,122,7
4226,5,34,17.6,5.23641,0,127,71.7,20.835,0,7,3.6,30.0157,34,123,6,22,111,5,5,0,0,5,0,0,5,0,0,24,117,6,24,115,5,28,124,7,5,0,0,24,127,7
4227,5,34,17.6,5.23641,0,124,69.1,20.7075,0,7,3.6,30.0157,34,115,6,22,96,5,5,0,0,5,0,0,5,0,0,24,117,6,24,116,5,28,124,7,5,0,0,24,123,7
4228,5,34,17.6,5.23641,0,128,69.2,20.7017,0,7,3.4,30.0779,34,119,6,22,101,5,5,0,0,5,0,0,5,0,0,24,112,4,24,112,5,28,128,7,5,0,0,24,120,7
4229,5,34,17.6,5.23641,0,125,69,20.6498,0,7,3.3,30.1095,34,116,6,22,104,5,5,0,0,5,0,0,5,0,0,24,117,3,24,114,5,28,125,7,5,0,0,24,114,7
4230,5,34,17.6,5.23641,0,124,69.3,20.6917,0,7,3.3,30.1095,34,119,6,22,100,5,5,0,0,5,0,0,5,0,0,24,113,3,24,117,5,28,124,7,5,0,0,24,120,7
4231,5,34,17.6,5.23641,0,120,68.4,20.6513,0,7,3.2,30.1407,34,119,6,22,96,5,5,0,0,5,0,0,5,0,0,24,114,3,24,116,4,28,120,7,5,0,0,24,119,7
4232,5,34,17.6,5.23641,0,127,70.6,20.7976,0,7,3.1,30.1716,34,121,5,22,100,5,5,0,0,5,0,0,5,0,0,24,116,3,24,120,4,28,122,7,5,0,0,24,127,7
4233,5,34,17.6,5.23641,0,122,70.4,20.7036,0,7,3.1,30.1716,34,118,5,22,115,5,5,0,0,5,0,0,5,0,0,24,116,3,24,118,4,28,115,7,5,0,0,24,122,7
4234,5,34,17.6,5.23641,0,121,70.2,20.6963,0,7,3.1,30.1716,34,110,5,22,115,5,5,0,0,5,0,0,5,0,0,24,120,3,24,121,4,28,116,7,5,0,0,24,120,7
4235,5,34,17.6,5.23641,0,120,68.3,20.6001,0,7,3,30.202,34,106,5,22,120,5,5,0,0,5,0,0,5,0,0,24,118,3,24,116,4,28,108,6,5,0,0,24,115,7
4236,5,34,17.6,5.23641,0,122,69.7,20.6773,0,7,3.1,30.1716,34,117,5,22,122,5,5,0,0,5,0,0,5,0,0,24,115,3,24,109,4,28,117,7,5,0,0,24,117,7
4237,5,34,17.6,5.23641,0,129,71.7,20.8402,0,7,3.1,30.1716,34,117,5,22,129,5,5,0,0,5,0,0,5,0,0,24,116,3,24,118,4,28,115,7,5,0,0,24,122,7
4238,5,34,17.6,5.23641,0,127,70.7,20.7722,0,7,3.1,30.1716,34,115,5,22,127,5,5,0,0,5,0,0,5,0,0,24,119,3,24,114,4,28,110,7,5,0,0,24,122,7
4239,5,34,17.6,5.23641,0,126,71,20.8036,0,7,2.9,30.2335,34,120,5,22,126,5,5,0,0,5,0,0,5,0,0,24,119,3,24,118,3,28,107,6,5,0,0,24,120,7
4240,5,34,17.6,5.23641,0,121,70.1,20.7407,0,7,2.9,30.2335,34,117,5,22,120,5,5,0,0,5,0,0,5,0,0,24,119,3,24,121,3,28,103,6,5,0,0,24,121,7
4241,5,34,17.6,5.23641,0,118,69.4,20.6408,0,7,2.8,30.2645,34,115,4,22,118,5,5,0,0,5,0,0,5,0,0,24,114,3,24,118,3,28,111,6,5,0,0,24,118,7
4242,5,34,17.6,5.23641,0,120,69.9,20.6669,0,7,2.8,30.2645,34,117,4,22,116,5,5,0,0,5,0,0,5,0,0,24,115,3,24,117,3,28,114,6,5,0,0,24,120,7
4243,5,34,17.6,5.23641,0,120,69.3,20.6334,0,7,2.8,30.2645,34,110,4,22,116,5,5,0,0,5,0,0,5,0,0,24,111,3,24,119,3,28,117,6,5,0,0,24,120,7
4244,5,34,17.6,5.23641,0,121,69.3,20.633,0,7,2.8,30.2645,34,111,4,22,115,5,5,0,0,5,0,0,5,0,0,24,112,3,24,121,3,28,115,6,5,0,0,24,119,7
4245,5,34,17.6,5.23641,0,126,69.5,20.7103,0,7,2.8,30.2645,34,115,4,22,105,5,5,0,0,5,0,0,5,0,0,24,106,3,24,123,3,28,126,6,5,0,0,24,120,7
4246,5,34,17.6,5.23641,0,126,69.1,20.6669,0,7,2.8,30.2645,34,119,4,22,105,5,5,0,0,5,0,0,5,0,0,24,109,3,24,116,3,28,126,6,5,0,0,24,116,7
4247,5,34,17.6,5.23641,0,125,69.7,20.723,0,7,2.8,30.2645,34,125,4,22,105,5,5,0,0,5,0,0,5,0,0,24,116,3,24,116,3,28,124,6,5,0,0,24,111,7
4248,5,34,17.6,5.23641,0,128,70.4,20.7818,0,6,2.8,30.2635,34,128,4,22,107,5,5,0,0,5,0,0,5,0,0,24,116,3,24,113,4,28,126,6,5,0,0,24,114,6
4249,5,34,17.6,5.23641,0,126,70.8,20.7646,0,6,2.8,30.2635,34,122,4,22,109,5,5,0,0,5,0,0,5,0,0,24,115,3,24,118,4,28,126,6,5,0,0,24,118,6
4250,5,34,17.6,5.23641,0,123,70.7,20.7469,0,6,2.8,30.2635,34,122,4,22,114,5,5,0,0,5,0,0,5,0,0,24,110,3,24,120,4,28,118,6,5,0,0,24,123,6
4251,5,34,17.6,5.23641,0,131,73.1,20.9775,0,6,2.7,30.2949,34,131,3,22,123,5,5,0,0,5,0,0,5,0,0,24,116,3,24,119,4,28,116,6,5,0,0,24,126,6
4252,5,34,17.6,5.23641,0,130,74.4,21.0938,0,6,2.7,30.2949,34,130,3,22,129,5,5,0,0,5,0,0,5,0,0,24,119,3,24,119,4,28,122,6,5,0,0,24,125,6
4253,5,34,17.6,5.23641,0,135,73.9,21.0846,0,6,2.7,30.2949,34,135,3,22,128,5,5,0,0,5,0,0,5,0,0,24,117,3,24,116,4,28,120,6,5,0,0,24,123,6
4254,5,34,17.6,5.23641,0,125,73,20.9342,0,6,2.7,30.2949,34,124,3,22,122,5,5,0,0,5,0,0,5,0,0,24,114,3,24,122,4,28,123,6,5,0,0,24,125,6
4255,5,34,17.6,5.23641,0,128,72.1,20.8814,0,6,2.7,30.2949,34,115,3,22,125,5,5,0,0,5,0,0,5,0,0,24,117,3,24,111,4,28,125,6,5,0,0,24,128,6
4256,5,34,17.6,5.23641,0,129,70.1,20.7366,0,6,2.5,30.3578,34,110,3,22,123,5,5,0,0,5,0,0,5,0,0,24,110,3,24,112,2,28,117,6,5,0,0,24,129,6
4257,5,34,17.6,5.23641,0,125,69,20.649,0,6,2.4,30.3894,34,109,3,22,121,5,5,0,0,5,0,0,5,0,0,24,108,2,24,115,2,28,112,6,5,0,0,24,125,6
4258,5,34,17.6,5.23641,0,126,69.6,20.6901,0,6,2.5,30.3578,34,107,3,22,122,5,5,0,0,5,0,0,5,0,0,24,110,2,24,115,3,28,116,6,5,0,0,24,126,6
4259,5,34,17.6,5.23641,0,121,70.3,20.7098,0,6,2.6,30.3262,34,119,3,22,121,5,5,0,0,5,0,0,5,0,0,24,112,3,24,114,3,28,117,6,5,0,0,24,120,6
4260,5,34,17.6,5.23641,0,123,69.2,20.6843,0,6,2.7,30.2949,34,123,3,22,120,5,5,0,0,5,0,0,5,0,0,24,109,4,24,106,3,28,120,6,5,0,0,24,114,6
4261,5,34,17.6,5.23641,0,131,70.5,20.8372,0,6,2.7,30.2949,34,131,3,22,126,5,5,0,0,5,0,0,5,0,0,24,109,4,24,108,3,28,118,6,5,0,0,24,113,6
4262,5,34,17.6,5.23641,0,124,68.2,20.6565,0,6,2.7,30.2949,34,124,3,22,118,5,5,0,0,5,0,0,5,0,0,24,112,4,24,99,3,28,116,6,5,0,0,24,113,6
4263,5,34,17.6,5.23641,0,126,68.2,20.6634,0,6,2.6,30.3262,34,126,3,22,119,5,5,0,0,5,0,0,5,0,0,24,113,3,24,101,3,28,112,6,5,0,0,24,111,6
4264,5,34,17.6,5.23641,0,130,69.6,20.7518,0,6,2.6,30.3262,34,130,3,22,120,5,5,0,0,5,0,0,5,0,0,24,114,3,24,105,3,28,115,6,5,0,0,24,112,6
4265,5,34,17.6,5.23641,0,131,69.8,20.7738,0,6,2.6,30.3262,34,131,3,22,122,5,5,0,0,5,0,0,5,0,0,24,113,3,24,113,3,28,108,6,5,0,0,24,111,6
4266,5,34,17.7,5.2811,0,126,70.5,20.7819,0,8,2.9,30.2344,34,125,3,22,126,5,5,0,0,5,0,0,5,0,0,24,115,4,24,115,3,29,114,8,5,0,0,24,110,6
4267,5,34,17.7,5.2811,0,128,71.9,20.86,0,8,2.9,30.2344,34,122,3,22,128,5,5,0,0,5,0,0,5,0,0,24,117,4,24,120,3,29,116,8,5,0,0,24,116,6
4268,5,34,17.7,5.2811,0,124,72.8,20.9111,0,8,2.8,30.2658,34,122,3,22,124,5,5,0,0,5,0,0,5,0,0,24,119,3,24,123,3,29,117,8,5,0,0,24,123,6
4269,5,34,17.7,5.2811,0,128,72.6,20.9115,0,8,2.8,30.2658,34,124,3,22,116,5,5,0,0,5,0,0,5,0,0,24,116,3,24,126,3,29,116,8,5,0,0,24,128,6
4270,5,34,17.7,5.2811,0,125,72.6,20.8978,0,8,2.8,30.2658,34,124,3,22,121,5,5,0,0,5,0,0,5,0,0,24,118,3,24,125,3,29,120,8,5,0,0,24,118,6
4271,5,34,17.7,5.2811,0,123,71.4,20.8079,0,9,2.8,30.2678,34,118,3,22,118,5,5,0,0,5,0,0,5,0,0,24,122,2,24,122,3,29,123,9,5,0,0,24,111,6
4272,5,34,17.7,5.2811,0,123,70.6,20.7296,0,9,3,30.2046,34,116,3,22,116,5,5,0,0,5,0,0,5,0,0,24,123,4,24,117,3,29,120,9,5,0,0,24,114,6
4273,5,34,17.7,5.2811,0,121,70.5,20.7164,0,9,3,30.2046,34,115,3,22,117,5,5,0,0,5,0,0,5,0,0,24,119,4,24,119,3,29,121,9,5,0,0,24,114,6
4274,5,34,17.7,5.2811,0,125,69,20.6431,0,9,3,30.2046,34,114,3,22,110,5,5,0,0,5,0,0,5,0,0,24,112,4,24,119,3,29,125,9,5,0,0,24,110,6
4275,5,34,17.7,5.2811,0,125,69.9,20.6899,0,9,3,30.2046,34,116,3,22,116,5,5,0,0,5,0,0,5,0,0,24,109,4,24,116,3,29,125,9,5,0,0,24,117,6
4276,5,34,17.7,5.2811,0,134,71.1,20.8248,0,8,2.9,30.2344,34,112,3,22,114,5,5,0,0,5,0,0,5,0,0,24,112,4,24,122,3,29,134,8,5,0,0,24,117,6
4277,5,34,17.7,5.2811,0,131,71.2,20.8494,0,8,2.9,30.2344,34,117,3,22,125,5,5,0,0,5,0,0,5,0,0,24,106,4,24,117,3,29,131,8,5,0,0,24,116,6
4278,5,34,17.7,5.2811,0,128,70.1,20.7465,0,8,2.9,30.2344,34,111,3,22,123,5,5,0,0,5,0,0,5,0,0,24,108,4,24,111,3,29,128,8,5,0,0,24,120,6
4279,5,34,17.7,5.2811,0,126,70.9,20.7934,0,7,2.8,30.2645,34,118,3,22,125,5,5,0,0,5,0,0,5,0,0,24,109,4,24,111,3,29,120,7,5,0,0,24,126,6
4280,5,34,17.7,5.2811,0,128,69.5,20.6813,0,7,2.8,30.2645,34,115,3,22,118,5,5,0,0,5,0,0,5,0,0,24,108,4,24,112,3,29,114,7,5,0,0,24,128,6
4281,5,34,17.7,5.2811,0,124,70.9,20.7625,0,7,2.7,30.2958,34,118,3,22,115,5,5,0,0,5,0,0,5,0,0,24,109,3,24,121,3,29,122,7,5,0,0,24,124,6
4282,5,34,17.7,5.2811,0,132,71.2,20.8239,0,8,2.9,30.2344,34,113,4,22,120,5,5,0,0,5,0,0,5,0,0,24,112,3,24,132,3,29,120,8,5,0,0,24,115,6
4283,5,34,17.7,5.2811,0,127,70.1,20.719,0,8,2.8,30.2651,34,115,4,22,118,5,5,0,0,5,0,0,5,0,0,24,116,3,24,127,3,29,113,8,5,0,0,24,112,5
4284,5,34,17.8,5.31413,0,132,71.2,20.8481,0,8,3,30.2039,34,123,4,23,114,7,5,0,0,5,0,0,5,0,0,24,119,3,24,132,3,29,114,8,5,0,0,24,110,5
4285,5,34,17.8,5.31413,0,137,73.3,21.0773,0,9,3,30.2055,34,128,3,23,112,7,5,0,0,5,0,0,5,0,0,24,124,3,24,137,3,29,122,9,5,0,0,24,110,5
4286,5,34,17.8,5.31413,0,139,73.5,21.0877,0,9,2.9,30.2373,34,126,3,23,113,7,5,0,0,5,0,0,5,0,0,24,116,2,24,139,3,29,127,9,5,0,0,24,114,5
4287,5,34,17.8,5.31413,0,131,72.3,20.9134,0,9,3,30.2072,34,123,3,23,113,8,5,0,0,5,0,0,5,0,0,24,120,2,24,131,3,29,123,9,5,0,0,24,113,5
4288,5,34,17.9,5.3507,0,125,70.8,20.7714,0,8,3.4,30.0828,34,125,2,23,112,8,5,0,0,5,0,0,5,0,0,25,120,8,24,121,3,29,118,8,5,0,0,24,112,5
4289,5,34,17.9,5.3507,0,132,73.4,21.0367,0,8,3.2,30.1436,34,132,2,23,110,6,5,0,0,5,0,0,5,0,0,25,125,8,24,129,3,29,119,8,5,0,0,24,119,5
4290,5,34,17.9,5.3507,0,129,72.7,20.9275,0,7,3.1,30.1721,34,125,3,23,112,6,5,0,0,5,0,0,5,0,0,25,121,7,24,129,3,29,118,7,5,0,0,24,122,5
4291,5,34,17.9,5.3507,0,137,73.4,21.0307,0,7,3.1,30.1721,34,115,3,23,112,6,5,0,0,5,0,0,5,0,0,25,122,7,24,137,3,29,121,7,5,0,0,24,127,5
4292,5,34,17.9,5.3507,0,134,73.6,21.0126,0,7,3,30.2026,34,119,3,23,116,6,5,0,0,5,0,0,5,0,0,25,123,6,24,134,3,29,120,7,5,0,0,24,124,5
4293,5,34,17.9,5.3507,0,125,72,20.84,0,7,3,30.2026,34,120,3,23,115,6,5,0,0,5,0,0,5,0,0,25,122,6,24,125,3,29,117,7,5,0,0,24,121,5
4294,5,34,17.9,5.3507,0,132,71.7,20.8537,0,7,3,30.2026,34,116,3,23,117,6,5,0,0,5,0,0,5,0,0,25,132,6,24,116,3,29,114,7,5,0,0,24,122,5
4295,5,34,17.9,5.3507,0,125,70.4,20.7308,0,7,2.8,30.2644,34,112,3,23,120,6,5,0,0,5,0,0,5,0,0,25,118,4,24,109,3,29,120,7,5,0,0,24,125,5
4296,5,34,17.9,5.3507,0,122,69.4,20.6674,0,7,2.8,30.2644,34,112,3,23,118,6,5,0,0,5,0,0,5,0,0,25,122,4,24,107,3,29,120,7,5,0,0,24,115,5
4297,5,34,17.9,5.3507,0,122,68.9,20.636,0,7,2.7,30.2954,34,105,3,23,118,6,5,0,0,5,0,0,5,0,0,25,122,4,24,112,3,29,118,7,5,0,0,24,114,4
4298,5,34,17.9,5.3507,0,126,70.1,20.7173,0,7,2.7,30.2954,34,113,3,23,119,6,5,0,0,5,0,0,5,0,0,25,126,4,24,112,3,29,118,7,5,0,0,24,113,4
4299,5,34,17.9,5.3507,0,131,70.3,20.8175,0,7,2.7,30.2947,34,120,3,23,117,5,5,0,0,5,0,0,5,0,0,25,131,4,24,102,4,29,121,7,5,0,0,24,112,4
4300,5,34,17.9,5.3507,0,127,70.9,20.8468,0,7,2.5,30.3574,34,119,3,23,119,5,5,0,0,5,0,0,5,0,0,25,127,3,24,100,3,29,124,7,5,0,0,24,120,4
4301,5,34,17.9,5.3507,0,130,71.4,20.8364,0,7,2.5,30.3577,34,121,2,23,117,5,5,0,0,5,0,0,5,0,0,25,130,4,24,110,3,29,115,7,5,0,0,24,121,4
4302,5,34,17.9,5.3507,0,127,71.2,20.8005,0,7,2.3,30.4202,34,120,2,23,119,5,5,0,0,5,0,0,5,0,0,25,127,3,24,118,3,29,112,7,5,0,0,24,116,3
4303,5,34,17.9,5.3507,0,122,70.5,20.7169,0,7,2.4,30.3889,34,118,2,23,115,5,5,0,0,5,0,0,5,0,0,25,120,4,24,117,3,29,113,7,5,0,0,24,122,3
4304,5,34,17.9,5.3507,0,122,70.1,20.7246,0,7,2.4,30.3889,34,119,2,23,122,5,5,0,0,5,0,0,5,0,0,25,117,4,24,108,3,29,122,7,5,0,0,24,113,3
4305,5,34,17.9,5.3507,0,126,69.5,20.7183,0,7,2.3,30.4202,34,126,2,23,122,5,5,0,0,5,0,0,5,0,0,25,105,3,24,112,3,29,115,7,5,0,0,24,115,3
4306,5,34,17.9,5.3507,0,122,68.9,20.6385,0,7,2.3,30.4202,34,122,2,23,118,5,5,0,0,5,0,0,5,0,0,25,109,3,24,115,3,29,114,7,5,0,0,24,111,3
4307,5,34,17.9,5.3507,0,124,70.4,20.7359,0,7,2.4,30.3889,34,124,2,23,114,5,5,0,0,5,0,0,5,0,0,25,110,3,24,116,4,29,123,7,5,0,0,24,117,3
4308,5,34,17.9,5.3507,0,125,70.8,20.7658,0,7,2.4,30.3889,34,121,2,23,114,5,5,0,0,5,0,0,5,0,0,25,121,3,24,110,4,29,125,7,5,0,0,24,117,3
4309,5,34,17.9,5.3507,0,125,70.6,20.7384,0,7,2.3,30.4205,34,113,2,23,120,5,5,0,0,5,0,0,5,0,0,25,125,2,24,115,4,29,115,7,5,0,0,24,118,3
4310,5,34,17.9,5.3507,0,123,70,20.691,0,7,2.3,30.4205,34,116,2,23,114,5,5,0,0,5,0,0,5,0,0,25,115,2,24,120,4,29,123,7,5,0,0,24,112,3
4311,5,34,17.9,5.3507,0,125,68.8,20.6554,0,7,2.3,30.4205,34,111,2,23,107,5,5,0,0,5,0,0,5,0,0,25,117,2,24,121,4,29,125,7,5,0,0,24,107,3
4312,5,34,17.9,5.3507,0,127,70.1,20.7407,0,7,2.2,30.4517,34,120,2,23,107,5,5,0,0,5,0,0,5,0,0,25,118,2,24,119,3,29,127,7,5,0,0,24,110,3
4313,5,34,17.9,5.3507,0,127,69.6,20.7233,0,7,2.2,30.4517,34,116,2,23,108,5,5,0,0,5,0,0,5,0,0,25,114,2,24,127,3,29,124,7,5,0,0,24,107,3
4314,5,34,18,5.38702,0,124,68.6,20.6491,0,7,2.2,30.4517,34,115,2,23,108,5,5,0,0,5,0,0,5,0,0,25,118,2,24,124,3,29,117,7,5,0,0,25,104,3
4315,5,34,18,5.38702,0,128,69.1,20.6703,0,7,2.2,30.4517,34,110,2,23,112,5,5,0,0,5,0,0,5,0,0,25,118,2,24,128,3,29,114,7,5,0,0,25,109,3
4316,5,34,18,5.38702,0,119,69.6,20.6672,0,7,2.2,30.4517,34,116,2,23,116,5,5,0,0,5,0,0,5,0,0,25,119,2,24,118,3,29,118,7,5,0,0,25,109,3
4317,5,34,18,5.38702,0,125,72.3,20.8855,0,6,2.1,30.4819,34,122,2,23,117,5,5,0,0,5,0,0,5,0,0,25,124,2,24,122,3,29,125,6,5,0,0,25,113,3
4318,5,34,18,5.38702,0,123,69.8,20.7252,0,6,2.2,30.4508,34,123,2,23,113,5,5,0,0,5,0,0,5,0,0,25,121,2,24,110,3,29,123,6,5,0,0,25,108,4
4319,5,34,18,5.38702,0,123,69.9,20.717,0,6,2.2,30.4508,34,118,2,23,117,5,5,0,0,5,0,0,5,0,0,25,123,2,24,113,3,29,121,6,5,0,0,25,107,4
4320,5,35,18.1,5.44151,0,121,70.8,20.7443,0,6,2.3,30.4192,35,119,3,23,119,5,5,0,0,5,0,0,5,0,0,25,121,2,24,112,3,29,118,6,5,0,0,25,119,4
4321,5,35,18.1,5.44151,0,135,73.3,21.0464,0,6,2.3,30.4192,35,130,3,23,120,5,5,0,0,5,0,0,5,0,0,25,135,2,24,115,3,29,116,6,5,0,0,25,117,4
4322,5,35,18.1,5.44151,0,132,72.6,20.9673,0,6,2.3,30.4192,35,127,3,23,121,5,5,0,0,5,0,0,5,0,0,25,132,2,24,114,3,29,111,6,5,0,0,25,121,4
4323,5,35,18.1,5.44151,0,126,70,20.7455,0,6,2.3,30.4192,35,123,3,23,114,5,5,0,0,5,0,0,5,0,0,25,126,2,24,109,3,29,108,6,5,0,0,25,120,4
4324,5,35,18.1,5.44151,0,127,71.6,20.8431,0,6,2.3,30.4192,35,126,3,23,115,5,5,0,0,5,0,0,5,0,0,25,127,2,24,113,3,29,116,6,5,0,0,25,119,4
4325,5,35,18.1,5.44151,0,131,71.4,20.8383,0,6,2.4,30.3877,35,131,3,23,113,5,5,0,0,5,0,0,5,0,0,25,120,3,24,116,3,29,114,6,5,0,0,25,120,4
4326,5,35,18.2,5.48635,0,128,72.7,20.9317,0,6,2.3,30.4192,35,127,2,23,116,5,5,0,0,5,0,0,5,0,0,25,119,3,24,122,3,30,128,6,5,0,0,25,115,4
4327,5,35,18.2,5.48635,0,129,70.5,20.7606,0,6,2.2,30.4508,35,113,2,23,112,5,5,0,0,5,0,0,5,0,0,25,113,2,24,129,3,30,124,6,5,0,0,25,114,4
4328,5,35,18.2,5.48635,0,123,69.2,20.6821,0,7,2.3,30.4206,35,110,2,23,118,5,5,0,0,5,0,0,5,0,0,25,114,2,24,123,3,30,122,7,5,0,0,25,105,4
4329,5,35,18.2,5.48635,0,135,69.6,20.7627,0,7,2.3,30.4206,35,112,2,23,111,5,5,0,0,5,0,0,5,0,0,25,108,2,24,135,3,30,120,7,5,0,0,25,110,4
4330,5,35,18.2,5.48635,0,133,69.8,20.7358,0,7,2.3,30.4206,35,111,2,23,112,5,5,0,0,5,0,0,5,0,0,25,112,2,24,133,3,30,117,7,5,0,0,25,113,4
4331,5,35,18.2,5.48635,0,132,70.3,20.7608,0,7,2.4,30.39,35,115,2,23,108,6,5,0,0,5,0,0,5,0,0,25,115,2,24,132,3,30,118,7,5,0,0,25,115,4
4332,5,35,18.2,5.48635,0,123,70.6,20.727,0,7,2.5,30.3584,35,119,3,23,111,6,5,0,0,5,0,0,5,0,0,25,117,2,24,118,3,30,123,7,5,0,0,25,118,4
4333,5,35,18.2,5.48635,0,123,71,20.7523,0,7,2.5,30.3584,35,119,3,23,116,6,5,0,0,5,0,0,5,0,0,25,118,2,24,117,3,30,123,7,5,0,0,25,117,4
4334,5,36,18.3,5.54166,0,120,69.9,20.6785,0,12,3.4,30.0874,36,118,12,23,120,6,5,0,0,5,0,0,5,0,0,25,113,2,24,113,3,30,115,7,5,0,0,25,120,4
4335,5,36,18.3,5.54166,0,128,72.5,20.9036,0,11,3.4,30.0851,36,117,11,23,127,6,5,0,0,5,0,0,5,0,0,25,116,2,24,121,3,30,116,7,5,0,0,25,128,5
4336,5,36,18.3,5.54166,0,130,72,20.869,0,11,3.5,30.0535,36,117,11,23,125,6,5,0,0,5,0,0,5,0,0,25,118,4,24,117,2,30,113,7,5,0,0,25,130,5
4337,5,36,18.3,5.54166,0,129,73.3,20.9755,0,10,3.3,30.1137,36,117,10,23,129,5,5,0,0,5,0,0,5,0,0,25,118,4,24,124,2,30,118,7,5,0,0,25,127,5
4338,5,36,18.3,5.54166,0,128,73.1,20.9646,0,10,3.3,30.1137,36,123,10,23,128,5,5,0,0,5,0,0,5,0,0,25,114,4,24,119,2,30,119,7,5,0,0,25,128,5
4339,5,36,18.3,5.54166,0,123,70.5,20.7254,0,10,3.2,30.1448,36,112,10,23,123,5,5,0,0,5,0,0,5,0,0,25,114,4,24,120,2,30,116,7,5,0,0,25,120,4
4340,5,36,18.3,5.54166,0,128,72.1,20.8658,0,9,3.1,30.1743,36,109,9,23,122,5,5,0,0,5,0,0,5,0,0,25,121,4,24,121,2,30,120,7,5,0,0,25,128,4
4341,5,36,18.3,5.54166,0,127,71.3,20.8056,0,9,3.2,30.1432,36,111,9,23,127,5,5,0,0,5,0,0,5,0,0,25,122,4,24,117,2,30,117,7,5,0,0,25,119,5
4342,5,36,18.3,5.54166,0,129,72.5,20.9055,0,7,3,30.2039,36,112,7,23,123,6,5,0,0,5,0,0,5,0,0,25,129,3,24,121,2,30,118,7,5,0,0,25,122,5
4343,5,36,18.3,5.54166,0,129,72,20.8624,0,7,3,30.2039,36,110,7,23,121,6,5,0,0,5,0,0,5,0,0,25,123,3,24,121,2,30,116,7,5,0,0,25,129,5
4344,5,36,18.3,5.54166,0,128,70.3,20.7232,0,7,2.7,30.296,36,115,7,23,109,5,5,0,0,5,0,0,5,0,0,25,118,3,24,119,2,30,114,6,5,0,0,25,128,4
4345,5,36,18.4,5.58749,0,127,72.6,20.911,0,16,3.9,29.9452,36,123,8,23,111,6,5,0,0,5,0,0,5,0,0,25,123,2,24,127,2,31,122,16,5,0,0,25,120,5
4346,5,36,18.4,5.58749,0,128,72.9,20.9447,0,16,3.9,29.9452,36,126,8,23,112,6,5,0,0,5,0,0,5,0,0,25,117,2,24,128,2,31,123,16,5,0,0,25,123,5
4347,5,36,18.4,5.58749,0,126,72.3,20.8946,0,16,3.8,29.9765,36,126,8,23,110,6,5,0,0,5,0,0,5,0,0,25,116,2,24,123,2,31,126,16,5,0,0,25,122,4
4348,5,36,18.4,5.58749,0,132,72.6,20.9335,0,17,3.9,29.9491,36,123,8,23,110,6,5,0,0,5,0,0,5,0,0,25,120,2,24,132,2,31,119,17,5,0,0,25,122,4
4349,5,36,18.4,5.58749,0,131,71.5,20.8457,0,17,3.8,29.9782,36,122,6,23,110,6,5,0,0,5,0,0,5,0,0,25,115,3,24,131,2,31,121,17,5,0,0,25,116,4
4350,5,36,18.4,5.58749,0,126,71,20.7909,0,17,3.8,29.9782,36,124,6,23,112,6,5,0,0,5,0,0,5,0,0,25,118,3,24,126,2,31,117,17,5,0,0,25,113,4
4351,5,36,18.4,5.58749,0,124,69.9,20.6849,0,17,3.8,29.9782,36,118,6,23,112,6,5,0,0,5,0,0,5,0,0,25,115,3,24,124,2,31,113,17,5,0,0,25,117,4
4352,5,36,18.4,5.58749,0,119,69.4,20.6396,0,16,3.8,29.9748,36,109,7,23,118,6,5,0,0,5,0,0,5,0,0,25,115,3,24,119,2,31,116,16,5,0,0,25,117,4
4353,5,36,18.4,5.58749,0,125,70.1,20.7302,0,15,3.8,29.9712,36,106,7,23,125,6,5,0,0,5,0,0,5,0,0,25,118,3,24,122,2,31,114,15,5,0,0,25,116,5
4354,5,36,18.4,5.58749,0,124,69.1,20.6682,0,14,3.7,29.9992,36,111,7,23,122,6,5,0,0,5,0,0,5,0,0,25,124,3,24,113,2,31,111,14,5,0,0,25,110,5
4355,5,36,18.4,5.58749,0,123,67.7,20.5778,0,14,3.5,30.0618,36,111,6,23,123,6,5,0,0,5,0,0,5,0,0,25,114,2,24,110,2,31,111,14,5,0,0,25,108,5
4356,5,36,18.4,5.58749,0,129,68.2,20.6458,0,14,3.6,30.031,36,110,6,23,129,6,5,0,0,5,0,0,5,0,0,25,111,2,24,114,2,31,107,14,5,0,0,25,111,6
4357,5,36,18.4,5.58749,0,127,69.1,20.6691,0,14,3.6,30.031,36,109,6,23,127,6,5,0,0,5,0,0,5,0,0,25,112,2,24,118,2,31,111,14,5,0,0,25,114,6
4358,5,36,18.4,5.58749,0,123,68.6,20.6159,0,14,3.7,30.0004,36,110,6,23,123,6,5,0,0,5,0,0,5,0,0,25,116,2,24,110,2,31,115,14,5,0,0,25,112,7
4359,5,36,18.4,5.58749,0,122,68.4,20.6017,0,14,3.7,30.0004,36,110,6,23,122,6,5,0,0,5,0,0,5,0,0,25,112,2,24,109,2,31,118,14,5,0,0,25,113,7
4360,5,36,18.4,5.58749,0,123,68.7,20.6565,0,14,3.7,30.0004,36,111,6,23,119,6,5,0,0,5,0,0,5,0,0,25,123,2,24,108,2,31,120,14,5,0,0,25,106,7
4361,5,36,18.4,5.58749,0,120,69,20.6211,0,14,3.7,30.0004,36,108,6,23,117,6,5,0,0,5,0,0,5,0,0,25,120,2,24,113,2,31,117,14,5,0,0,25,115,7
4362,5,36,18.4,5.58749,0,123,68.8,20.6255,0,13,3.7,29.998,36,112,6,23,117,7,5,0,0,5,0,0,5,0,0,25,123,2,24,114,2,31,111,13,5,0,0,25,111,7
4363,5,36,18.4,5.58749,0,118,67.7,20.5559,0,13,3.8,29.9674,36,114,7,23,118,7,5,0,0,5,0,0,5,0,0,25,112,2,24,115,2,31,109,13,5,0,0,25,109,7
4364,5,36,18.4,5.58749,0,123,68.9,20.6636,0,13,3.7,29.998,36,110,7,23,123,6,5,0,0,5,0,0,5,0,0,25,115,2,24,123,2,31,107,13,5,0,0,25,111,7
4365,5,36,18.4,5.58749,0,122,67.9,20.6054,0,13,3.7,29.998,36,108,7,23,122,6,5,0,0,5,0,0,5,0,0,25,106,2,24,122,2,31,111,13,5,0,0,25,110,7
4366,5,36,18.4,5.58749,0,131,70,20.7827,0,12,3.5,30.059,36,109,7,23,126,6,5,0,0,5,0,0,5,0,0,25,110,1,24,131,2,31,110,12,5,0,0,25,114,7
4367,5,36,18.4,5.58749,0,127,70.3,20.7422,0,11,3.5,30.0573,36,112,7,23,122,7,5,0,0,5,0,0,5,0,0,25,113,1,24,127,2,31,117,11,5,0,0,25,112,7
4368,5,36,18.4,5.58749,0,124,69.5,20.6653,0,11,3.5,30.0573,36,113,7,23,115,7,5,0,0,5,0,0,5,0,0,25,118,1,24,124,2,31,114,11,5,0,0,25,111,7
4369,5,36,18.4,5.58749,0,127,71.4,20.8013,0,11,3.4,30.0878,36,118,7,23,115,7,5,0,0,5,0,0,5,0,0,25,121,1,24,127,2,31,117,11,5,0,0,25,116,6
4370,5,36,18.4,5.58749,0,129,71.3,20.839,0,11,3.3,30.1184,36,111,6,23,118,7,5,0,0,5,0,0,5,0,0,25,127,1,24,129,2,31,111,11,5,0,0,25,117,6
4371,5,36,18.5,5.6205,0,127,72.1,20.8785,0,11,3.3,30.1184,36,111,6,24,113,7,5,0,0,5,0,0,5,0,0,25,127,1,24,127,2,31,119,11,5,0,0,25,124,6
4372,5,36,18.5,5.6205,0,129,72.6,20.9092,0,10,3.1,30.1784,36,112,5,24,116,7,5,0,0,5,0,0,5,0,0,25,123,1,24,129,2,31,122,10,5,0,0,25,124,6
4373,5,36,18.5,5.6205,0,131,72.4,20.9181,0,10,3,30.2092,36,113,5,24,112,7,5,0,0,5,0,0,5,0,0,25,131,1,24,126,2,31,123,10,5,0,0,25,119,5
4374,5,36,18.5,5.6205,0,133,71.7,20.8727,0,10,3,30.2092,36,116,5,24,109,7,5,0,0,5,0,0,5,0,0,25,133,1,24,123,2,31,117,10,5,0,0,25,119,5
4375,5,36,18.5,5.6205,0,128,71.2,20.8378,0,10,2.8,30.2704,36,112,5,24,108,5,5,0,0,5,0,0,5,0,0,25,128,1,24,128,2,31,113,10,5,0,0,25,123,5
4376,5,36,18.5,5.6205,0,130,72.6,20.9292,0,10,2.8,30.2704,36,121,5,24,114,5,5,0,0,5,0,0,5,0,0,25,118,1,24,130,2,31,114,10,5,0,0,25,129,5
4377,5,36,18.5,5.6205,0,130,71.6,20.82,0,10,2.9,30.2383,36,119,5,24,116,5,5,0,0,5,0,0,5,0,0,25,120,2,24,116,2,31,115,10,5,0,0,25,130,5
4378,5,36,18.5,5.6205,0,120,69,20.6445,0,8,2.6,30.3284,36,119,5,24,117,4,5,0,0,5,0,0,5,0,0,25,120,2,24,111,2,31,107,8,5,0,0,25,116,5
4379,5,36,18.5,5.6205,0,120,68.4,20.6225,0,8,2.6,30.3284,36,120,5,24,119,4,5,0,0,5,0,0,5,0,0,25,115,2,24,114,2,31,105,8,5,0,0,25,111,5
4380,5,36,18.5,5.6205,0,126,69.6,20.6872,0,8,2.5,30.3604,36,126,5,24,115,4,5,0,0,5,0,0,5,0,0,25,112,1,24,116,2,31,112,8,5,0,0,25,115,5
4381,5,36,18.5,5.6205,0,120,68.3,20.6143,0,8,2.5,30.3604,36,120,5,24,110,4,5,0,0,5,0,0,5,0,0,25,119,1,24,114,2,31,115,8,5,0,0,25,105,5
4382,5,36,18.5,5.6205,0,117,68.5,20.5933,0,8,2.5,30.3604,36,116,5,24,116,4,5,0,0,5,0,0,5,0,0,25,117,1,24,111,2,31,115,8,5,0,0,25,110,5
4383,5,36,18.5,5.6205,0,118,68.2,20.5764,0,8,2.5,30.3604,36,113,5,24,115,4,5,0,0,5,0,0,5,0,0,25,112,1,24,106,2,31,118,8,5,0,0,25,118,5
4384,5,36,18.5,5.6205,0,124,67.9,20.626,0,8,2.5,30.3604,36,114,5,24,119,4,5,0,0,5,0,0,5,0,0,25,109,1,24,100,2,31,124,8,5,0,0,25,113,5
4385,5,36,18.5,5.6205,0,126,70,20.7181,0,8,2.5,30.3604,36,118,5,24,120,4,5,0,0,5,0,0,5,0,0,25,112,1,24,109,2,31,126,8,5,0,0,25,115,5
4386,5,36,18.5,5.6205,0,119,68.4,20.5929,0,8,2.6,30.3298,36,114,6,24,113,4,5,0,0,5,0,0,5,0,0,25,115,1,24,105,2,31,119,8,5,0,0,25,118,5
4387,5,36,18.5,5.6205,0,126,69.7,20.7333,0,8,2.4,30.3919,36,115,6,24,126,3,5,0,0,5,0,0,5,0,0,25,115,1,24,103,2,31,114,8,5,0,0,25,124,4
4388,5,36,18.5,5.6205,0,125,69.9,20.7014,0,8,2.5,30.3617,36,113,7,24,122,3,5,0,0,5,0,0,5,0,0,25,116,1,24,109,2,31,114,8,5,0,0,25,125,4
4389,5,36,18.5,5.6205,0,126,71.8,20.8319,0,8,2.5,30.3617,36,119,7,24,123,3,5,0,0,5,0,0,5,0,0,25,117,1,24,113,2,31,120,8,5,0,0,25,126,4
4390,5,36,18.5,5.6205,0,127,72.9,20.927,0,8,2.5,30.3617,36,115,7,24,125,3,5,0,0,5,0,0,5,0,0,25,116,1,24,123,2,31,123,8,5,0,0,25,127,4
4391,5,36,18.5,5.6205,0,127,72.3,20.8681,0,8,2.5,30.3617,36,117,7,24,116,3,5,0,0,5,0,0,5,0,0,25,116,1,24,121,2,31,126,8,5,0,0,25,127,4
4392,5,36,18.5,5.6205,0,123,71.2,20.7752,0,8,2.5,30.3617,36,122,7,24,114,3,5,0,0,5,0,0,5,0,0,25,117,1,24,123,2,31,118,8,5,0,0,25,118,4
4393,5,36,18.5,5.6205,0,124,72.6,20.8942,0,8,2.5,30.3617,36,123,7,24,114,3,5,0,0,5,0,0,5,0,0,25,122,1,24,123,2,31,124,8,5,0,0,25,120,4
4394,5,36,18.5,5.6205,0,121,68.9,20.6287,0,8,2.5,30.3617,36,121,7,24,114,3,5,0,0,5,0,0,5,0,0,25,110,1,24,114,2,31,119,8,5,0,0,25,111,4
4395,5,36,18.5,5.6205,0,121,69.8,20.6848,0,8,2.5,30.3617,36,120,7,24,112,3,5,0,0,5,0,0,5,0,0,25,121,1,24,112,2,31,120,8,5,0,0,25,113,4
4396,5,36,18.5,5.6205,0,120,69.7,20.6875,0,8,2.5,30.3617,36,120,7,24,113,3,5,0,0,5,0,0,5,0,0,25,119,1,24,117,2,31,120,8,5,0,0,25,108,4
4397,5,36,18.5,5.6205,0,118,68.8,20.6075,0,8,2.5,30.3617,36,118,7,24,111,3,5,0,0,5,0,0,5,0,0,25,117,1,24,117,2,31,113,8,5,0,0,25,112,4
4398,5,36,18.5,5.6205,0,123,70.4,20.7562,0,8,2.5,30.3617,36,123,7,24,118,3,5,0,0,5,0,0,5,0,0,25,121,1,24,113,2,31,121,8,5,0,0,25,108,4
4399,5,36,18.5,5.6205,0,126,71.3,20.8132,0,8,2.5,30.3617,36,126,7,24,121,3,5,0,0,5,0,0,5,0,0,25,112,1,24,120,2,31,120,8,5,0,0,25,114,4
4400,5,36,18.5,5.6205,0,129,71.4,20.8351,0,8,2.5,30.3617,36,129,7,24,117,3,5,0,0,5,0,0,5,0,0,25,118,1,24,119,2,31,120,8,5,0,0,25,111,4
4401,5,36,18.5,5.6205,0,124,70.1,20.7218,0,8,2.5,30.3617,36,119,7,24,120,3,5,0,0,5,0,0,5,0,0,25,114,1,24,124,2,31,114,8,5,0,0,25,110,4
4402,5,36,18.5,5.6205,0,121,68.8,20.649,0,8,2.5,30.3617,36,121,7,24,119,3,5,0,0,5,0,0,5,0,0,25,117,1,24,109,2,31,115,8,5,0,0,25,107,4
4403,5,36,18.5,5.6205,0,119,68.2,20.5845,0,8,2.5,30.3617,36,114,7,24,119,3,5,0,0,5,0,0,5,0,0,25,110,1,24,107,2,31,113,8,5,0,0,25,119,4
4404,5,36,18.5,5.6205,0,120,68.5,20.5971,0,8,2.5,30.3617,36,109,7,24,120,3,5,0,0,5,0,0,5,0,0,25,112,1,24,109,2,31,117,8,5,0,0,25,118,4
4405,5,36,18.5,5.6205,0,124,68.5,20.6404,0,8,2.5,30.3617,36,106,7,24,124,3,5,0,0,5,0,0,5,0,0,25,108,1,24,112,2,31,111,8,5,0,0,25,124,4
4406,5,36,18.5,5.6205,0,133,68.8,20.733,0,8,2.5,30.3617,36,109,7,24,133,3,5,0,0,5,0,0,5,0,0,25,110,1,24,107,2,31,107,8,5,0,0,25,122,4
4407,5,36,18.5,5.6205,0,126,69.1,20.6698,0,7,2.4,30.3916,36,106,7,24,126,3,5,0,0,5,0,0,5,0,0,25,114,1,24,109,2,31,118,7,5,0,0,25,118,4
4408,5,36,18.5,5.6205,0,127,69.5,20.739,0,7,2.4,30.3916,36,114,7,24,127,3,5,0,0,5,0,0,5,0,0,25,106,1,24,107,2,31,126,7,5,0,0,25,115,4
4409,5,36,18.5,5.6205,0,129,71.2,20.8493,0,7,2.4,30.3916,36,118,7,24,128,3,5,0,0,5,0,0,5,0,0,25,112,1,24,109,2,31,129,7,5,0,0,25,116,4
4410,5,36,18.5,5.6205,0,125,70.6,20.7814,0,7,2.4,30.3916,36,121,7,24,125,3,5,0,0,5,0,0,5,0,0,25,112,1,24,106,2,31,120,7,5,0,0,25,122,4
4411,5,36,18.5,5.6205,0,129,71.7,20.8414,0,8,2.5,30.3617,36,118,8,24,129,3,5,0,0,5,0,0,5,0,0,25,119,1,24,115,2,31,119,7,5,0,0,25,117,4
4412,5,36,18.5,5.6205,0,127,72.2,20.8998,0,8,2.4,30.3929,36,125,8,24,127,3,5,0,0,5,0,0,5,0,0,25,120,1,24,111,2,31,122,7,5,0,0,25,117,3
4413,5,36,18.5,5.6205,0,131,72.8,20.9469,0,8,2.4,30.3929,36,118,8,24,126,3,5,0,0,5,0,0,5,0,0,25,121,1,24,116,2,31,131,7,5,0,0,25,116,3
4414,5,36,18.5,5.6205,0,131,72,20.8974,0,8,2.4,30.3929,36,122,8,24,120,3,5,0,0,5,0,0,5,0,0,25,119,1,24,119,2,31,131,7,5,0,0,25,109,3
4415,5,36,18.5,5.6205,0,130,73.1,20.9747,0,8,2.5,30.3629,36,130,8,24,123,3,5,0,0,5,0,0,5,0,0,25,118,1,24,121,2,31,124,8,5,0,0,25,115,3
4416,5,36,18.5,5.6205,0,130,73.1,20.9634,0,8,2.6,30.3313,36,130,8,24,122,3,5,0,0,5,0,0,5,0,0,25,118,1,24,123,3,31,117,8,5,0,0,25,121,3
4417,5,36,18.5,5.6205,0,127,71.8,20.8602,0,8,2.6,30.3313,36,127,8,24,120,3,5,0,0,5,0,0,5,0,0,25,114,1,24,124,3,31,120,8,5,0,0,25,113,3
4418,5,37,18.6,5.67627,0,127,71.3,20.855,0,12,3,30.2143,37,127,12,24,121,3,5,0,0,5,0,0,5,0,0,25,108,1,24,125,3,31,121,8,5,0,0,25,111,3
4419,5,37,18.6,5.67627,0,127,70.8,20.7679,0,12,3,30.2143,37,120,12,24,115,3,5,0,0,5,0,0,5,0,0,25,112,1,24,127,3,31,120,8,5,0,0,25,114,3
4420,5,37,18.6,5.67627,0,122,70.9,20.75,0,12,3,30.2143,37,122,12,24,112,3,5,0,0,5,0,0,5,0,0,25,116,1,24,118,3,31,119,8,5,0,0,25,122,3
4421,5,37,18.6,5.67627,0,127,71,20.7778,0,10,2.9,30.2408,37,113,10,24,109,3,5,0,0,5,0,0,5,0,0,25,116,1,24,123,4,31,122,8,5,0,0,25,127,3
4422,5,37,18.6,5.67627,0,133,73.3,20.9811,0,10,2.9,30.2408,37,116,10,24,116,3,5,0,0,5,0,0,5,0,0,25,124,1,24,126,4,31,118,8,5,0,0,25,133,3
4423,5,37,18.6,5.67627,0,137,75,21.1624,0,10,2.8,30.2725,37,122,10,24,121,3,5,0,0,5,0,0,5,0,0,25,122,1,24,137,4,31,120,8,5,0,0,25,128,2
4424,5,37,18.6,5.67627,0,130,74.6,21.0912,0,9,2.7,30.3019,37,124,9,24,117,3,5,0,0,5,0,0,5,0,0,25,126,1,24,127,4,31,122,8,5,0,0,25,130,2
4425,5,37,18.6,5.67627,0,130,74.3,21.077,0,8,2.5,30.3615,37,130,7,24,124,3,5,0,0,5,0,0,5,0,0,25,120,1,24,122,4,31,118,8,5,0,0,25,129,2
4426,5,37,18.6,5.67627,0,129,74.7,21.1168,0,8,2.4,30.3928,37,123,7,24,129,3,5,0,0,5,0,0,5,0,0,25,115,1,24,127,3,31,127,8,5,0,0,25,126,2
4427,5,37,18.6,5.67627,0,126,72.7,20.933,0,8,2.4,30.3928,37,126,7,24,124,3,5,0,0,5,0,0,5,0,0,25,112,1,24,126,3,31,120,8,5,0,0,25,119,2
4428,5,37,18.6,5.67627,0,127,73.3,20.9866,0,8,2.5,30.3613,37,125,7,24,122,3,5,0,0,5,0,0,5,0,0,25,112,1,24,127,3,31,127,8,5,0,0,25,120,3
4429,5,37,18.6,5.67627,0,127,72.8,20.9565,0,8,2.5,30.3613,37,126,7,24,127,3,5,0,0,5,0,0,5,0,0,25,113,1,24,127,3,31,117,8,5,0,0,25,118,3
4430,5,37,18.6,5.67627,0,132,73.1,21.0025,0,8,2.5,30.3613,37,125,7,24,132,3,5,0,0,5,0,0,5,0,0,25,113,1,24,113,3,31,122,8,5,0,0,25,126,3
4431,5,37,18.6,5.67627,0,133,72.5,21.0013,0,8,2.5,30.3613,37,117,7,24,133,3,5,0,0,5,0,0,5,0,0,25,105,1,24,114,3,31,126,8,5,0,0,25,130,3
4432,5,37,18.6,5.67627,0,130,72.7,20.971,0,7,2.3,30.4215,37,117,6,24,130,3,5,0,0,5,0,0,5,0,0,25,107,1,24,124,3,31,120,7,5,0,0,25,129,3
4433,5,37,18.6,5.67627,0,131,74.5,21.1259,0,7,2.3,30.4215,37,130,6,24,128,3,5,0,0,5,0,0,5,0,0,25,114,1,24,124,3,31,118,7,5,0,0,25,131,3
4434,5,37,18.6,5.67627,0,134,74.2,21.1199,0,7,2.4,30.3912,37,134,7,24,129,3,5,0,0,5,0,0,5,0,0,25,113,1,24,124,3,31,117,7,5,0,0,25,125,3
4435,5,37,18.6,5.67627,0,129,72.7,20.9661,0,7,2.4,30.3912,37,126,7,24,129,3,5,0,0,5,0,0,5,0,0,25,112,1,24,121,3,31,112,7,5,0,0,25,127,3
4436,5,37,18.6,5.67627,0,131,70.3,20.7718,0,7,2.4,30.3912,37,110,7,24,121,3,5,0,0,5,0,0,5,0,0,25,113,1,24,131,3,31,109,7,5,0,0,25,119,3
4437,5,37,18.6,5.67627,0,127,70.2,20.759,0,7,2.4,30.3912,37,108,7,24,121,3,5,0,0,5,0,0,5,0,0,25,121,1,24,127,3,31,107,7,5,0,0,25,118,3
4438,5,37,18.6,5.67627,0,128,71.9,20.8946,0,7,2.5,30.3599,37,106,7,24,127,4,5,0,0,5,0,0,5,0,0,25,119,1,24,125,3,31,114,7,5,0,0,25,128,3
4439,5,37,18.6,5.67627,0,124,70.5,20.7645,0,7,2.5,30.3599,37,107,7,24,123,4,5,0,0,5,0,0,5,0,0,25,124,1,24,116,3,31,111,7,5,0,0,25,124,3
4440,5,37,18.6,5.67627,0,130,71.6,20.8695,0,7,2.5,30.3599,37,110,7,24,123,4,5,0,0,5,0,0,5,0,0,25,127,1,24,115,3,31,111,7,5,0,0,25,130,3
4441,5,37,18.6,5.67627,0,126,71.8,20.8522,0,8,2.6,30.33,37,108,8,24,126,4,5,0,0,5,0,0,5,0,0,25,120,1,24,120,3,31,118,7,5,0,0,25,126,3
4442,5,37,18.6,5.67627,0,126,71.2,20.8146,0,8,2.7,30.299,37,113,8,24,126,5,5,0,0,5,0,0,5,0,0,25,124,1,24,116,3,31,110,7,5,0,0,25,123,3
4443,5,37,18.6,5.67627,0,129,72.5,20.9422,0,7,2.6,30.3286,37,119,7,24,123,4,5,0,0,5,0,0,5,0,0,25,128,1,24,118,4,31,108,7,5,0,0,25,129,3
4444,5,37,18.6,5.67627,0,122,70.7,20.7487,0,7,2.6,30.3286,37,120,7,24,119,4,5,0,0,5,0,0,5,0,0,25,122,1,24,111,4,31,114,7,5,0,0,25,121,3
4445,5,37,18.6,5.67627,0,129,70.5,20.767,0,7,2.5,30.3599,37,117,7,24,129,4,5,0,0,5,0,0,5,0,0,25,118,1,24,115,3,31,112,7,5,0,0,25,114,3
4446,5,37,18.6,5.67627,0,122,70.7,20.7549,0,8,2.6,30.33,37,122,8,24,122,4,5,0,0,5,0,0,5,0,0,25,119,1,24,112,3,31,113,7,5,0,0,25,119,3
4447,5,37,18.6,5.67627,0,127,73.1,20.9674,0,8,2.7,30.299,37,126,8,24,126,5,5,0,0,5,0,0,5,0,0,25,117,1,24,115,3,31,127,7,5,0,0,25,120,3
4448,5,37,18.6,5.67627,0,125,72.9,20.94,0,8,2.9,30.2378,37,125,8,24,124,7,5,0,0,5,0,0,5,0,0,25,125,1,24,115,3,31,122,7,5,0,0,25,118,3
4449,5,37,18.6,5.67627,0,127,73.1,20.9441,0,8,2.8,30.2682,37,120,8,24,124,6,5,0,0,5,0,0,5,0,0,25,127,1,24,117,3,31,120,7,5,0,0,25,123,3
4450,5,37,18.7,5.71227,0,129,71.6,20.8333,0,8,3,30.2044,37,115,8,24,115,6,5,0,0,5,0,0,5,0,0,26,129,3,24,116,3,31,115,7,5,0,0,25,126,3
4451,5,37,18.7,5.71227,0,124,71.5,20.7961,0,8,3.1,30.1729,37,119,8,24,116,6,5,0,0,5,0,0,5,0,0,26,124,4,24,115,3,31,120,7,5,0,0,25,121,3
4452,5,37,18.7,5.71227,0,128,71.3,20.8216,0,8,3.1,30.1729,37,115,8,24,117,6,5,0,0,5,0,0,5,0,0,26,124,4,24,108,3,31,128,7,5,0,0,25,121,3
4453,5,37,18.7,5.71227,0,130,71,20.7969,0,9,3.2,30.1431,37,112,9,24,113,6,5,0,0,5,0,0,5,0,0,26,121,4,24,111,3,31,130,7,5,0,0,25,123,3
4454,5,37,18.7,5.71227,0,134,71.1,20.8358,0,9,3.1,30.1739,37,110,9,24,110,5,5,0,0,5,0,0,5,0,0,26,120,4,24,122,3,31,134,7,5,0,0,25,115,3
4455,5,37,18.7,5.71227,0,125,70.4,20.7525,0,9,3,30.2054,37,106,9,24,108,5,5,0,0,5,0,0,5,0,0,26,121,3,24,121,3,31,123,7,5,0,0,25,125,3
4456,5,37,18.7,5.71227,0,126,71.1,20.7755,0,9,2.9,30.2362,37,113,9,24,110,5,5,0,0,5,0,0,5,0,0,26,121,4,24,121,2,31,120,6,5,0,0,25,126,3
4457,5,37,18.7,5.71227,0,123,70.7,20.7388,0,9,2.9,30.2362,37,114,9,24,117,5,5,0,0,5,0,0,5,0,0,26,123,4,24,112,2,31,121,6,5,0,0,25,120,3
4458,5,37,18.7,5.71227,0,124,70,20.712,0,9,2.9,30.2368,37,117,9,24,118,6,5,0,0,5,0,0,5,0,0,26,124,3,24,108,2,31,119,6,5,0,0,25,114,3
4459,5,37,18.7,5.71227,0,121,70.3,20.7081,0,9,2.9,30.2368,37,121,9,24,116,6,5,0,0,5,0,0,5,0,0,26,119,3,24,115,2,31,118,6,5,0,0,25,114,3
4460,5,37,18.7,5.71227,0,122,71,20.7561,0,9,2.9,30.2362,37,118,9,24,122,5,5,0,0,5,0,0,5,0,0,26,115,3,24,119,2,31,119,6,5,0,0,25,117,4
4461,5,37,18.7,5.71227,0,131,71.2,20.8338,0,8,2.7,30.297,37,118,8,24,125,4,5,0,0,5,0,0,5,0,0,26,108,3,24,114,2,31,116,6,5,0,0,25,131,4
4462,5,37,18.7,5.71227,0,128,71,20.7774,0,8,2.8,30.2657,37,117,8,24,122,4,5,0,0,5,0,0,5,0,0,26,115,4,24,113,2,31,115,6,5,0,0,25,128,4
4463,5,37,18.7,5.71227,0,126,70.4,20.755,0,9,2.7,30.298,37,117,9,24,120,4,5,0,0,5,0,0,5,0,0,26,118,3,24,118,2,31,105,5,5,0,0,25,126,4
4464,5,37,18.7,5.71227,0,124,68.9,20.6371,0,8,2.6,30.3277,37,106,8,24,120,4,5,0,0,5,0,0,5,0,0,26,112,3,24,116,2,31,111,5,5,0,0,25,124,4
4465,5,37,18.7,5.71227,0,127,69.7,20.7225,0,8,2.6,30.3277,37,104,8,24,127,4,5,0,0,5,0,0,5,0,0,26,116,3,24,115,2,31,112,5,5,0,0,25,123,4
4466,5,37,18.7,5.71227,0,121,69.6,20.6634,0,8,2.7,30.2964,37,113,8,24,117,4,5,0,0,5,0,0,5,0,0,26,121,4,24,112,2,31,120,5,5,0,0,25,113,4
4467,5,37,18.7,5.71227,0,127,71.4,20.8232,0,8,2.6,30.3277,37,118,8,24,117,4,5,0,0,5,0,0,5,0,0,26,118,4,24,108,2,31,126,5,5,0,0,25,127,3
4468,5,37,18.7,5.71227,0,125,70.3,20.7211,0,8,2.9,30.2339,37,121,8,24,113,5,5,0,0,5,0,0,5,0,0,26,112,5,24,112,3,31,120,5,5,0,0,25,125,3
4469,5,37,18.7,5.71227,0,126,70.1,20.7292,0,8,2.9,30.2339,37,118,8,24,114,5,5,0,0,5,0,0,5,0,0,26,112,5,24,107,3,31,124,5,5,0,0,25,126,3
4470,5,37,18.7,5.71227,0,131,71.5,20.8147,0,8,2.8,30.265,37,117,8,24,116,5,5,0,0,5,0,0,5,0,0,26,115,3,24,115,3,31,121,5,5,0,0,25,131,4
4471,5,37,18.7,5.71227,0,120,70.6,20.7197,0,8,2.8,30.265,37,119,8,24,114,5,5,0,0,5,0,0,5,0,0,26,114,3,24,119,3,31,120,5,5,0,0,25,120,4
4472,5,37,18.7,5.71227,0,125,71,20.7742,0,8,2.9,30.2336,37,125,8,24,115,5,5,0,0,5,0,0,5,0,0,26,112,4,24,116,3,31,122,5,5,0,0,25,120,4
4473,5,37,18.7,5.71227,0,123,70.2,20.7206,0,8,2.9,30.2336,37,123,8,24,118,5,5,0,0,5,0,0,5,0,0,26,111,4,24,115,3,31,112,5,5,0,0,25,123,4
4474,5,37,18.7,5.71227,0,127,72.3,20.8842,0,8,3,30.2025,37,127,8,24,119,5,5,0,0,5,0,0,5,0,0,26,118,5,24,118,3,31,115,5,5,0,0,25,126,4
4475,5,37,18.7,5.71227,0,131,71.9,20.8574,0,8,2.9,30.2339,37,122,8,24,119,5,5,0,0,5,0,0,5,0,0,26,113,5,24,115,3,31,119,5,5,0,0,25,131,3
4476,5,37,18.7,5.71227,0,124,71.5,20.8124,0,7,2.8,30.2639,37,121,7,24,123,5,5,0,0,5,0,0,5,0,0,26,119,5,24,115,3,31,113,5,5,0,0,25,124,3
4477,5,37,18.7,5.71227,0,125,70.5,20.7897,0,7,2.8,30.2643,37,124,7,24,118,4,5,0,0,5,0,0,5,0,0,26,122,6,24,111,3,31,105,5,5,0,0,25,125,3
4478,5,37,18.8,5.74804,0,133,71.1,20.8414,0,7,2.9,30.2339,37,120,7,24,117,4,5,0,0,5,0,0,5,0,0,26,122,7,24,112,3,31,107,5,5,0,0,26,133,3
4479,5,38,18.9,5.80431,0,128,71.6,20.889,0,10,3.3,30.1132,38,126,10,24,111,5,5,0,0,5,0,0,5,0,0,26,127,7,24,117,3,31,107,5,5,0,0,26,128,3
4480,5,38,18.9,5.80431,0,125,69.2,20.6741,0,9,3.4,30.0811,38,118,9,24,108,5,5,0,0,5,0,0,5,0,0,26,125,8,24,112,3,31,108,5,5,0,0,26,121,4
4481,5,38,18.9,5.80431,0,120,68.7,20.6236,0,10,3.6,30.0215,38,117,10,24,116,5,5,0,0,5,0,0,5,0,0,26,120,9,24,115,3,31,106,5,5,0,0,26,113,4
4482,5,38,18.9,5.80431,0,118,68.1,20.5696,0,11,3.8,29.9609,38,112,11,24,118,5,5,0,0,5,0,0,5,0,0,26,114,9,24,110,3,31,109,5,5,0,0,26,118,5
4483,5,38,18.9,5.80431,0,118,66.8,20.5026,0,10,3.7,29.9902,38,108,10,24,115,5,5,0,0,5,0,0,5,0,0,26,111,9,24,107,3,31,109,5,5,0,0,26,118,5
4484,5,39,19,5.86174,0,120,68.7,20.6006,0,20,4.6,29.7421,39,112,20,24,111,5,5,0,0,5,0,0,5,0,0,26,120,9,24,113,3,31,111,4,5,0,0,26,120,5
4485,5,39,19,5.86174,0,127,71.8,20.8416,0,20,4.6,29.7421,39,121,20,24,115,5,5,0,0,5,0,0,5,0,0,26,127,9,24,119,3,31,113,4,5,0,0,26,123,5
4486,5,39,19,5.86174,0,124,71,20.7966,0,20,4.5,29.7737,39,123,20,24,106,4,5,0,0,5,0,0,5,0,0,26,122,9,24,124,3,31,115,4,5,0,0,26,120,5
4487,5,39,19,5.86174,0,123,69.4,20.7019,0,20,4.5,29.7737,39,123,20,24,101,4,5,0,0,5,0,0,5,0,0,26,116,9,24,116,3,31,123,4,5,0,0,26,115,5
4488,5,39,19,5.86174,0,126,69.8,20.709,0,19,4.5,29.7687,39,126,19,24,111,5,5,0,0,5,0,0,5,0,0,26,111,9,24,114,3,31,122,4,5,0,0,26,114,5
4489,5,39,19,5.86174,0,125,70.4,20.7353,0,19,4.5,29.7687,39,125,19,24,119,5,5,0,0,5,0,0,5,0,0,26,112,9,24,115,3,31,118,4,5,0,0,26,115,5
4490,5,39,19,5.86174,0,121,69.6,20.6674,0,17,4.2,29.8542,39,121,17,24,118,5,5,0,0,5,0,0,5,0,0,26,113,9,24,117,3,31,111,4,5,0,0,26,116,4
4491,5,39,19,5.86174,0,124,70.1,20.7092,0,16,4.2,29.8502,39,117,16,24,124,5,5,0,0,5,0,0,5,0,0,26,118,9,24,115,3,31,112,4,5,0,0,26,115,5
4492,5,39,19,5.86174,0,121,69.5,20.6522,0,16,4.1,29.8823,39,115,16,24,121,5,5,0,0,5,0,0,5,0,0,26,111,9,24,114,2,31,117,4,5,0,0,26,117,5
4493,5,39,19,5.86174,0,119,68.8,20.6043,0,16,4.1,29.8823,39,111,16,24,118,5,5,0,0,5,0,0,5,0,0,26,112,9,24,111,2,31,119,4,5,0,0,26,117,5
4494,5,39,19,5.86174,0,118,69.7,20.6579,0,16,4.1,29.8823,39,113,16,24,118,5,5,0,0,5,0,0,5,0,0,26,118,9,24,118,2,31,116,4,5,0,0,26,114,5
4495,5,39,19,5.86174,0,122,69.9,20.676,0,16,4.1,29.8823,39,114,16,24,115,5,5,0,0,5,0,0,5,0,0,26,122,9,24,113,2,31,119,4,5,0,0,26,116,5
4496,5,39,19,5.86174,0,126,70.5,20.7427,0,13,3.9,29.9345,39,109,13,24,118,5,5,0,0,5,0,0,5,0,0,26,121,9,24,126,3,31,115,4,5,0,0,26,116,5
4497,5,39,19,5.86174,0,120,70,20.6813,0,13,3.9,29.9345,39,110,13,24,116,5,5,0,0,5,0,0,5,0,0,26,120,9,24,119,3,31,119,4,5,0,0,26,116,5
4498,5,39,19,5.86174,0,125,70.3,20.7786,0,13,4,29.9035,39,104,13,24,124,5,5,0,0,5,0,0,5,0,0,26,125,9,24,123,3,31,110,4,5,0,0,26,117,6
4499,5,39,19,5.86174,0,129,72.6,20.9392,0,13,4,29.9035,39,109,13,24,120,5,5,0,0,5,0,0,5,0,0,26,124,9,24,129,3,31,115,4,5,0,0,26,129,6
4500,5,40,19.1,5.9203,0,126,70.6,20.7674,0,16,4.3,29.8191,40,114,16,24,114,5,5,0,0,5,0,0,5,0,0,26,121,9,24,124,3,31,107,4,5,0,0,26,126,6
4501,5,40,19.1,5.9203,0,127,72.2,20.8764,0,18,4.4,29.7946,40,123,18,24,117,5,5,0,0,5,0,0,5,0,0,26,116,8,24,127,3,31,114,4,5,0,0,26,125,6
4502,5,40,19.1,5.9203,0,129,72.3,20.9024,0,18,4.4,29.796,40,129,18,24,115,5,5,0,0,5,0,0,5,0,0,26,116,8,24,124,2,31,114,4,5,0,0,26,125,7
4503,5,40,19.1,5.9203,0,126,71.8,20.8455,0,18,4.5,29.7638,40,123,18,24,116,5,5,0,0,5,0,0,5,0,0,26,115,8,24,126,3,31,113,4,5,0,0,26,125,7
4504,5,40,19.1,5.9203,0,125,71.1,20.7906,0,18,4.6,29.7333,40,125,18,24,120,5,5,0,0,5,0,0,5,0,0,26,114,8,24,122,3,31,113,4,5,0,0,26,117,8
4505,5,40,19.1,5.9203,0,124,71.3,20.8064,0,17,4.5,29.7618,40,124,17,24,122,4,5,0,0,5,0,0,5,0,0,26,118,9,24,121,3,31,112,4,5,0,0,26,116,8
4506,5,40,19.1,5.9203,0,123,70.9,20.7753,0,16,4.3,29.8196,40,123,16,24,116,4,5,0,0,5,0,0,5,0,0,26,112,8,24,123,3,31,122,4,5,0,0,26,113,8
4507,5,40,19.1,5.9203,0,126,70.2,20.713,0,14,4,29.906,40,116,14,24,112,4,5,0,0,5,0,0,5,0,0,26,110,7,24,118,3,31,126,4,5,0,0,26,120,8
4508,5,40,19.1,5.9203,0,125,69.5,20.7078,0,14,4,29.906,40,125,14,24,114,4,5,0,0,5,0,0,5,0,0,26,106,7,24,116,3,31,123,4,5,0,0,26,111,8
4509,5,40,19.1,5.9203,0,120,70.2,20.7017,0,14,4.1,29.8745,40,120,14,24,111,4,5,0,0,5,0,0,5,0,0,26,112,7,24,120,3,31,120,5,5,0,0,26,119,8
4510,5,40,19.1,5.9203,0,121,69.1,20.6358,0,13,4,29.903,40,111,13,24,106,4,5,0,0,5,0,0,5,0,0,26,120,7,24,116,3,31,121,5,5,0,0,26,117,8
4511,5,40,19.1,5.9203,0,121,68,20.5572,0,13,4,29.903,40,113,13,24,107,4,5,0,0,5,0,0,5,0,0,26,111,7,24,114,3,31,114,5,5,0,0,26,121,8
4512,5,40,19.1,5.9203,0,122,70.2,20.7016,0,13,4,29.903,40,122,13,24,117,4,5,0,0,5,0,0,5,0,0,26,114,7,24,117,3,31,117,5,5,0,0,26,115,8
4513,5,40,19.1,5.9203,0,120,69,20.6058,0,14,4,29.9066,40,113,14,24,115,4,5,0,0,5,0,0,5,0,0,26,114,7,24,114,2,31,114,5,5,0,0,26,120,8
4514,5,40,19.1,5.9203,0,119,68.8,20.6001,0,13,3.8,29.9654,40,114,13,24,108,4,5,0,0,5,0,0,5,0,0,26,115,7,24,118,2,31,114,5,5,0,0,26,119,7
4515,5,40,19.1,5.9203,0,119,66.4,20.4813,0,11,3.5,30.0537,40,106,11,24,107,4,5,0,0,5,0,0,5,0,0,26,112,6,24,112,2,31,108,5,5,0,0,26,119,7
4516,5,40,19.1,5.9203,0,123,66.7,20.5202,0,10,3.3,30.1134,40,109,10,24,107,4,5,0,0,5,0,0,5,0,0,26,115,6,24,107,2,31,106,5,5,0,0,26,123,6
4517,5,40,19.1,5.9203,0,120,68.6,20.585,0,10,3.3,30.1134,40,114,10,24,111,4,5,0,0,5,0,0,5,0,0,26,112,6,24,112,2,31,117,5,5,0,0,26,120,6
4518,5,40,19.1,5.9203,0,124,69.8,20.6746,0,10,3.3,30.1134,40,117,10,24,111,4,5,0,0,5,0,0,5,0,0,26,119,6,24,113,2,31,114,5,5,0,0,26,124,6
4519,5,40,19.1,5.9203,0,125,70.7,20.7558,0,10,3.3,30.1134,40,123,10,24,117,4,5,0,0,5,0,0,5,0,0,26,117,6,24,111,2,31,114,5,5,0,0,26,125,6
4520,5,40,19.1,5.9203,0,125,70.1,20.7243,0,10,3.3,30.1134,40,124,10,24,114,4,5,0,0,5,0,0,5,0,0,26,115,6,24,109,2,31,114,5,5,0,0,26,125,6
4521,5,40,19.1,5.9203,0,127,71.4,20.8211,0,10,3.4,30.0825,40,127,10,24,122,4,5,0,0,5,0,0,5,0,0,26,116,6,24,113,2,31,115,6,5,0,0,26,121,6
4522,5,40,19.1,5.9203,0,129,70.9,20.8181,0,10,3.3,30.1134,40,129,10,24,119,4,5,0,0,5,0,0,5,0,0,26,118,6,24,107,2,31,113,5,5,0,0,26,123,6
4523,5,40,19.1,5.9203,0,128,70.2,20.7927,0,10,3.4,30.0825,40,128,10,24,114,4,5,0,0,5,0,0,5,0,0,26,123,6,24,103,2,31,112,6,5,0,0,26,122,6
4524,5,40,19.1,5.9203,0,125,71.3,20.8475,0,10,3.3,30.1134,40,125,10,24,123,4,5,0,0,5,0,0,5,0,0,26,125,6,24,107,2,31,113,5,5,0,0,26,120,6
4525,5,40,19.1,5.9203,0,124,69.9,20.7247,0,10,3.3,30.1134,40,124,10,24,115,4,5,0,0,5,0,0,5,0,0,26,123,6,24,107,2,31,112,5,5,0,0,26,118,6
4526,5,40,19.1,5.9203,0,128,71,20.8243,0,9,3.4,30.0802,40,128,9,24,109,4,5,0,0,5,0,0,5,0,0,26,127,6,24,112,3,31,117,6,5,0,0,26,117,6
4527,5,40,19.1,5.9203,0,132,71.8,20.9,0,9,3.4,30.0795,40,127,9,24,110,4,5,0,0,5,0,0,5,0,0,26,132,6,24,113,4,31,118,5,5,0,0,26,118,6
4528,5,40,19.1,5.9203,0,123,69.9,20.7002,0,9,3.3,30.1104,40,121,9,24,112,4,5,0,0,5,0,0,5,0,0,26,123,5,24,116,4,31,116,5,5,0,0,26,111,6
4529,5,40,19.1,5.9203,0,121,70,20.6738,0,9,3.3,30.1104,40,113,9,24,114,4,5,0,0,5,0,0,5,0,0,26,116,5,24,121,4,31,117,5,5,0,0,26,119,6
4530,5,40,19.1,5.9203,0,131,71,20.8181,0,9,3.2,30.142,40,110,9,24,119,4,5,0,0,5,0,0,5,0,0,26,116,5,24,131,3,31,123,5,5,0,0,26,111,6
4531,5,40,19.1,5.9203,0,125,69.4,20.6545,0,8,3.2,30.1403,40,110,8,24,116,4,5,0,0,5,0,0,5,0,0,26,113,5,24,116,4,31,125,5,5,0,0,26,114,6
4532,5,40,19.1,5.9203,0,123,69,20.6743,0,8,3.2,30.1403,40,114,8,24,121,4,5,0,0,5,0,0,5,0,0,26,101,5,24,115,4,31,123,5,5,0,0,26,116,6
4533,5,40,19.1,5.9203,0,138,71.4,20.951,0,8,3.1,30.1715,40,120,8,24,115,4,5,0,0,5,0,0,5,0,0,26,99,4,24,121,4,31,138,5,5,0,0,26,121,6
4534,5,40,19.1,5.9203,0,131,72.3,20.9029,0,8,3.1,30.1715,40,117,8,24,120,4,5,0,0,5,0,0,5,0,0,26,111,4,24,117,4,31,131,5,5,0,0,26,127,6
4535,5,40,19.1,5.9203,0,130,73.1,20.9665,0,8,3.1,30.1715,40,122,8,24,117,4,5,0,0,5,0,0,5,0,0,26,112,4,24,122,4,31,130,5,5,0,0,26,128,6
4536,5,40,19.1,5.9203,0,128,72.9,20.9395,0,8,3.1,30.1715,40,127,8,24,115,4,5,0,0,5,0,0,5,0,0,26,119,4,24,121,4,31,128,5,5,0,0,26,119,6
4537,5,40,19.1,5.9203,0,125,72,20.8655,0,7,3,30.2016,40,125,7,24,115,4,5,0,0,5,0,0,5,0,0,26,117,4,24,124,4,31,125,5,5,0,0,26,114,6
4538,5,40,19.1,5.9203,0,127,71.7,20.8176,0,7,3,30.2016,40,119,7,24,114,4,5,0,0,5,0,0,5,0,0,26,120,4,24,118,4,31,127,5,5,0,0,26,119,6
4539,5,40,19.1,5.9203,0,126,71.7,20.8234,0,7,3,30.2016,40,126,7,24,117,4,5,0,0,5,0,0,5,0,0,26,117,4,24,119,4,31,116,5,5,0,0,26,122,6
4540,5,40,19.1,5.9203,0,126,72.4,20.8898,0,7,3,30.2016,40,126,7,24,112,4,5,0,0,5,0,0,5,0,0,26,121,4,24,118,4,31,121,5,5,0,0,26,126,6
4541,5,40,19.1,5.9203,0,126,71,20.7882,0,7,3,30.2016,40,125,7,24,115,4,5,0,0,5,0,0,5,0,0,26,113,4,24,116,4,31,126,5,5,0,0,26,115,6
4542,5,40,19.1,5.9203,0,127,70,20.7392,0,7,3,30.2016,40,118,7,24,118,4,5,0,0,5,0,0,5,0,0,26,109,4,24,120,4,31,127,5,5,0,0,26,108,6
4543,5,40,19.1,5.9203,0,128,72,20.9172,0,7,3,30.2016,40,128,7,24,120,4,5,0,0,5,0,0,5,0,0,26,116,4,24,123,4,31,126,5,5,0,0,26,107,6
4544,5,40,19.1,5.9203,0,128,70.5,20.8316,0,8,3.2,30.1403,40,120,8,24,122,4,5,0,0,5,0,0,5,0,0,26,109,4,24,123,5,31,128,5,5,0,0,26,103,6
4545,5,40,19.1,5.9203,0,123,69.3,20.6876,0,8,3.2,30.1403,40,123,8,24,116,4,5,0,0,5,0,0,5,0,0,26,113,4,24,116,5,31,120,5,5,0,0,26,105,6
4546,5,40,19.1,5.9203,0,121,69.1,20.6588,0,8,3.2,30.1403,40,114,8,24,117,4,5,0,0,5,0,0,5,0,0,26,121,4,24,117,5,31,117,5,5,0,0,26,105,6
4547,5,40,19.1,5.9203,0,125,67.9,20.593,0,8,3.2,30.1403,40,108,8,24,109,4,5,0,0,5,0,0,5,0,0,26,125,4,24,116,5,31,113,5,5,0,0,26,108,6
4548,5,40,19.1,5.9203,0,130,70.2,20.7639,0,8,3.2,30.1403,40,112,8,24,112,4,5,0,0,5,0,0,5,0,0,26,123,4,24,117,5,31,130,5,5,0,0,26,108,6
4549,5,40,19.1,5.9203,0,131,72.7,20.9811,0,8,3.2,30.1403,40,115,8,24,109,4,5,0,0,5,0,0,5,0,0,26,129,4,24,128,5,31,131,5,5,0,0,26,115,6
4550,5,40,19.1,5.9203,0,133,72.3,20.9374,0,8,3.2,30.1403,40,112,8,24,112,4,5,0,0,5,0,0,5,0,0,26,122,4,24,129,5,31,133,5,5,0,0,26,115,6
4551,5,40,19.1,5.9203,0,136,74.6,21.1396,0,8,3.3,30.1094,40,112,8,24,126,4,5,0,0,5,0,0,5,0,0,26,126,4,24,125,6,31,136,5,5,0,0,26,121,6
4552,5,40,19.1,5.9203,0,128,74,21.035,0,8,3.3,30.1094,40,116,8,24,125,4,5,0,0,5,0,0,5,0,0,26,118,4,24,127,6,31,128,5,5,0,0,26,126,6
4553,5,40,19.1,5.9203,0,133,74.2,21.0735,0,8,3.4,30.0789,40,127,8,24,119,4,5,0,0,5,0,0,5,0,0,26,120,4,24,133,7,31,123,5,5,0,0,26,120,6
4554,5,40,19.1,5.9203,0,127,73.1,20.9519,0,8,3.4,30.0789,40,120,8,24,127,4,5,0,0,5,0,0,5,0,0,26,120,4,24,124,7,31,115,5,5,0,0,26,125,6
4555,5,40,19.1,5.9203,0,125,72.3,20.8695,0,8,3.4,30.0789,40,122,8,24,119,4,5,0,0,5,0,0,5,0,0,26,113,4,24,123,7,31,121,5,5,0,0,26,125,6
4556,5,40,19.1,5.9203,0,128,73.5,20.9974,0,7,3.4,30.0786,40,125,7,24,120,4,5,0,0,5,0,0,5,0,0,26,114,4,24,128,7,31,127,5,5,0,0,26,121,7
4557,5,40,19.1,5.9203,0,130,72.5,20.9261,0,7,3.4,30.0786,40,130,7,24,117,4,5,0,0,5,0,0,5,0,0,26,114,4,24,123,7,31,125,5,5,0,0,26,116,7
4558,5,40,19.1,5.9203,0,128,73,20.9468,0,7,3.3,30.1091,40,128,7,24,116,4,5,0,0,5,0,0,5,0,0,26,122,4,24,119,7,31,126,5,5,0,0,26,119,6
4559,5,40,19.1,5.9203,0,125,72.5,20.8939,0,7,3.2,30.1396,40,123,7,24,116,4,5,0,0,5,0,0,5,0,0,26,124,4,24,121,6,31,125,5,5,0,0,26,116,6
4560,5,40,19.1,5.9203,0,125,71.5,20.8219,0,7,3.2,30.1396,40,125,7,24,118,4,5,0,0,5,0,0,5,0,0,26,122,4,24,114,6,31,122,5,5,0,0,26,114,6
4561,5,40,19.1,5.9203,0,120,69.8,20.687,0,7,3.1,30.1705,40,120,7,24,119,4,5,0,0,5,0,0,5,0,0,26,117,4,24,109,5,31,119,5,5,0,0,26,114,6
4562,5,40,19.1,5.9203,0,125,70.9,20.762,0,8,3.2,30.1403,40,120,8,24,113,4,5,0,0,5,0,0,5,0,0,26,125,4,24,113,5,31,119,5,5,0,0,26,119,6
4563,5,40,19.1,5.9203,0,127,69.7,20.6971,0,8,3.2,30.1403,40,115,8,24,111,4,5,0,0,5,0,0,5,0,0,26,121,4,24,107,5,31,116,5,5,0,0,26,127,6
4564,5,40,19.1,5.9203,0,129,71.2,20.8037,0,8,3.2,30.1403,40,120,8,24,114,4,5,0,0,5,0,0,5,0,0,26,122,4,24,110,5,31,117,5,5,0,0,26,129,6
4565,5,40,19.1,5.9203,0,123,70.5,20.749,0,8,3.2,30.1403,40,120,8,24,119,4,5,0,0,5,0,0,5,0,0,26,119,4,24,106,5,31,118,5,5,0,0,26,123,6
4566,5,40,19.1,5.9203,0,118,69.3,20.6294,0,8,3.2,30.1403,40,114,8,24,118,4,5,0,0,5,0,0,5,0,0,26,116,4,24,112,5,31,115,5,5,0,0,26,118,6
4567,5,40,19.1,5.9203,0,116,67.3,20.5196,0,8,3.2,30.1403,40,112,8,24,114,4,5,0,0,5,0,0,5,0,0,26,110,4,24,116,5,31,109,5,5,0,0,26,112,6
4568,5,41,19.2,5.97997,0,122,69.5,20.6675,0,12,3.5,30.0535,41,122,12,24,116,4,5,0,0,5,0,0,5,0,0,26,115,4,24,109,5,31,113,5,5,0,0,26,120,5
4569,5,41,19.2,5.97997,0,126,69.8,20.7093,0,12,3.4,30.0851,41,122,12,24,117,4,5,0,0,5,0,0,5,0,0,26,113,3,24,111,5,31,109,5,5,0,0,26,126,5
4570,5,41,19.2,5.97997,0,120,68.7,20.6213,0,12,3.4,30.0851,41,120,12,24,117,4,5,0,0,5,0,0,5,0,0,26,111,3,24,110,5,31,109,5,5,0,0,26,120,5
4571,5,41,19.2,5.97997,0,124,69.2,20.6922,0,12,3.4,30.0851,41,124,12,24,113,4,5,0,0,5,0,0,5,0,0,26,111,3,24,103,5,31,118,5,5,0,0,26,123,5
4572,5,41,19.2,5.97997,0,123,71.2,20.8004,0,12,3.4,30.0851,41,123,12,24,121,4,5,0,0,5,0,0,5,0,0,26,112,3,24,111,5,31,123,5,5,0,0,26,122,5
4573,5,41,19.2,5.97997,0,125,72.5,20.8774,0,10,3.2,30.1432,41,119,10,24,116,4,5,0,0,5,0,0,5,0,0,26,121,3,24,125,5,31,123,5,5,0,0,26,121,5
4574,5,41,19.2,5.97997,0,130,72.3,20.9236,0,10,3.2,30.1432,41,111,10,24,114,4,5,0,0,5,0,0,5,0,0,26,124,3,24,130,5,31,129,5,5,0,0,26,115,5
4575,5,41,19.2,5.97997,0,128,71.4,20.8241,0,9,3.1,30.1727,41,114,9,24,111,4,5,0,0,5,0,0,5,0,0,26,120,3,24,126,5,31,128,5,5,0,0,26,115,5
4576,5,41,19.2,5.97997,0,124,70.3,20.7227,0,9,3.1,30.1727,41,116,9,24,111,4,5,0,0,5,0,0,5,0,0,26,113,3,24,124,5,31,124,5,5,0,0,26,115,5
4577,5,41,19.2,5.97997,0,125,71.5,20.8702,0,8,2.9,30.2337,41,125,8,24,121,4,5,0,0,5,0,0,5,0,0,26,110,3,24,125,5,31,125,4,5,0,0,26,109,5
4578,5,41,19.2,5.97997,0,126,71.6,20.8302,0,8,2.9,30.2337,41,122,8,24,121,4,5,0,0,5,0,0,5,0,0,26,113,3,24,120,5,31,126,4,5,0,0,26,114,5
4579,5,41,19.2,5.97997,0,124,68.9,20.6382,0,8,2.9,30.2337,41,118,8,24,107,4,5,0,0,5,0,0,5,0,0,26,111,3,24,117,5,31,124,4,5,0,0,26,112,5
4580,5,41,19.2,5.97997,0,124,69.9,20.7038,0,9,3,30.2039,41,109,9,24,114,4,5,0,0,5,0,0,5,0,0,26,116,3,24,124,5,31,124,4,5,0,0,26,112,5
4581,5,41,19.2,5.97997,0,119,69.8,20.6655,0,10,3.1,30.1744,41,114,10,24,119,4,5,0,0,5,0,0,5,0,0,26,118,3,24,116,5,31,117,4,5,0,0,26,114,5
4582,5,41,19.2,5.97997,0,118,68.6,20.6106,0,10,3.1,30.1744,41,116,10,24,117,4,5,0,0,5,0,0,5,0,0,26,114,3,24,118,5,31,114,4,5,0,0,26,107,5
4583,5,41,19.2,5.97997,0,124,71.3,20.8109,0,10,3.1,30.1744,41,122,10,24,124,4,5,0,0,5,0,0,5,0,0,26,116,3,24,120,5,31,120,4,5,0,0,26,111,5
4584,5,41,19.2,5.97997,0,135,71.5,20.8991,0,10,3.1,30.1744,41,135,10,24,119,4,5,0,0,5,0,0,5,0,0,26,109,3,24,118,5,31,112,4,5,0,0,26,122,5
4585,5,41,19.2,5.97997,0,125,70.4,20.7731,0,9,3.1,30.1727,41,125,9,24,125,5,5,0,0,5,0,0,5,0,0,26,109,3,24,117,5,31,110,4,5,0,0,26,118,5
4586,5,41,19.2,5.97997,0,129,69.6,20.7466,0,9,3.1,30.1727,41,116,9,24,129,5,5,0,0,5,0,0,5,0,0,26,108,3,24,109,5,31,109,4,5,0,0,26,125,5
4587,5,41,19.2,5.97997,0,131,71.3,20.8346,0,9,3.1,30.1727,41,113,9,24,131,5,5,0,0,5,0,0,5,0,0,26,114,3,24,115,5,31,115,4,5,0,0,26,125,5
4588,5,41,19.2,5.97997,0,120,69.5,20.6425,0,9,3.1,30.1727,41,112,9,24,116,5,5,0,0,5,0,0,5,0,0,26,118,3,24,112,5,31,117,4,5,0,0,26,120,5
4589,5,41,19.2,5.97997,0,119,70,20.6753,0,9,3,30.2039,41,114,9,24,113,4,5,0,0,5,0,0,5,0,0,26,119,3,24,119,5,31,119,4,5,0,0,26,116,5
4590,5,41,19.2,5.97997,0,118,69.7,20.6529,0,9,2.9,30.2353,41,114,9,24,116,4,5,0,0,5,0,0,5,0,0,26,118,3,24,118,5,31,114,3,5,0,0,26,117,5
4591,5,41,19.2,5.97997,0,120,71.2,20.7636,0,9,2.9,30.2353,41,119,9,24,119,4,5,0,0,5,0,0,5,0,0,26,117,3,24,120,5,31,118,3,5,0,0,26,119,5
4592,5,41,19.2,5.97997,0,127,71.8,20.8359,0,8,2.7,30.2961,41,113,8,24,119,4,5,0,0,5,0,0,5,0,0,26,127,3,24,119,4,31,123,3,5,0,0,26,117,5
4593,5,41,19.2,5.97997,0,126,70.5,20.737,0,8,2.6,30.3271,41,112,8,24,118,4,5,0,0,5,0,0,5,0,0,26,126,3,24,116,4,31,119,3,5,0,0,26,114,4
4594,5,41,19.2,5.97997,0,119,69.4,20.6485,0,8,2.6,30.3271,41,113,8,24,116,4,5,0,0,5,0,0,5,0,0,26,117,3,24,119,4,31,119,3,5,0,0,26,110,4
4595,5,41,19.2,5.97997,0,123,71.4,20.7965,0,7,2.5,30.3571,41,120,7,24,123,4,5,0,0,5,0,0,5,0,0,26,115,3,24,122,4,31,117,3,5,0,0,26,117,4
4596,5,41,19.2,5.97997,0,123,70.4,20.7294,0,7,2.5,30.3571,41,117,7,24,123,4,5,0,0,5,0,0,5,0,0,26,112,3,24,122,4,31,115,3,5,0,0,26,115,4
4597,5,41,19.2,5.97997,0,123,70.3,20.7147,0,7,2.5,30.3571,41,121,7,24,113,4,5,0,0,5,0,0,5,0,0,26,112,3,24,123,4,31,117,3,5,0,0,26,117,4
4598,5,41,19.2,5.97997,0,125,72.6,20.8976,0,7,2.6,30.3257,41,122,7,24,120,4,5,0,0,5,0,0,5,0,0,26,113,3,24,124,4,31,122,4,5,0,0,26,125,4
4599,5,41,19.2,5.97997,0,124,72.4,20.8829,0,7,2.6,30.3257,41,124,7,24,123,4,5,0,0,5,0,0,5,0,0,26,114,3,24,122,4,31,119,4,5,0,0,26,122,4
4600,5,41,19.2,5.97997,0,128,71.7,20.8352,0,7,2.6,30.3257,41,116,7,24,128,4,5,0,0,5,0,0,5,0,0,26,113,3,24,119,4,31,119,4,5,0,0,26,122,4
4601,5,41,19.2,5.97997,0,123,69.9,20.7042,0,7,2.5,30.3571,41,114,7,24,123,4,5,0,0,5,0,0,5,0,0,26,107,3,24,116,4,31,122,3,5,0,0,26,117,4
4602,5,41,19.2,5.97997,0,132,72.4,20.9755,0,7,2.5,30.3571,41,112,7,24,131,4,5,0,0,5,0,0,5,0,0,26,107,3,24,119,4,31,132,3,5,0,0,26,123,4
4603,5,41,19.2,5.97997,0,130,72,20.8937,0,8,2.7,30.2957,41,116,8,24,125,4,5,0,0,5,0,0,5,0,0,26,107,3,24,118,4,31,124,4,5,0,0,26,130,4
4604,5,41,19.2,5.97997,0,124,71.4,20.7976,0,7,2.5,30.3571,41,112,7,24,124,3,5,0,0,5,0,0,5,0,0,26,120,3,24,117,4,31,117,4,5,0,0,26,124,4
4605,5,41,19.2,5.97997,0,124,71.4,20.7981,0,6,2.4,30.3873,41,119,6,24,124,3,5,0,0,5,0,0,5,0,0,26,115,3,24,122,4,31,116,4,5,0,0,26,118,4
4606,5,41,19.2,5.97997,0,128,71.9,20.8656,0,5,2.3,30.4179,41,128,5,24,119,3,5,0,0,5,0,0,5,0,0,26,117,3,24,114,4,31,125,4,5,0,0,26,116,4
4607,5,41,19.2,5.97997,0,127,71.9,20.8539,0,6,2.3,30.4186,41,127,6,24,121,3,5,0,0,5,0,0,5,0,0,26,118,3,24,113,4,31,121,3,5,0,0,26,119,4
4608,5,41,19.2,5.97997,0,125,71.5,20.8146,0,6,2.3,30.4186,41,122,6,24,117,3,5,0,0,5,0,0,5,0,0,26,125,3,24,112,4,31,121,3,5,0,0,26,118,4
4609,5,41,19.2,5.97997,0,128,71.6,20.8303,0,5,2.2,30.4491,41,118,5,24,114,3,5,0,0,5,0,0,5,0,0,26,128,3,24,113,4,31,124,3,5,0,0,26,119,4
4610,5,41,19.2,5.97997,0,133,72.2,20.9032,0,5,2.2,30.4491,41,114,5,24,115,3,5,0,0,5,0,0,5,0,0,26,133,3,24,117,4,31,125,3,5,0,0,26,118,4
4611,5,41,19.2,5.97997,0,134,72.5,20.9541,0,5,2.3,30.4179,41,120,5,24,107,4,5,0,0,5,0,0,5,0,0,26,134,3,24,117,4,31,122,3,5,0,0,26,125,4
4612,5,41,19.2,5.97997,0,131,73.6,21.0255,0,5,2.3,30.4179,41,125,5,24,110,4,5,0,0,5,0,0,5,0,0,26,131,3,24,123,4,31,124,3,5,0,0,26,123,4
4613,5,41,19.2,5.97997,0,129,72.9,20.9604,0,5,2.3,30.4179,41,129,5,24,109,4,5,0,0,5,0,0,5,0,0,26,124,3,24,124,4,31,120,3,5,0,0,26,123,4
4614,5,41,19.2,5.97997,0,125,71.4,20.8055,0,6,2.5,30.3564,41,123,6,24,115,4,5,0,0,5,0,0,5,0,0,26,113,3,24,125,5,31,121,3,5,0,0,26,117,4
4615,5,41,19.2,5.97997,0,134,71.1,20.8316,0,6,2.5,30.3564,41,118,6,24,109,4,5,0,0,5,0,0,5,0,0,26,116,3,24,134,5,31,119,3,5,0,0,26,115,4
4616,5,41,19.2,5.97997,0,124,70.1,20.7014,0,7,2.6,30.3261,41,114,7,24,110,4,5,0,0,5,0,0,5,0,0,26,115,3,24,124,5,31,122,3,5,0,0,26,116,4
4617,5,41,19.2,5.97997,0,126,71,20.7806,0,7,2.5,30.3571,41,113,7,24,112,4,5,0,0,5,0,0,5,0,0,26,119,3,24,126,4,31,125,3,5,0,0,26,115,4
4618,5,41,19.2,5.97997,0,120,68.9,20.6139,0,7,2.5,30.3571,41,115,7,24,116,4,5,0,0,5,0,0,5,0,0,26,111,3,24,120,4,31,115,3,5,0,0,26,112,4
4619,5,41,19.2,5.97997,0,128,70.8,20.8052,0,7,2.5,30.3571,41,122,7,24,122,4,5,0,0,5,0,0,5,0,0,26,110,3,24,128,4,31,115,3,5,0,0,26,111,4
4620,5,41,19.2,5.97997,0,120,69,20.6284,0,7,2.5,30.3571,41,116,7,24,120,4,5,0,0,5,0,0,5,0,0,26,109,3,24,114,4,31,118,3,5,0,0,26,113,4
4621,5,41,19.2,5.97997,0,121,70.4,20.7237,0,7,2.5,30.3571,41,121,7,24,119,4,5,0,0,5,0,0,5,0,0,26,110,3,24,118,4,31,120,3,5,0,0,26,116,4
4622,5,41,19.2,5.97997,0,127,70.1,20.7096,0,7,2.5,30.3571,41,112,7,24,116,4,5,0,0,5,0,0,5,0,0,26,114,3,24,127,4,31,118,3,5,0,0,26,114,4
4623,5,41,19.2,5.97997,0,126,70.3,20.726,0,7,2.5,30.3571,41,115,7,24,118,4,5,0,0,5,0,0,5,0,0,26,118,3,24,126,4,31,113,3,5,0,0,26,113,4
4624,5,41,19.2,5.97997,0,126,69.5,20.7051,0,7,2.6,30.3261,41,116,7,24,119,4,5,0,0,5,0,0,5,0,0,26,111,3,24,126,5,31,117,3,5,0,0,26,106,4
4625,5,41,19.2,5.97997,0,129,69.6,20.7883,0,7,2.6,30.3261,41,118,7,24,117,4,5,0,0,5,0,0,5,0,0,26,119,3,24,129,5,31,115,3,5,0,0,26,98,4
4626,5,41,19.2,5.97997,0,131,68.1,20.7403,0,8,2.7,30.296,41,113,8,24,112,4,5,0,0,5,0,0,5,0,0,26,121,3,24,131,5,31,108,3,5,0,0,26,96,4
4627,5,41,19.2,5.97997,0,123,68.7,20.6397,0,8,2.8,30.2647,41,114,8,24,108,4,5,0,0,5,0,0,5,0,0,26,122,3,24,123,5,31,108,4,5,0,0,26,112,4
4628,5,41,19.2,5.97997,0,124,70.2,20.7141,0,8,2.8,30.2647,41,115,8,24,112,4,5,0,0,5,0,0,5,0,0,26,121,3,24,124,5,31,118,4,5,0,0,26,112,4
4629,5,41,19.2,5.97997,0,122,70.2,20.693,0,8,2.8,30.2647,41,114,8,24,114,4,5,0,0,5,0,0,5,0,0,26,116,3,24,122,5,31,120,4,5,0,0,26,116,4
4630,5,41,19.2,5.97997,0,126,71.4,20.8253,0,8,2.8,30.2647,41,116,8,24,123,4,5,0,0,5,0,0,5,0,0,26,108,3,24,126,5,31,117,4,5,0,0,26,124,4
4631,5,41,19.2,5.97997,0,123,70.9,20.7609,0,9,2.9,30.2349,41,112,9,24,123,4,5,0,0,5,0,0,5,0,0,26,113,3,24,123,5,31,118,4,5,0,0,26,120,4
4632,5,41,19.2,5.97997,0,126,69.9,20.7008,0,9,2.9,30.2349,41,110,9,24,109,4,5,0,0,5,0,0,5,0,0,26,112,3,24,119,5,31,123,4,5,0,0,26,126,4
4633,5,41,19.2,5.97997,0,127,70.9,20.7681,0,9,2.9,30.2349,41,112,9,24,111,4,5,0,0,5,0,0,5,0,0,26,115,3,24,122,5,31,127,4,5,0,0,26,122,4
4634,5,41,19.2,5.97997,0,130,70.9,20.7825,0,10,3,30.2055,41,117,10,24,119,4,5,0,0,5,0,0,5,0,0,26,114,3,24,115,5,31,130,4,5,0,0,26,114,4
4635,5,41,19.2,5.97997,0,122,69.6,20.6742,0,9,2.7,30.2976,41,116,9,24,122,4,5,0,0,5,0,0,5,0,0,26,114,3,24,118,5,31,116,3,5,0,0,26,110,3
4636,5,41,19.2,5.97997,0,127,71.3,20.8229,0,10,2.7,30.2996,41,119,10,24,127,3,5,0,0,5,0,0,5,0,0,26,114,3,24,123,5,31,110,3,5,0,0,26,120,3
4637,5,41,19.2,5.97997,0,127,72.2,20.9079,0,10,2.7,30.2996,41,124,10,24,127,3,5,0,0,5,0,0,5,0,0,26,116,3,24,126,5,31,111,3,5,0,0,26,118,3
4638,5,41,19.2,5.97997,0,127,71.7,20.8444,0,10,2.7,30.2996,41,121,10,24,127,3,5,0,0,5,0,0,5,0,0,26,114,3,24,123,5,31,115,3,5,0,0,26,117,3
4639,5,41,19.2,5.97997,0,133,73.3,21.0396,0,10,2.7,30.2996,41,129,10,24,133,3,5,0,0,5,0,0,5,0,0,26,114,3,24,122,5,31,113,3,5,0,0,26,122,3
4640,5,41,19.3,6.02412,0,129,72.5,20.9393,0,10,3,30.2064,41,123,10,24,126,3,5,0,0,5,0,0,5,0,0,26,111,3,24,124,5,32,112,6,5,0,0,26,129,3
4641,5,41,19.3,6.02412,0,129,71.6,20.9068,0,10,3.1,30.1759,41,124,10,24,129,3,5,0,0,5,0,0,5,0,0,26,108,3,24,117,5,32,109,7,5,0,0,26,129,3
4642,5,41,19.3,6.02412,0,133,71.7,20.9482,0,9,3,30.2054,41,120,9,24,133,3,5,0,0,5,0,0,5,0,0,26,107,3,24,115,5,32,110,7,5,0,0,26,132,3
4643,5,41,19.3,6.02412,0,128,70.4,20.7956,0,9,3,30.2054,41,117,9,24,128,3,5,0,0,5,0,0,5,0,0,26,112,3,24,112,5,32,107,7,5,0,0,26,128,3
4644,5,41,19.3,6.02412,0,126,70.5,20.7521,0,7,2.8,30.2653,41,119,7,24,121,3,5,0,0,5,0,0,5,0,0,26,108,3,24,112,5,32,119,7,5,0,0,26,126,3
4645,5,41,19.3,6.02412,0,124,71.2,20.7754,0,7,2.8,30.2653,41,116,7,24,121,3,5,0,0,5,0,0,5,0,0,26,115,3,24,114,5,32,122,7,5,0,0,26,124,3
4646,5,41,19.3,6.02412,0,135,71.5,20.8825,0,7,2.8,30.2653,41,110,7,24,127,3,5,0,0,5,0,0,5,0,0,26,115,3,24,112,5,32,116,7,5,0,0,26,135,3
4647,5,41,19.3,6.02412,0,125,69.3,20.6849,0,7,2.7,30.2957,41,104,7,24,120,3,5,0,0,5,0,0,5,0,0,26,115,3,24,108,5,32,121,6,5,0,0,26,125,3
4648,5,41,19.3,6.02412,0,127,68.1,20.6077,0,7,2.7,30.2957,41,112,7,24,113,3,5,0,0,5,0,0,5,0,0,26,109,3,24,104,5,32,116,6,5,0,0,26,127,3
4649,5,41,19.3,6.02412,0,128,67.7,20.6434,0,7,2.6,30.3263,41,112,7,24,111,3,5,0,0,5,0,0,5,0,0,26,107,3,24,98,5,32,121,5,5,0,0,26,128,3
4650,5,41,19.3,6.02412,0,127,69.7,20.7755,0,7,2.6,30.3263,41,117,7,24,115,3,5,0,0,5,0,0,5,0,0,26,113,3,24,98,5,32,127,5,5,0,0,26,127,3
4651,5,41,19.3,6.02412,0,123,69.8,20.6832,0,7,2.5,30.3573,41,110,7,24,121,3,5,0,0,5,0,0,5,0,0,26,115,3,24,112,5,32,123,4,5,0,0,26,117,3
4652,5,41,19.3,6.02412,0,124,70.4,20.7412,0,7,2.5,30.3573,41,106,7,24,121,3,5,0,0,5,0,0,5,0,0,26,120,3,24,118,5,32,124,4,5,0,0,26,115,3
4653,5,41,19.3,6.02412,0,126,71.2,20.7983,0,7,2.5,30.3573,41,112,7,24,125,3,5,0,0,5,0,0,5,0,0,26,117,3,24,116,5,32,126,4,5,0,0,26,116,3
4654,5,41,19.3,6.02412,0,124,71,20.7819,0,7,2.7,30.2957,41,124,7,24,120,3,5,0,0,5,0,0,5,0,0,26,119,3,24,112,6,32,121,5,5,0,0,26,114,3
4655,5,41,19.3,6.02412,0,127,71.4,20.8216,0,6,2.6,30.326,41,114,6,24,127,3,5,0,0,5,0,0,5,0,0,26,120,3,24,115,6,32,124,5,5,0,0,26,114,3
4656,5,41,19.3,6.02412,0,130,71.8,20.8662,0,6,2.6,30.326,41,117,6,24,124,3,5,0,0,5,0,0,5,0,0,26,119,3,24,116,6,32,130,5,5,0,0,26,112,3
4657,5,41,19.3,6.02412,0,134,71.4,20.902,0,6,2.6,30.326,41,114,6,24,134,3,5,0,0,5,0,0,5,0,0,26,123,3,24,108,6,32,123,5,5,0,0,26,112,3
4658,5,41,19.3,6.02412,0,126,69.4,20.7266,0,6,2.5,30.3567,41,116,5,24,126,3,5,0,0,5,0,0,5,0,0,26,122,3,24,112,6,32,114,5,5,0,0,26,104,3
4659,5,41,19.3,6.02412,0,121,68.4,20.6679,0,6,2.5,30.3567,41,117,5,24,120,3,5,0,0,5,0,0,5,0,0,26,112,3,24,115,6,32,121,5,5,0,0,26,99,3
4660,5,41,19.3,6.02412,0,121,68.9,20.6418,0,6,2.6,30.326,41,107,6,24,119,3,5,0,0,5,0,0,5,0,0,26,116,3,24,118,6,32,121,5,5,0,0,26,108,3
4661,5,41,19.3,6.02412,0,123,69.5,20.6793,0,6,2.6,30.326,41,109,6,24,122,3,5,0,0,5,0,0,5,0,0,26,114,3,24,123,6,32,116,5,5,0,0,26,111,3
4662,5,41,19.3,6.02412,0,116,67.5,20.5249,0,6,2.6,30.326,41,111,6,24,112,3,5,0,0,5,0,0,5,0,0,26,116,3,24,111,6,32,114,5,5,0,0,26,111,3
4663,5,41,19.3,6.02412,0,125,69.9,20.7007,0,6,2.6,30.326,41,125,6,24,117,3,5,0,0,5,0,0,5,0,0,26,115,3,24,114,6,32,115,5,5,0,0,26,113,3
4664,5,41,19.3,6.02412,0,124,69.7,20.6912,0,6,2.5,30.3567,41,120,6,24,114,3,5,0,0,5,0,0,5,0,0,26,111,3,24,124,5,32,109,5,5,0,0,26,119,3
4665,5,41,19.3,6.02412,0,119,69.5,20.6551,0,6,2.5,30.3567,41,119,6,24,115,3,5,0,0,5,0,0,5,0,0,26,117,3,24,119,5,32,112,5,5,0,0,26,113,3
4666,5,41,19.3,6.02412,0,121,70.2,20.7012,0,5,2.4,30.3873,41,121,5,24,117,3,5,0,0,5,0,0,5,0,0,26,116,3,24,118,5,32,112,5,5,0,0,26,118,3
4667,5,41,19.3,6.02412,0,129,73.2,20.9732,0,5,2.3,30.4182,41,117,4,24,124,3,5,0,0,5,0,0,5,0,0,26,128,3,24,114,5,32,120,5,5,0,0,26,129,3
4668,5,41,19.3,6.02412,0,127,70.5,20.8012,0,6,2.4,30.3876,41,112,4,24,118,3,5,0,0,5,0,0,5,0,0,26,126,3,24,102,6,32,120,5,5,0,0,26,127,3
4669,5,41,19.3,6.02412,0,137,71.4,20.8964,0,6,2.5,30.3564,41,111,4,24,118,3,5,0,0,5,0,0,5,0,0,26,137,3,24,108,6,32,118,5,5,0,0,26,122,4
4670,5,41,19.3,6.02412,0,137,72.2,20.9888,0,6,2.5,30.3564,41,115,4,24,124,3,5,0,0,5,0,0,5,0,0,26,137,3,24,104,6,32,119,5,5,0,0,26,123,4
4671,5,41,19.3,6.02412,0,136,73.7,21.1407,0,6,2.5,30.3564,41,115,4,24,131,3,5,0,0,5,0,0,5,0,0,26,136,3,24,105,6,32,121,5,5,0,0,26,129,4
4672,5,41,19.3,6.02412,0,131,72.7,20.9647,0,6,2.5,30.3564,41,118,4,24,122,3,5,0,0,5,0,0,5,0,0,26,131,3,24,110,6,32,116,5,5,0,0,26,130,4
4673,5,41,19.3,6.02412,0,132,71.9,20.8578,0,6,2.6,30.3254,41,116,5,24,118,3,5,0,0,5,0,0,5,0,0,26,119,3,24,112,6,32,122,5,5,0,0,26,132,4
4674,5,41,19.3,6.02412,0,129,71,20.7886,0,6,2.8,30.2637,41,111,6,24,121,3,5,0,0,5,0,0,5,0,0,26,116,3,24,111,6,32,122,5,5,0,0,26,129,5
4675,5,41,19.3,6.02412,0,125,70.4,20.7316,0,6,2.8,30.2637,41,112,6,24,121,3,5,0,0,5,0,0,5,0,0,26,114,3,24,111,6,32,125,5,5,0,0,26,121,5
4676,5,41,19.3,6.02412,0,125,70.8,20.7806,0,6,2.8,30.2637,41,120,6,24,125,3,5,0,0,5,0,0,5,0,0,26,107,3,24,118,6,32,121,5,5,0,0,26,117,5
4677,5,41,19.3,6.02412,0,122,70.3,20.7487,0,6,2.7,30.2948,41,122,6,24,122,3,5,0,0,5,0,0,5,0,0,26,106,3,24,120,6,32,119,4,5,0,0,26,114,5
4678,5,41,19.3,6.02412,0,124,71.4,20.7981,0,6,2.7,30.2945,41,124,6,24,119,3,5,0,0,5,0,0,5,0,0,26,113,3,24,121,5,32,118,5,5,0,0,26,119,5
4679,5,41,19.3,6.02412,0,125,70.4,20.7198,0,6,2.7,30.2945,41,117,6,24,115,3,5,0,0,5,0,0,5,0,0,26,116,3,24,125,5,32,117,5,5,0,0,26,114,5
4680,5,41,19.3,6.02412,0,117,68.1,20.5687,0,6,2.5,30.3568,41,115,6,24,117,3,5,0,0,5,0,0,5,0,0,26,109,3,24,116,5,32,110,3,5,0,0,26,114,5
4681,5,41,19.3,6.02412,0,116,67.3,20.5291,0,6,2.5,30.3568,41,112,6,24,116,3,5,0,0,5,0,0,5,0,0,26,107,3,24,114,5,32,115,3,5,0,0,26,109,5
4682,5,41,19.3,6.02412,0,119,67.7,20.5565,0,5,2.4,30.3874,41,110,5,24,110,3,5,0,0,5,0,0,5,0,0,26,113,3,24,119,5,32,118,3,5,0,0,26,107,5
4683,5,41,19.3,6.02412,0,119,68.4,20.6394,0,5,2.4,30.3874,41,116,5,24,118,3,5,0,0,5,0,0,5,0,0,26,110,3,24,119,5,32,119,3,5,0,0,26,102,5
4684,5,41,19.3,6.02412,0,124,69.9,20.7035,0,5,2.4,30.3874,41,116,5,24,117,3,5,0,0,5,0,0,5,0,0,26,115,3,24,119,5,32,124,3,5,0,0,26,108,5
4685,5,41,19.3,6.02412,0,128,71,20.8016,0,5,2.4,30.3874,41,117,5,24,121,3,5,0,0,5,0,0,5,0,0,26,115,3,24,120,5,32,128,3,5,0,0,26,109,5
4686,5,41,19.3,6.02412,0,129,69.9,20.7244,0,5,2.3,30.4183,41,114,4,24,118,3,5,0,0,5,0,0,5,0,0,26,108,3,24,118,5,32,129,3,5,0,0,26,112,5
4687,5,41,19.3,6.02412,0,126,70.5,20.7672,0,5,2.3,30.4183,41,126,4,24,118,3,5,0,0,5,0,0,5,0,0,26,106,3,24,120,5,32,119,3,5,0,0,26,116,5
4688,5,41,19.3,6.02412,0,127,71.8,20.8912,0,5,2.3,30.4183,41,124,3,24,127,3,5,0,0,5,0,0,5,0,0,26,106,3,24,125,5,32,117,4,5,0,0,26,119,5
4689,5,41,19.3,6.02412,0,130,71.1,20.81,0,5,2.3,30.4183,41,112,3,24,130,3,5,0,0,5,0,0,5,0,0,26,112,3,24,119,5,32,116,4,5,0,0,26,122,5
4690,5,41,19.3,6.02412,0,122,69.8,20.6946,0,5,2.3,30.4183,41,111,3,24,122,3,5,0,0,5,0,0,5,0,0,26,117,3,24,122,5,32,109,4,5,0,0,26,117,5
4691,5,41,19.3,6.02412,0,124,71.9,20.8297,0,5,2.3,30.4183,41,116,3,24,116,3,5,0,0,5,0,0,5,0,0,26,124,3,24,124,5,32,118,4,5,0,0,26,121,5
4692,5,41,19.3,6.02412,0,128,72.2,20.8935,0,5,2.3,30.4183,41,124,3,24,113,3,5,0,0,5,0,0,5,0,0,26,115,3,24,128,5,32,126,4,5,0,0,26,116,5
4693,5,41,19.3,6.02412,0,130,71.2,20.7977,0,5,2.3,30.4183,41,115,3,24,117,3,5,0,0,5,0,0,5,0,0,26,114,3,24,130,5,32,119,4,5,0,0,26,117,5
4694,5,41,19.3,6.02412,0,129,70.9,20.8422,0,6,2.6,30.3255,41,122,3,24,118,3,5,0,0,5,0,0,5,0,0,26,121,4,24,129,5,32,115,5,5,0,0,26,104,6
4695,5,41,19.3,6.02412,0,127,68.8,20.6662,0,6,2.6,30.3255,41,115,3,24,116,3,5,0,0,5,0,0,5,0,0,26,113,4,24,127,5,32,112,5,5,0,0,26,105,6
4696,5,41,19.3,6.02412,0,126,69.1,20.7342,0,6,2.7,30.2942,41,118,4,24,120,3,5,0,0,5,0,0,5,0,0,26,113,4,24,126,5,32,115,5,5,0,0,26,99,6
4697,5,41,19.3,6.02412,0,129,69.1,20.7942,0,5,2.6,30.3248,41,116,4,24,124,3,5,0,0,5,0,0,5,0,0,26,116,4,24,129,5,32,109,5,5,0,0,26,97,5
4698,5,41,19.3,6.02412,0,126,69.5,20.8053,0,5,2.5,30.3561,41,119,4,24,125,3,5,0,0,5,0,0,5,0,0,26,116,3,24,126,5,32,112,5,5,0,0,26,97,5
4699,5,41,19.3,6.02412,0,129,68.4,20.7399,0,5,2.3,30.4183,41,115,3,24,118,3,5,0,0,5,0,0,5,0,0,26,115,3,24,129,5,32,112,4,5,0,0,26,95,5
4700,5,41,19.3,6.02412,0,124,68.2,20.6567,0,5,2.5,30.3561,41,110,5,24,120,3,5,0,0,5,0,0,5,0,0,26,114,3,24,124,5,32,114,4,5,0,0,26,100,5
4701,5,41,19.4,6.0696,0,117,67.2,20.605,0,7,2.8,30.2641,41,110,5,24,116,3,5,0,0,5,0,0,5,0,0,26,117,3,24,116,5,33,117,7,5,0,0,26,96,5
4702,5,41,19.4,6.0696,0,122,68.5,20.6622,0,7,2.8,30.2643,41,112,6,24,117,3,5,0,0,5,0,0,5,0,0,26,119,3,24,122,5,33,115,7,5,0,0,26,100,4
4703,5,41,19.4,6.0696,0,117,66.6,20.5214,0,8,3,30.2038,41,109,7,24,109,3,5,0,0,5,0,0,5,0,0,26,117,3,24,112,5,33,117,8,5,0,0,26,102,4
4704,5,41,19.4,6.0696,0,120,68.2,20.5762,0,7,2.9,30.2339,41,116,7,24,109,3,5,0,0,5,0,0,5,0,0,26,112,3,24,120,5,33,114,7,5,0,0,26,111,4
4705,5,41,19.4,6.0696,0,125,70.1,20.6978,0,8,3,30.2038,41,114,8,24,111,3,5,0,0,5,0,0,5,0,0,26,117,3,24,125,5,33,118,7,5,0,0,26,116,4
4706,5,41,19.4,6.0696,0,122,71.4,20.7801,0,7,2.9,30.2339,41,117,7,24,116,3,5,0,0,5,0,0,5,0,0,26,118,3,24,122,5,33,122,7,5,0,0,26,119,4
4707,5,41,19.4,6.0696,0,131,72.7,20.9072,0,6,2.7,30.2947,41,116,6,24,120,3,5,0,0,5,0,0,5,0,0,26,120,3,24,118,5,33,122,6,5,0,0,26,131,4
4708,5,41,19.4,6.0696,0,126,71.7,20.8211,0,6,2.7,30.2947,41,121,6,24,118,3,5,0,0,5,0,0,5,0,0,26,118,3,24,121,5,33,113,6,5,0,0,26,126,4
4709,5,41,19.4,6.0696,0,129,72.3,20.8685,0,6,2.7,30.2947,41,120,6,24,118,3,5,0,0,5,0,0,5,0,0,26,121,3,24,118,5,33,117,6,5,0,0,26,129,4
4710,5,41,19.4,6.0696,0,130,72.7,20.9289,0,6,2.6,30.3257,41,114,6,24,113,3,5,0,0,5,0,0,5,0,0,26,128,3,24,119,4,33,123,6,5,0,0,26,130,4
4711,5,41,19.4,6.0696,0,128,71.5,20.7969,0,7,2.8,30.2643,41,115,6,24,118,3,5,0,0,5,0,0,5,0,0,26,118,3,24,118,5,33,118,7,5,0,0,26,128,4
4712,5,41,19.4,6.0696,0,126,71.9,20.8363,0,7,2.8,30.2643,41,112,6,24,122,3,5,0,0,5,0,0,5,0,0,26,119,3,24,117,5,33,123,7,5,0,0,26,126,4
4713,5,41,19.4,6.0696,0,128,71.5,20.8193,0,7,2.8,30.2643,41,112,6,24,128,3,5,0,0,5,0,0,5,0,0,26,116,3,24,120,5,33,119,7,5,0,0,26,120,4
4714,5,41,19.4,6.0696,0,126,71.2,20.8049,0,7,2.9,30.2339,41,109,7,24,126,3,5,0,0,5,0,0,5,0,0,26,123,3,24,114,5,33,118,7,5,0,0,26,122,4
4715,5,41,19.4,6.0696,0,131,69.7,20.7487,0,9,3.1,30.174,41,113,9,24,131,3,5,0,0,5,0,0,5,0,0,26,120,3,24,112,5,33,111,7,5,0,0,26,110,4
4716,5,41,19.4,6.0696,0,132,71.2,20.843,0,9,3.1,30.174,41,117,9,24,132,3,5,0,0,5,0,0,5,0,0,26,121,3,24,112,5,33,117,7,5,0,0,26,113,4
4717,5,41,19.4,6.0696,0,126,70.5,20.7451,0,9,3,30.2045,41,115,9,24,126,3,5,0,0,5,0,0,5,0,0,26,120,3,24,116,5,33,113,6,5,0,0,26,115,4
4718,5,41,19.4,6.0696,0,122,70,20.7158,0,7,2.8,30.2643,41,118,7,24,119,3,5,0,0,5,0,0,5,0,0,26,120,3,24,113,5,33,122,6,5,0,0,26,108,4
4719,5,41,19.4,6.0696,0,125,70.5,20.7971,0,6,2.7,30.2947,41,118,6,24,116,3,5,0,0,5,0,0,5,0,0,26,125,3,24,119,5,33,124,6,5,0,0,26,103,4
4720,5,41,19.5,6.10164,0,127,71.3,20.846,0,7,2.9,30.2329,41,117,5,24,107,3,5,0,0,5,0,0,5,0,0,26,127,4,25,123,6,33,127,7,5,0,0,26,112,4
4721,5,41,19.5,6.10164,0,129,72.2,20.9042,0,6,2.8,30.2634,41,118,5,24,112,3,5,0,0,5,0,0,5,0,0,26,129,4,25,128,6,33,121,6,5,0,0,26,114,4
4722,5,41,19.5,6.10164,0,130,72.2,20.9169,0,6,2.7,30.2941,41,130,5,24,115,3,5,0,0,5,0,0,5,0,0,26,123,4,25,124,5,33,119,6,5,0,0,26,111,4
4723,5,41,19.5,6.10164,0,136,72.4,20.9654,0,6,2.9,30.2323,41,136,6,24,119,3,5,0,0,5,0,0,5,0,0,26,120,5,25,121,5,33,112,6,5,0,0,26,116,4
4724,5,41,19.5,6.10164,0,138,72.1,20.9657,0,6,2.9,30.2323,41,138,6,24,121,3,5,0,0,5,0,0,5,0,0,26,118,5,25,117,5,33,112,6,5,0,0,26,115,4
4725,5,41,19.5,6.10164,0,125,71.3,20.8061,0,6,2.8,30.263,41,125,5,24,118,3,5,0,0,5,0,0,5,0,0,26,112,5,25,124,5,33,118,6,5,0,0,26,116,4
4726,5,41,19.5,6.10164,0,127,72.4,20.9014,0,6,2.9,30.2323,41,123,6,24,122,3,5,0,0,5,0,0,5,0,0,26,115,5,25,123,5,33,127,6,5,0,0,26,114,4
4727,5,41,19.5,6.10164,0,128,70.7,20.7891,0,7,3,30.2018,41,121,7,24,128,3,5,0,0,5,0,0,5,0,0,26,109,5,25,115,5,33,120,6,5,0,0,26,114,4
4728,5,41,19.5,6.10164,0,126,70.6,20.7991,0,7,3.1,30.1714,41,121,7,24,125,3,5,0,0,5,0,0,5,0,0,26,112,5,25,126,5,33,107,7,5,0,0,26,115,4
4729,5,41,19.5,6.10164,0,124,69.3,20.6735,0,7,3.1,30.1714,41,124,7,24,117,3,5,0,0,5,0,0,5,0,0,26,116,5,25,115,5,33,112,7,5,0,0,26,109,4
4730,5,41,19.5,6.10164,0,124,69.3,20.6907,0,7,3.1,30.1714,41,121,7,24,124,3,5,0,0,5,0,0,5,0,0,26,116,5,25,112,5,33,112,7,5,0,0,26,108,4
4731,5,41,19.5,6.10164,0,121,68.7,20.6222,0,7,3.1,30.1714,41,114,7,24,121,3,5,0,0,5,0,0,5,0,0,26,114,5,25,112,5,33,118,7,5,0,0,26,108,4
4732,5,41,19.5,6.10164,0,124,69.9,20.737,0,7,3.1,30.1714,41,118,7,24,124,3,5,0,0,5,0,0,5,0,0,26,116,5,25,108,5,33,124,7,5,0,0,26,109,4
4733,5,41,19.5,6.10164,0,131,70.7,20.863,0,9,3.3,30.1113,41,114,9,24,131,3,5,0,0,5,0,0,5,0,0,26,124,5,25,104,5,33,124,7,5,0,0,26,110,4
4734,5,41,19.5,6.10164,0,130,71.3,20.8506,0,9,3.3,30.1113,41,116,9,24,130,3,5,0,0,5,0,0,5,0,0,26,119,5,25,115,5,33,124,7,5,0,0,26,109,4
4735,5,41,19.5,6.10164,0,127,72.4,20.9083,0,10,3.5,30.0501,41,124,10,24,127,4,5,0,0,5,0,0,5,0,0,26,122,5,25,116,5,33,121,7,5,0,0,26,114,4
4736,5,41,19.5,6.10164,0,128,73.1,20.9747,0,10,3.5,30.0501,41,125,10,24,128,4,5,0,0,5,0,0,5,0,0,26,118,5,25,121,5,33,125,7,5,0,0,26,114,4
4737,5,41,19.5,6.10164,0,124,72.4,20.8845,0,12,3.7,29.9918,41,122,12,24,124,4,5,0,0,5,0,0,5,0,0,26,121,5,25,121,5,33,121,7,5,0,0,26,115,4
4738,5,41,19.5,6.10164,0,121,70.2,20.7018,0,12,3.6,30.0232,41,113,12,24,115,3,5,0,0,5,0,0,5,0,0,26,121,6,25,121,5,33,119,6,5,0,0,26,113,4
4739,5,41,19.5,6.10164,0,122,69.2,20.628,0,12,3.7,29.9915,41,112,12,24,113,4,5,0,0,5,0,0,5,0,0,26,113,6,25,122,5,33,117,6,5,0,0,26,115,4
4740,5,41,19.5,6.10164,0,118,68.8,20.5995,0,12,3.6,30.0232,41,114,12,24,108,3,5,0,0,5,0,0,5,0,0,26,117,6,25,115,5,33,118,6,5,0,0,26,116,4
4741,5,41,19.5,6.10164,0,119,68.1,20.5673,0,12,3.7,29.9925,41,119,12,24,108,3,5,0,0,5,0,0,5,0,0,26,113,6,25,112,5,33,115,7,5,0,0,26,114,4
4742,5,41,19.5,6.10164,0,125,69.9,20.6948,0,12,3.7,29.9925,41,125,12,24,113,3,5,0,0,5,0,0,5,0,0,26,114,6,25,113,5,33,115,7,5,0,0,26,119,4
4743,5,41,19.5,6.10164,0,130,72.2,20.8859,0,12,3.6,30.0232,41,130,12,24,115,3,5,0,0,5,0,0,5,0,0,26,121,6,25,116,5,33,120,6,5,0,0,26,120,4
4744,5,41,19.5,6.10164,0,126,70.8,20.7726,0,11,3.6,30.0215,41,124,11,24,116,3,5,0,0,5,0,0,5,0,0,26,118,6,25,113,5,33,111,7,5,0,0,26,126,4
4745,5,41,19.5,6.10164,0,123,69.1,20.6387,0,11,3.7,29.9905,41,117,11,24,113,3,5,0,0,5,0,0,5,0,0,26,117,6,25,107,6,33,114,7,5,0,0,26,123,4
4746,5,41,19.5,6.10164,0,124,69.9,20.7033,0,11,3.9,29.9288,41,117,11,24,109,3,5,0,0,5,0,0,5,0,0,26,124,6,25,113,6,33,112,8,5,0,0,26,124,5
4747,5,41,19.5,6.10164,0,126,71.9,20.8453,0,10,3.8,29.9582,41,117,10,24,114,3,5,0,0,5,0,0,5,0,0,26,126,6,25,125,6,33,115,8,5,0,0,26,122,5
4748,5,41,19.5,6.10164,0,128,72.8,20.9449,0,10,3.6,30.0196,41,113,10,24,111,3,5,0,0,5,0,0,5,0,0,26,121,5,25,128,6,33,127,7,5,0,0,26,128,5
4749,5,41,19.5,6.10164,0,130,73.3,20.968,0,10,3.5,30.0502,41,115,10,24,117,3,5,0,0,5,0,0,5,0,0,26,123,5,25,130,6,33,124,6,5,0,0,26,124,5
4750,5,41,19.5,6.10164,0,126,72.8,20.9034,0,10,3.5,30.0502,41,121,10,24,121,3,5,0,0,5,0,0,5,0,0,26,117,5,25,121,6,33,122,6,5,0,0,26,126,5
4751,5,41,19.5,6.10164,0,129,73.8,21.0141,0,10,3.5,30.0502,41,123,10,24,124,3,5,0,0,5,0,0,5,0,0,26,117,5,25,124,6,33,129,6,5,0,0,26,121,5
4752,5,41,19.5,6.10164,0,127,72.3,20.8839,0,10,3.7,29.9892,41,115,10,24,127,3,5,0,0,5,0,0,5,0,0,26,114,5,25,121,6,33,125,8,5,0,0,26,121,5
4753,5,41,19.5,6.10164,0,126,72,20.8545,0,10,3.7,29.9892,41,118,10,24,126,3,5,0,0,5,0,0,5,0,0,26,118,5,25,124,6,33,115,8,5,0,0,26,119,5
4754,5,41,19.5,6.10164,0,122,71.9,20.8259,0,9,3.5,30.0492,41,116,9,24,122,3,5,0,0,5,0,0,5,0,0,26,121,5,25,122,6,33,119,7,5,0,0,26,119,5
4755,5,41,19.5,6.10164,0,128,71.7,20.8405,0,9,3.4,30.0805,41,122,9,24,114,3,5,0,0,5,0,0,5,0,0,26,121,4,25,128,6,33,113,7,5,0,0,26,119,5
4756,5,41,19.5,6.10164,0,123,70.8,20.7568,0,9,3.2,30.1419,41,119,9,24,117,3,5,0,0,5,0,0,5,0,0,26,116,4,25,123,5,33,110,6,5,0,0,26,123,5
4757,5,41,19.5,6.10164,0,124,71.1,20.7775,0,10,3.3,30.113,41,115,10,24,117,3,5,0,0,5,0,0,5,0,0,26,121,4,25,123,4,33,111,7,5,0,0,26,124,5
4758,5,41,19.5,6.10164,0,131,71.8,20.8793,0,10,3.2,30.1436,41,112,10,24,112,3,5,0,0,5,0,0,5,0,0,26,126,4,25,125,4,33,112,6,5,0,0,26,131,5
4759,5,41,19.5,6.10164,0,137,71.7,20.8903,0,10,3.2,30.1436,41,114,10,24,113,3,5,0,0,5,0,0,5,0,0,26,118,4,25,124,4,33,111,6,5,0,0,26,137,5
4760,5,41,19.5,6.10164,0,132,71.6,20.8541,0,9,3.2,30.1423,41,114,9,24,114,3,5,0,0,5,0,0,5,0,0,26,119,4,25,126,4,33,111,6,5,0,0,26,132,6
4761,5,41,19.5,6.10164,0,126,72.3,20.8896,0,9,3.2,30.1423,41,121,9,24,117,3,5,0,0,5,0,0,5,0,0,26,123,4,25,126,4,33,111,6,5,0,0,26,125,6
4762,5,41,19.5,6.10164,0,126,71.9,20.8429,0,9,3.1,30.1731,41,126,9,24,121,3,5,0,0,5,0,0,5,0,0,26,115,4,25,119,4,33,119,5,5,0,0,26,119,6
4763,5,41,19.5,6.10164,0,131,72,20.9239,0,9,3,30.2043,41,131,9,24,124,3,5,0,0,5,0,0,5,0,0,26,120,4,25,120,4,33,107,4,5,0,0,26,118,6
4764,5,41,19.5,6.10164,0,129,70.3,20.7966,0,9,3,30.2043,41,129,9,24,120,3,5,0,0,5,0,0,5,0,0,26,122,4,25,114,4,33,107,4,5,0,0,26,111,6
4765,5,41,19.5,6.10164,0,122,69.2,20.6543,0,9,3,30.2043,41,122,9,24,118,3,5,0,0,5,0,0,5,0,0,26,114,4,25,116,4,33,110,4,5,0,0,26,112,6
4766,5,41,19.5,6.10164,0,127,70.2,20.7395,0,9,3,30.2043,41,127,9,24,119,3,5,0,0,5,0,0,5,0,0,26,111,4,25,112,4,33,118,4,5,0,0,26,115,6
4767,5,41,19.5,6.10164,0,127,69.9,20.7417,0,9,3,30.2043,41,127,9,24,120,3,5,0,0,5,0,0,5,0,0,26,107,4,25,109,4,33,119,4,5,0,0,26,117,6
4768,5,41,19.5,6.10164,0,126,71.2,20.8078,0,8,2.9,30.2341,41,126,8,24,118,3,5,0,0,5,0,0,5,0,0,26,111,4,25,112,4,33,123,4,5,0,0,26,122,6
4769,5,41,19.5,6.10164,0,127,71.6,20.8373,0,8,2.9,30.2341,41,127,8,24,114,3,5,0,0,5,0,0,5,0,0,26,113,4,25,119,4,33,116,4,5,0,0,26,127,6
4770,5,41,19.5,6.10164,0,128,71.9,20.8532,0,9,3,30.2043,41,126,9,24,114,3,5,0,0,5,0,0,5,0,0,26,116,4,25,116,4,33,119,4,5,0,0,26,128,6
4771,5,41,19.5,6.10164,0,132,73,20.9524,0,9,2.9,30.235,41,126,9,24,116,3,5,0,0,5,0,0,5,0,0,26,118,4,25,118,4,33,120,4,5,0,0,26,132,5
4772,5,41,19.5,6.10164,0,126,71.6,20.8117,0,9,2.9,30.235,41,120,9,24,119,3,5,0,0,5,0,0,5,0,0,26,115,4,25,126,4,33,117,4,5,0,0,26,119,5
4773,5,41,19.5,6.10164,0,127,71.7,20.8232,0,9,3,30.2039,41,120,9,24,118,3,5,0,0,5,0,0,5,0,0,26,113,4,25,120,4,33,127,5,5,0,0,26,119,5
4774,5,41,19.5,6.10164,0,133,71.8,20.8993,0,9,3,30.2041,41,123,9,24,122,3,5,0,0,5,0,0,5,0,0,26,108,4,25,116,4,33,133,6,5,0,0,26,116,4
4775,5,41,19.5,6.10164,0,128,71.1,20.8377,0,9,3,30.2041,41,116,9,24,127,3,5,0,0,5,0,0,5,0,0,26,108,4,25,110,4,33,128,6,5,0,0,26,122,4
4776,5,41,19.5,6.10164,0,121,69.8,20.6805,0,9,3,30.2041,41,116,9,24,120,3,5,0,0,5,0,0,5,0,0,26,113,4,25,109,4,33,119,6,5,0,0,26,121,4
4777,5,41,19.5,6.10164,0,123,68.7,20.6221,0,9,3.1,30.1737,41,116,9,24,115,3,5,0,0,5,0,0,5,0,0,26,107,4,25,108,4,33,118,7,5,0,0,26,123,4
4778,5,41,19.5,6.10164,0,129,70.3,20.7397,0,9,3.2,30.1425,41,119,9,24,115,3,5,0,0,5,0,0,5,0,0,26,108,5,25,113,4,33,119,7,5,0,0,26,129,4
4779,5,41,19.5,6.10164,0,121,68.7,20.6218,0,9,3.3,30.1123,41,121,9,24,107,3,5,0,0,5,0,0,5,0,0,26,115,5,25,110,4,33,120,8,5,0,0,26,114,4
4780,5,41,19.5,6.10164,0,127,68.2,20.6452,0,9,3.4,30.0824,41,127,9,24,101,3,5,0,0,5,0,0,5,0,0,26,109,5,25,115,4,33,114,9,5,0,0,26,116,4
4781,5,41,19.5,6.10164,0,122,68.4,20.6349,0,9,3.3,30.1123,41,122,8,24,101,3,5,0,0,5,0,0,5,0,0,26,120,5,25,113,4,33,111,9,5,0,0,26,117,4
4782,5,41,19.5,6.10164,0,123,70.4,20.7447,0,8,3.2,30.1422,41,123,8,24,106,3,5,0,0,5,0,0,5,0,0,26,123,5,25,117,4,33,118,8,5,0,0,26,117,4
4783,5,41,19.5,6.10164,0,126,71.9,20.8428,0,8,3.3,30.111,41,122,8,24,113,3,5,0,0,5,0,0,5,0,0,26,126,5,25,117,4,33,122,8,5,0,0,26,119,5
4784,5,41,19.5,6.10164,0,119,70.7,20.7324,0,8,3.2,30.1412,41,118,8,24,119,3,5,0,0,5,0,0,5,0,0,26,118,5,25,119,4,33,119,7,5,0,0,26,114,5
4785,5,41,19.5,6.10164,0,123,70.4,20.7164,0,8,3.1,30.1718,41,118,8,24,114,3,5,0,0,5,0,0,5,0,0,26,123,5,25,112,4,33,118,6,5,0,0,26,119,5
4786,5,41,19.5,6.10164,0,120,69.6,20.6587,0,8,3,30.2026,41,119,8,24,110,3,5,0,0,5,0,0,5,0,0,26,120,5,25,114,4,33,117,5,5,0,0,26,116,5
4787,5,41,19.5,6.10164,0,126,70.6,20.7685,0,8,3.1,30.1714,41,122,8,24,112,3,5,0,0,5,0,0,5,0,0,26,126,5,25,109,5,33,121,5,5,0,0,26,116,5
4788,5,41,19.5,6.10164,0,129,72.1,20.8897,0,8,3.1,30.1714,41,119,8,24,115,3,5,0,0,5,0,0,5,0,0,26,129,5,25,110,5,33,126,5,5,0,0,26,122,5
4789,5,41,19.5,6.10164,0,126,71.6,20.8084,0,8,3.1,30.1714,41,113,8,24,116,3,5,0,0,5,0,0,5,0,0,26,121,5,25,117,5,33,126,5,5,0,0,26,123,5
4790,5,41,19.5,6.10164,0,126,71.3,20.7884,0,8,3.1,30.1714,41,113,8,24,118,3,5,0,0,5,0,0,5,0,0,26,121,5,25,119,5,33,126,5,5,0,0,26,116,5
4791,5,41,19.5,6.10164,0,123,70.5,20.7332,0,8,2.9,30.2337,41,119,8,24,116,3,5,0,0,5,0,0,5,0,0,26,121,4,25,113,5,33,123,4,5,0,0,26,113,5
4792,5,41,19.5,6.10164,0,121,69.3,20.6734,0,8,2.9,30.2337,41,117,8,24,119,3,5,0,0,5,0,0,5,0,0,26,119,4,25,109,5,33,121,4,5,0,0,26,108,5
4793,5,41,19.5,6.10164,0,123,70.4,20.7226,0,8,2.9,30.2344,41,109,8,24,118,3,5,0,0,5,0,0,5,0,0,26,123,3,25,114,5,33,121,4,5,0,0,26,119,6
4794,5,41,19.5,6.10164,0,130,72.6,20.9357,0,8,2.9,30.2344,41,113,8,24,127,3,5,0,0,5,0,0,5,0,0,26,123,3,25,114,5,33,130,4,5,0,0,26,119,6
4795,5,41,19.5,6.10164,0,130,70.7,20.8107,0,8,2.9,30.2344,41,109,8,24,122,3,5,0,0,5,0,0,5,0,0,26,130,3,25,112,5,33,123,4,5,0,0,26,111,6
4796,5,41,19.5,6.10164,0,122,69.8,20.6681,0,8,2.9,30.2344,41,113,8,24,117,3,5,0,0,5,0,0,5,0,0,26,117,3,25,112,5,33,122,4,5,0,0,26,117,6
4797,5,41,19.5,6.10164,0,121,69.6,20.6542,0,8,2.9,30.2344,41,113,8,24,117,3,5,0,0,5,0,0,5,0,0,26,111,3,25,121,5,33,117,4,5,0,0,26,117,6
4798,5,41,19.5,6.10164,0,122,70.4,20.7059,0,8,2.9,30.2344,41,115,8,24,117,3,5,0,0,5,0,0,5,0,0,26,114,3,25,119,5,33,122,4,5,0,0,26,117,6
4799,5,41,19.6,6.13677,0,125,70.7,20.7561,0,8,3,30.203,41,125,8,24,117,3,5,0,0,5,0,0,5,0,0,27,117,4,25,120,5,33,112,4,5,0,0,26,116,6
4800,5,41,19.6,6.13677,0,127,71.1,20.8023,0,8,3,30.203,41,127,8,24,115,3,5,0,0,5,0,0,5,0,0,27,123,4,25,115,5,33,118,4,5,0,0,26,113,6
4801,5,41,19.6,6.13677,0,122,69.7,20.6872,0,9,3.1,30.1731,41,122,9,24,112,3,5,0,0,5,0,0,5,0,0,27,121,4,25,118,5,33,112,4,5,0,0,26,112,6
4802,5,41,19.6,6.13677,0,124,70.4,20.7233,0,9,3.1,30.1731,41,124,9,24,115,3,5,0,0,5,0,0,5,0,0,27,117,4,25,118,5,33,115,4,5,0,0,26,115,6
4803,5,41,19.6,6.13677,0,125,71.3,20.7993,0,10,3.2,30.1436,41,121,10,24,119,3,5,0,0,5,0,0,5,0,0,27,117,4,25,119,5,33,125,4,5,0,0,26,112,6
4804,5,41,19.6,6.13677,0,128,72.2,20.9117,0,10,3.2,30.1436,41,118,10,24,128,3,5,0,0,5,0,0,5,0,0,27,123,4,25,126,5,33,116,4,5,0,0,26,111,6
4805,5,41,19.6,6.13677,0,127,71.5,20.8661,0,10,3.2,30.1436,41,117,10,24,127,3,5,0,0,5,0,0,5,0,0,27,123,4,25,125,5,33,115,4,5,0,0,26,108,6
4806,5,41,19.6,6.13677,0,125,71.6,20.8511,0,9,3.1,30.1731,41,117,9,24,125,3,5,0,0,5,0,0,5,0,0,27,121,4,25,125,5,33,119,4,5,0,0,26,109,6
4807,5,41,19.6,6.13677,0,122,69.7,20.6748,0,9,3.1,30.1731,41,108,9,24,118,3,5,0,0,5,0,0,5,0,0,27,115,4,25,122,5,33,120,4,5,0,0,26,114,6
4808,5,41,19.6,6.13677,0,126,71.8,20.8238,0,9,3.1,30.1731,41,113,9,24,120,3,5,0,0,5,0,0,5,0,0,27,121,4,25,116,5,33,122,4,5,0,0,26,126,6
4809,5,41,19.6,6.13677,0,121,69.8,20.6741,0,9,3,30.2043,41,116,9,24,113,3,5,0,0,5,0,0,5,0,0,27,120,4,25,110,4,33,121,4,5,0,0,26,118,6
4810,5,41,19.6,6.13677,0,123,69.2,20.6387,0,9,3,30.2043,41,114,9,24,113,3,5,0,0,5,0,0,5,0,0,27,110,4,25,111,4,33,121,4,5,0,0,26,123,6
4811,5,41,19.6,6.13677,0,121,68.2,20.5856,0,9,3,30.2043,41,115,9,24,108,3,5,0,0,5,0,0,5,0,0,27,117,4,25,106,4,33,115,4,5,0,0,26,121,6
4812,5,41,19.6,6.13677,0,135,71.7,20.8657,0,8,2.9,30.2341,41,120,8,24,119,3,5,0,0,5,0,0,5,0,0,27,113,4,25,114,4,33,116,4,5,0,0,26,135,6
4813,5,41,19.6,6.13677,0,126,71.6,20.8329,0,8,3,30.203,41,126,8,24,118,3,5,0,0,5,0,0,5,0,0,27,114,4,25,119,4,33,113,5,5,0,0,26,126,6
4814,5,41,19.6,6.13677,0,128,71.5,20.826,0,7,2.9,30.2331,41,128,7,24,117,3,5,0,0,5,0,0,5,0,0,27,114,4,25,120,4,33,114,5,5,0,0,26,122,6
4815,5,41,19.6,6.13677,0,132,72.7,20.9428,0,6,2.7,30.2949,41,132,6,24,117,3,5,0,0,5,0,0,5,0,0,27,117,3,25,116,4,33,119,5,5,0,0,26,126,6
4816,5,41,19.6,6.13677,0,121,70.1,20.7093,0,6,2.8,30.2635,41,121,6,24,107,3,5,0,0,5,0,0,5,0,0,27,121,4,25,119,4,33,117,5,5,0,0,26,116,6
4817,5,41,19.7,6.18304,0,126,71,20.7594,0,7,2.9,30.2337,41,120,6,24,114,3,5,0,0,5,0,0,5,0,0,27,116,3,25,115,4,34,119,7,5,0,0,26,126,6
4818,5,41,19.7,6.18304,0,128,71.7,20.8477,0,6,2.8,30.2641,41,128,6,24,112,3,5,0,0,5,0,0,5,0,0,27,114,3,25,118,4,34,125,6,5,0,0,26,120,6
4819,5,41,19.7,6.18304,0,131,71.4,20.8536,0,6,2.7,30.2958,41,126,6,24,114,3,5,0,0,5,0,0,5,0,0,27,117,2,25,111,4,34,131,6,5,0,0,26,115,6
4820,5,41,19.7,6.18304,0,128,72,20.8679,0,6,2.6,30.3265,41,125,6,24,116,3,5,0,0,5,0,0,5,0,0,27,120,2,25,116,4,34,128,5,5,0,0,26,115,6
4821,5,41,19.7,6.18304,0,129,73.3,20.9787,0,6,2.7,30.2949,41,126,6,24,121,3,5,0,0,5,0,0,5,0,0,27,120,3,25,129,4,34,120,5,5,0,0,26,117,6
4822,5,41,19.7,6.18304,0,127,71.7,20.8528,0,6,2.7,30.2948,41,126,6,24,115,3,5,0,0,5,0,0,5,0,0,27,114,3,25,127,4,34,121,6,5,0,0,26,114,5
4823,5,41,19.7,6.18304,0,127,70.9,20.8024,0,6,2.7,30.2948,41,127,6,24,115,3,5,0,0,5,0,0,5,0,0,27,113,3,25,120,4,34,124,6,5,0,0,26,110,5
4824,5,41,19.7,6.18304,0,129,73,20.9974,0,7,2.8,30.2644,41,129,6,24,120,3,5,0,0,5,0,0,5,0,0,27,126,3,25,125,4,34,121,7,5,0,0,26,109,5
4825,5,41,19.7,6.18304,0,131,72.2,20.927,0,7,2.7,30.2951,41,131,5,24,118,3,5,0,0,5,0,0,5,0,0,27,113,3,25,126,4,34,122,7,5,0,0,26,112,5
4826,5,41,19.7,6.18304,0,127,71,20.7811,0,7,2.8,30.2644,41,127,7,24,118,3,5,0,0,5,0,0,5,0,0,27,116,3,25,117,4,34,117,6,5,0,0,26,115,5
4827,5,41,19.7,6.18304,0,129,71.4,20.818,0,7,2.7,30.2951,41,129,7,24,116,3,5,0,0,5,0,0,5,0,0,27,118,3,25,116,4,34,118,5,5,0,0,26,117,5
4828,5,41,19.7,6.18304,0,135,69.3,20.7717,0,7,2.7,30.2951,41,135,7,24,114,3,5,0,0,5,0,0,5,0,0,27,109,3,25,113,4,34,115,5,5,0,0,26,107,5
4829,5,41,19.7,6.18304,0,135,69.8,20.8033,0,7,2.8,30.2637,41,135,7,24,119,4,5,0,0,5,0,0,5,0,0,27,111,3,25,114,4,34,109,5,5,0,0,26,110,5
4830,5,41,19.7,6.18304,0,134,69.3,20.7564,0,7,2.8,30.2637,41,134,7,24,113,4,5,0,0,5,0,0,5,0,0,27,110,3,25,116,4,34,112,5,5,0,0,26,108,5
4831,5,41,19.7,6.18304,0,130,67.7,20.6512,0,6,2.5,30.3568,41,130,6,24,115,4,5,0,0,5,0,0,5,0,0,27,106,2,25,108,4,34,110,4,5,0,0,26,108,5
4832,5,41,19.7,6.18304,0,132,69.7,20.788,0,5,2.4,30.3874,41,132,5,24,123,4,5,0,0,5,0,0,5,0,0,27,105,2,25,112,4,34,111,4,5,0,0,26,114,5
4833,5,41,19.7,6.18304,0,130,71.3,20.866,0,5,2.4,30.3874,41,130,5,24,127,4,5,0,0,5,0,0,5,0,0,27,111,2,25,117,4,34,114,4,5,0,0,26,114,5
4834,5,41,19.7,6.18304,0,123,70.9,20.7678,0,5,2.4,30.3874,41,123,5,24,123,4,5,0,0,5,0,0,5,0,0,27,115,2,25,117,4,34,115,4,5,0,0,26,116,5
4835,5,41,19.7,6.18304,0,120,69.4,20.6601,0,5,2.3,30.4187,41,120,5,24,119,3,5,0,0,5,0,0,5,0,0,27,111,2,25,118,4,34,110,4,5,0,0,26,116,5
4836,5,41,19.7,6.18304,0,118,68.3,20.5812,0,6,2.4,30.3881,41,115,6,24,112,3,5,0,0,5,0,0,5,0,0,27,106,2,25,118,4,34,117,4,5,0,0,26,115,5
4837,5,41,19.7,6.18304,0,121,69,20.6389,0,6,2.4,30.3881,41,110,6,24,116,3,5,0,0,5,0,0,5,0,0,27,106,2,25,121,4,34,121,4,5,0,0,26,116,5
4838,5,41,19.7,6.18304,0,123,69.3,20.658,0,6,2.3,30.4193,41,117,6,24,116,3,5,0,0,5,0,0,5,0,0,27,106,2,25,116,4,34,123,3,5,0,0,26,115,5
4839,5,41,19.7,6.18304,0,123,70.7,20.7616,0,6,2.3,30.4193,41,123,6,24,119,3,5,0,0,5,0,0,5,0,0,27,109,2,25,122,4,34,119,3,5,0,0,26,115,5
4840,5,41,19.7,6.18304,0,127,71.7,20.8422,0,6,2.5,30.3571,41,127,6,24,119,3,5,0,0,5,0,0,5,0,0,27,119,2,25,122,4,34,116,5,5,0,0,26,114,5
4841,5,41,19.7,6.18304,0,123,70.8,20.7541,0,6,2.5,30.3571,41,123,6,24,118,3,5,0,0,5,0,0,5,0,0,27,121,2,25,116,4,34,114,5,5,0,0,26,116,5
4842,5,41,19.7,6.18304,0,123,69.3,20.6793,0,7,2.7,30.2961,41,123,7,24,117,3,5,0,0,5,0,0,5,0,0,27,120,2,25,114,4,34,109,6,5,0,0,26,110,5
4843,5,41,19.7,6.18304,0,124,69.7,20.7151,0,7,2.7,30.2961,41,124,7,24,113,3,5,0,0,5,0,0,5,0,0,27,124,2,25,110,4,34,116,6,5,0,0,26,110,5
4844,5,41,19.7,6.18304,0,132,71.9,20.9565,0,6,2.6,30.3265,41,128,6,24,119,3,5,0,0,5,0,0,5,0,0,27,132,2,25,107,4,34,123,6,5,0,0,26,110,5
4845,5,41,19.7,6.18304,0,133,72.5,21.0338,0,6,2.6,30.3265,41,128,6,24,117,3,5,0,0,5,0,0,5,0,0,27,133,2,25,109,4,34,130,6,5,0,0,26,108,5
4846,5,41,19.7,6.18304,0,131,71.3,20.8816,0,7,2.7,30.2961,41,122,7,24,115,3,5,0,0,5,0,0,5,0,0,27,131,2,25,112,4,34,126,6,5,0,0,26,107,5
4847,5,41,19.7,6.18304,0,129,70.1,20.7606,0,7,2.7,30.2961,41,111,7,24,116,3,5,0,0,5,0,0,5,0,0,27,129,2,25,115,4,34,123,6,5,0,0,26,107,5
4848,5,41,19.7,6.18304,0,129,70.5,20.7825,0,7,2.7,30.2961,41,115,7,24,116,3,5,0,0,5,0,0,5,0,0,27,124,2,25,113,4,34,129,6,5,0,0,26,108,5
4849,5,41,19.7,6.18304,0,120,68.4,20.5926,0,6,2.6,30.3265,41,115,6,24,107,3,5,0,0,5,0,0,5,0,0,27,120,2,25,112,4,34,118,6,5,0,0,26,112,5
4850,5,41,19.7,6.18304,0,123,70.3,20.7284,0,6,2.6,30.3265,41,121,6,24,108,3,5,0,0,5,0,0,5,0,0,27,121,2,25,113,4,34,123,6,5,0,0,26,117,5
4851,5,41,19.7,6.18304,0,126,70.3,20.7197,0,6,2.6,30.3265,41,117,6,24,117,3,5,0,0,5,0,0,5,0,0,27,112,2,25,112,4,34,126,6,5,0,0,26,119,5
4852,5,41,19.7,6.18304,0,121,69.7,20.6638,0,6,2.6,30.3257,41,117,6,24,116,3,5,0,0,5,0,0,5,0,0,27,110,3,25,114,4,34,121,6,5,0,0,26,119,4
4853,5,41,19.7,6.18304,0,129,71.1,20.794,0,6,2.6,30.3257,41,120,6,24,114,3,5,0,0,5,0,0,5,0,0,27,114,3,25,112,4,34,129,6,5,0,0,26,122,4
4854,5,41,19.7,6.18304,0,136,74.6,21.1068,0,7,2.5,30.3577,41,123,5,24,121,3,5,0,0,5,0,0,5,0,0,27,121,2,25,119,4,34,126,7,5,0,0,26,136,4
4855,5,41,19.7,6.18304,0,134,73.3,21,0,7,2.3,30.4202,41,121,5,24,124,3,5,0,0,5,0,0,5,0,0,27,112,2,25,117,3,34,125,7,5,0,0,26,134,3
4856,5,41,19.7,6.18304,0,132,72.8,20.9487,0,7,2.2,30.4517,41,124,5,24,124,2,5,0,0,5,0,0,5,0,0,27,113,2,25,116,3,34,119,7,5,0,0,26,132,3
4857,5,41,19.7,6.18304,0,127,71.3,20.8204,0,7,2.3,30.4202,41,124,5,24,122,3,5,0,0,5,0,0,5,0,0,27,114,2,25,115,3,34,111,7,5,0,0,26,127,3
4858,5,41,19.7,6.18304,0,127,72.4,20.9098,0,8,2.4,30.3902,41,124,5,24,126,3,5,0,0,5,0,0,5,0,0,27,118,2,25,117,3,34,112,8,5,0,0,26,127,3
4859,5,41,19.7,6.18304,0,124,69.7,20.7097,0,7,2.2,30.4516,41,124,5,24,118,3,5,0,0,5,0,0,5,0,0,27,116,2,25,112,3,34,106,7,5,0,0,26,121,2
4860,5,41,19.7,6.18304,0,124,71.6,20.8218,0,7,2.2,30.4516,41,120,5,24,124,3,5,0,0,5,0,0,5,0,0,27,121,2,25,117,3,34,112,7,5,0,0,26,122,2
4861,5,41,19.7,6.18304,0,123,70.5,20.7385,0,7,2.3,30.4201,41,117,5,24,116,3,5,0,0,5,0,0,5,0,0,27,120,3,25,121,3,34,108,7,5,0,0,26,123,2
4862,5,41,19.7,6.18304,0,123,71,20.7721,0,7,2.2,30.4516,41,117,5,24,123,3,5,0,0,5,0,0,5,0,0,27,114,2,25,121,3,34,112,7,5,0,0,26,123,2
4863,5,41,19.7,6.18304,0,131,71.5,20.8433,0,7,2.2,30.4516,41,113,5,24,116,3,5,0,0,5,0,0,5,0,0,27,119,2,25,131,3,34,111,7,5,0,0,26,125,2
4864,5,41,19.7,6.18304,0,129,72,20.8616,0,7,2.2,30.4516,41,119,5,24,118,3,5,0,0,5,0,0,5,0,0,27,122,2,25,121,3,34,111,7,5,0,0,26,129,2
4865,5,41,19.7,6.18304,0,127,72.7,20.9019,0,7,2.2,30.4516,41,120,5,24,121,3,5,0,0,5,0,0,5,0,0,27,118,2,25,127,3,34,118,7,5,0,0,26,123,2
4866,5,41,19.7,6.18304,0,129,70.9,20.7772,0,7,2.2,30.4516,41,118,5,24,110,3,5,0,0,5,0,0,5,0,0,27,118,2,25,129,3,34,116,7,5,0,0,26,118,2
4867,5,41,19.7,6.18304,0,127,70.2,20.7164,0,7,2.2,30.4516,41,117,5,24,112,3,5,0,0,5,0,0,5,0,0,27,115,2,25,127,3,34,113,7,5,0,0,26,118,2
4868,5,41,19.7,6.18304,0,120,68.5,20.6175,0,7,2.2,30.4516,41,116,5,24,110,3,5,0,0,5,0,0,5,0,0,27,120,2,25,119,3,34,114,7,5,0,0,26,106,2
4869,5,41,19.7,6.18304,0,123,69.1,20.6541,0,7,2.2,30.4516,41,117,5,24,107,3,5,0,0,5,0,0,5,0,0,27,118,2,25,117,3,34,123,7,5,0,0,26,109,2
4870,5,41,19.7,6.18304,0,121,69.2,20.6533,0,7,2.2,30.4516,41,113,5,24,121,3,5,0,0,5,0,0,5,0,0,27,120,2,25,113,3,34,116,7,5,0,0,26,109,2
4871,5,41,19.7,6.18304,0,121,69.8,20.6735,0,7,2.2,30.4516,41,111,5,24,116,3,5,0,0,5,0,0,5,0,0,27,121,2,25,120,3,34,112,7,5,0,0,26,118,2
4872,5,41,19.7,6.18304,0,128,69.3,20.6957,0,7,2.3,30.4211,41,110,6,24,117,3,5,0,0,5,0,0,5,0,0,27,119,2,25,128,3,34,107,7,5,0,0,26,112,2
4873,5,41,19.7,6.18304,0,132,69.9,20.7878,0,7,2.3,30.4211,41,116,6,24,121,3,5,0,0,5,0,0,5,0,0,27,116,2,25,132,3,34,108,7,5,0,0,26,106,2
4874,5,41,19.7,6.18304,0,135,71.1,20.8415,0,7,2.4,30.3898,41,115,6,24,119,3,5,0,0,5,0,0,5,0,0,27,116,2,25,135,4,34,112,7,5,0,0,26,114,2
4875,5,41,19.7,6.18304,0,128,72.3,20.9213,0,7,2.4,30.3898,41,123,6,24,127,3,5,0,0,5,0,0,5,0,0,27,118,2,25,128,4,34,113,7,5,0,0,26,114,2
4876,5,41,19.7,6.18304,0,132,71.4,20.8987,0,7,2.4,30.3898,41,116,6,24,132,3,5,0,0,5,0,0,5,0,0,27,121,2,25,126,4,34,110,7,5,0,0,26,109,2
4877,5,41,19.7,6.18304,0,129,72.7,20.9476,0,7,2.5,30.3596,41,118,7,24,129,3,5,0,0,5,0,0,5,0,0,27,127,2,25,122,4,34,112,7,5,0,0,26,119,2
4878,5,41,19.7,6.18304,0,125,70.5,20.7625,0,8,2.6,30.3296,41,114,8,24,119,3,5,0,0,5,0,0,5,0,0,27,125,2,25,123,4,34,107,7,5,0,0,26,117,2
4879,5,41,19.7,6.18304,0,123,71.4,20.7927,0,8,2.6,30.3296,41,115,8,24,117,3,5,0,0,5,0,0,5,0,0,27,123,2,25,123,4,34,114,7,5,0,0,26,122,2
4880,5,41,19.7,6.18304,0,126,70.5,20.7532,0,8,2.6,30.3296,41,118,8,24,119,3,5,0,0,5,0,0,5,0,0,27,112,2,25,126,4,34,109,7,5,0,0,26,121,2
4881,5,41,19.7,6.18304,0,125,70.3,20.7327,0,8,2.6,30.3296,41,113,8,24,125,3,5,0,0,5,0,0,5,0,0,27,122,2,25,114,4,34,112,7,5,0,0,26,117,2
4882,5,41,19.7,6.18304,0,129,71.6,20.8325,0,7,2.5,30.3596,41,113,7,24,129,3,5,0,0,5,0,0,5,0,0,27,116,2,25,120,4,34,120,7,5,0,0,26,118,2
4883,5,41,19.7,6.18304,0,129,70.7,20.7739,0,7,2.3,30.4214,41,114,7,24,129,2,5,0,0,5,0,0,5,0,0,27,116,2,25,111,4,34,117,6,5,0,0,26,120,2
4884,5,41,19.7,6.18304,0,122,70.8,20.7452,0,7,2.3,30.4214,41,115,7,24,122,2,5,0,0,5,0,0,5,0,0,27,114,2,25,114,4,34,121,6,5,0,0,26,122,2
4885,5,41,19.7,6.18304,0,124,72,20.8524,0,7,2.3,30.4214,41,123,7,24,124,2,5,0,0,5,0,0,5,0,0,27,113,2,25,117,4,34,121,6,5,0,0,26,122,2
4886,5,41,19.7,6.18304,0,131,71.8,20.8827,0,7,2.3,30.4214,41,131,7,24,116,2,5,0,0,5,0,0,5,0,0,27,109,2,25,123,4,34,117,6,5,0,0,26,122,2
4887,5,41,19.7,6.18304,0,129,70.9,20.8029,0,9,2.5,30.3619,41,129,9,24,121,2,5,0,0,5,0,0,5,0,0,27,117,2,25,115,4,34,111,6,5,0,0,26,116,2
4888,5,41,19.7,6.18304,0,138,71.8,20.9474,0,9,2.4,30.3925,41,138,9,24,120,2,5,0,0,5,0,0,5,0,0,27,119,2,25,110,4,34,115,5,5,0,0,26,116,2
4889,5,41,19.7,6.18304,0,135,71.6,20.886,0,9,2.4,30.3925,41,135,9,24,116,2,5,0,0,5,0,0,5,0,0,27,117,2,25,112,4,34,118,5,5,0,0,26,118,2
4890,5,41,19.7,6.18304,0,131,70.7,20.8043,0,11,2.6,30.3342,41,131,11,24,116,2,5,0,0,5,0,0,5,0,0,27,121,2,25,111,4,34,113,5,5,0,0,26,115,2
4891,5,41,19.7,6.18304,0,122,70.4,20.7381,0,8,2.3,30.4221,41,122,8,24,117,2,5,0,0,5,0,0,5,0,0,27,122,2,25,119,4,34,111,5,5,0,0,26,113,2
4892,5,41,19.7,6.18304,0,124,71.3,20.7977,0,9,2.4,30.3925,41,121,9,24,124,2,5,0,0,5,0,0,5,0,0,27,119,2,25,114,4,34,120,5,5,0,0,26,115,2
4893,5,41,19.7,6.18304,0,125,71.2,20.7893,0,9,2.4,30.3925,41,122,9,24,120,2,5,0,0,5,0,0,5,0,0,27,114,2,25,114,4,34,125,5,5,0,0,26,117,2
4894,5,41,19.7,6.18304,0,124,71.3,20.8198,0,9,2.4,30.3925,41,118,9,24,124,2,5,0,0,5,0,0,5,0,0,27,117,2,25,107,4,34,124,5,5,0,0,26,123,2
4895,5,41,19.7,6.18304,0,124,71.5,20.8112,0,9,2.4,30.3925,41,118,9,24,124,2,5,0,0,5,0,0,5,0,0,27,120,2,25,112,4,34,117,5,5,0,0,26,124,2
4896,5,41,19.7,6.18304,0,122,69.7,20.6739,0,8,2.2,30.4539,41,121,8,24,115,2,5,0,0,5,0,0,5,0,0,27,115,1,25,113,4,34,111,5,5,0,0,26,122,2
4897,5,41,19.7,6.18304,0,120,69.7,20.6806,0,7,2.1,30.4838,41,120,7,24,115,2,5,0,0,5,0,0,5,0,0,27,119,1,25,120,4,34,110,5,5,0,0,26,113,2
4898,5,41,19.8,6.21932,0,122,69.3,20.6332,0,6,2.3,30.4194,41,115,6,24,111,2,5,0,0,5,0,0,5,0,0,28,118,4,25,113,4,34,114,5,5,0,0,26,122,2
4899,5,41,19.8,6.21932,0,136,71.7,20.8772,0,5,2.2,30.45,41,114,5,24,120,2,5,0,0,5,0,0,5,0,0,28,119,4,25,110,4,34,118,5,5,0,0,26,136,2
4900,5,41,19.9,6.2538,0,130,69.6,20.6881,0,6,2.2,30.4507,41,108,5,24,116,2,5,0,0,5,0,0,5,0,0,28,113,3,25,115,4,34,114,6,5,0,0,27,130,2
4901,5,41,19.9,6.2538,0,129,70.1,20.7564,0,7,2.2,30.452,41,111,5,24,113,2,5,0,0,5,0,0,5,0,0,28,106,2,25,127,4,34,115,7,5,0,0,27,129,2
4902,5,41,19.9,6.2538,0,129,71.4,20.84,0,7,2.1,30.4828,41,116,4,24,119,2,5,0,0,5,0,0,5,0,0,28,105,2,25,123,4,34,122,7,5,0,0,27,129,2
4903,5,41,19.9,6.2538,0,123,72.1,20.8375,0,7,2.1,30.4828,41,121,4,24,119,2,5,0,0,5,0,0,5,0,0,28,118,2,25,120,4,34,120,7,5,0,0,27,123,2
4904,5,41,19.9,6.2538,0,127,73.3,20.9673,0,6,2.1,30.4815,41,127,4,24,120,2,5,0,0,5,0,0,5,0,0,28,121,3,25,126,4,34,118,6,5,0,0,27,121,2
4905,5,41,19.9,6.2538,0,128,72.3,20.8769,0,6,2.1,30.4815,41,121,4,24,118,2,5,0,0,5,0,0,5,0,0,28,118,3,25,128,4,34,115,6,5,0,0,27,123,2
4906,5,41,19.9,6.2538,0,125,71.5,20.8196,0,6,2.1,30.4815,41,122,4,24,111,2,5,0,0,5,0,0,5,0,0,28,125,3,25,123,4,34,118,6,5,0,0,27,116,2
4907,5,41,19.9,6.2538,0,128,72.6,20.9242,0,6,2,30.5127,41,128,4,24,118,2,5,0,0,5,0,0,5,0,0,28,125,3,25,121,3,34,120,6,5,0,0,27,114,2
4908,5,41,19.9,6.2538,0,129,71.4,20.83,0,6,1.8,30.5752,41,129,3,24,120,2,5,0,0,5,0,0,5,0,0,28,117,2,25,119,3,34,113,6,5,0,0,27,116,2
4909,5,41,19.9,6.2538,0,125,69.7,20.7059,0,6,1.9,30.5438,41,125,3,24,120,2,5,0,0,5,0,0,5,0,0,28,107,3,25,114,3,34,115,6,5,0,0,27,116,2
4910,5,41,19.9,6.2538,0,124,70,20.7035,0,6,1.9,30.5438,41,124,3,24,115,2,5,0,0,5,0,0,5,0,0,28,109,3,25,115,3,34,118,6,5,0,0,27,119,2
4911,5,41,19.9,6.2538,0,121,68.9,20.6372,0,6,1.9,30.5438,41,116,3,24,119,2,5,0,0,5,0,0,5,0,0,28,114,3,25,111,3,34,121,6,5,0,0,27,108,2
4912,5,41,19.9,6.2538,0,119,68.2,20.5846,0,6,2,30.5124,41,116,3,24,119,2,5,0,0,5,0,0,5,0,0,28,111,3,25,110,3,34,116,6,5,0,0,27,110,3
4913,5,41,19.9,6.2538,0,123,67.8,20.599,0,6,2.1,30.4813,41,112,3,24,123,2,5,0,0,5,0,0,5,0,0,28,115,3,25,111,3,34,113,6,5,0,0,27,104,4
4914,5,41,19.9,6.2538,0,128,69.4,20.6997,0,6,2.1,30.4813,41,117,3,24,128,2,5,0,0,5,0,0,5,0,0,28,114,3,25,109,3,34,114,6,5,0,0,27,112,4
4915,5,41,19.9,6.2538,0,126,70.7,20.7595,0,6,2,30.5128,41,113,3,24,126,2,5,0,0,5,0,0,5,0,0,28,119,2,25,116,3,34,120,6,5,0,0,27,113,4
4916,5,41,19.9,6.2538,0,119,68.4,20.5796,0,7,2.1,30.4826,41,112,3,24,115,2,5,0,0,5,0,0,5,0,0,28,119,2,25,112,3,34,111,7,5,0,0,27,115,4
4917,5,41,19.9,6.2538,0,119,67.5,20.5383,0,7,2.1,30.4826,41,105,3,24,111,2,5,0,0,5,0,0,5,0,0,28,119,2,25,115,3,34,111,7,5,0,0,27,114,4
4918,5,41,19.9,6.2538,0,120,67.7,20.5543,0,7,2.2,30.4518,41,107,3,24,111,2,5,0,0,5,0,0,5,0,0,28,120,2,25,116,3,34,108,7,5,0,0,27,115,5
4919,5,41,19.9,6.2538,0,120,69.8,20.6947,0,7,2.2,30.4518,41,119,3,24,118,2,5,0,0,5,0,0,5,0,0,28,116,2,25,119,3,34,106,7,5,0,0,27,120,5
4920,5,41,19.9,6.2538,0,124,69.5,20.7125,0,7,2.3,30.4206,41,117,3,24,117,2,5,0,0,5,0,0,5,0,0,28,115,2,25,121,4,34,101,7,5,0,0,27,124,5
4921,5,41,19.9,6.2538,0,122,70.2,20.742,0,7,2.2,30.4514,41,122,3,24,120,2,5,0,0,5,0,0,5,0,0,28,117,2,25,116,4,34,105,7,5,0,0,27,122,4
4922,5,41,19.9,6.2538,0,131,70.5,20.849,0,7,2.2,30.4514,41,122,3,24,126,2,5,0,0,5,0,0,5,0,0,28,112,2,25,112,4,34,102,7,5,0,0,27,131,4
4923,5,41,19.9,6.2538,0,128,70.6,20.8316,0,7,2.2,30.4514,41,124,3,24,120,2,5,0,0,5,0,0,5,0,0,28,112,2,25,121,4,34,101,7,5,0,0,27,128,4
4924,5,41,19.9,6.2538,0,126,71.2,20.818,0,7,2.2,30.4514,41,122,3,24,122,2,5,0,0,5,0,0,5,0,0,28,119,2,25,116,4,34,107,7,5,0,0,27,126,4
4925,5,41,19.9,6.2538,0,125,71.4,20.804,0,7,2.2,30.4511,41,125,3,24,119,3,5,0,0,5,0,0,5,0,0,28,121,2,25,114,4,34,116,7,5,0,0,27,119,3
4926,5,41,19.9,6.2538,0,123,69.9,20.6773,0,7,2.3,30.4198,41,117,4,24,113,3,5,0,0,5,0,0,5,0,0,28,116,2,25,112,4,34,123,7,5,0,0,27,118,3
4927,5,41,20,6.28649,0,130,72,20.8603,0,7,2.6,30.3271,41,117,4,24,113,3,5,0,0,5,0,0,5,0,0,28,123,2,26,116,6,34,130,7,5,0,0,27,121,4
4928,5,41,20,6.28649,0,139,72.3,20.9659,0,7,2.6,30.3271,41,120,4,24,111,3,5,0,0,5,0,0,5,0,0,28,118,2,26,122,6,34,139,7,5,0,0,27,113,4
4929,5,41,20,6.28649,0,133,71.5,20.9089,0,7,2.5,30.3587,41,121,4,24,108,2,5,0,0,5,0,0,5,0,0,28,127,2,26,118,6,34,133,7,5,0,0,27,108,4
4930,5,41,20,6.28649,0,126,70.5,20.7385,0,7,2.6,30.3284,41,114,4,24,113,2,5,0,0,5,0,0,5,0,0,28,126,2,26,116,7,34,122,7,5,0,0,27,114,4
4931,5,41,20,6.28649,0,126,71.3,20.7846,0,7,2.6,30.3278,41,116,4,24,119,2,5,0,0,5,0,0,5,0,0,28,117,2,26,119,6,34,126,7,5,0,0,27,116,5
4932,5,41,20,6.28649,0,122,70.8,20.7597,0,7,2.7,30.2974,41,115,4,24,122,2,5,0,0,5,0,0,5,0,0,28,115,2,26,122,7,34,122,7,5,0,0,27,112,5
4933,5,41,20,6.28649,0,119,69.5,20.6485,0,7,2.7,30.2974,41,119,4,24,112,2,5,0,0,5,0,0,5,0,0,28,114,2,26,119,7,34,117,7,5,0,0,27,114,5
4934,5,41,20,6.28649,0,120,70.4,20.7005,0,7,2.7,30.2974,41,116,4,24,114,2,5,0,0,5,0,0,5,0,0,28,118,2,26,120,7,34,117,7,5,0,0,27,119,5
4935,5,41,20,6.28649,0,124,70.2,20.6995,0,7,2.6,30.3278,41,117,4,24,115,2,5,0,0,5,0,0,5,0,0,28,118,2,26,111,6,34,117,7,5,0,0,27,124,5
4936,5,41,20,6.28649,0,120,69.5,20.6673,0,7,2.7,30.2974,41,118,4,24,119,2,5,0,0,5,0,0,5,0,0,28,117,2,26,107,7,34,114,7,5,0,0,27,120,5
4937,5,41,20,6.28649,0,125,71.3,20.805,0,7,2.8,30.2664,41,125,5,24,112,2,5,0,0,5,0,0,5,0,0,28,116,2,26,113,7,34,122,7,5,0,0,27,125,5
4938,5,41,20,6.28649,0,122,70.9,20.7517,0,7,2.8,30.2664,41,122,5,24,115,2,5,0,0,5,0,0,5,0,0,28,117,2,26,114,7,34,122,7,5,0,0,27,119,5
4939,5,41,20,6.28649,0,125,70.9,20.773,0,7,2.7,30.2984,41,122,5,24,112,2,5,0,0,5,0,0,5,0,0,28,114,1,26,112,7,34,124,7,5,0,0,27,125,5
4940,5,41,20,6.28649,0,131,72.8,20.9613,0,7,2.8,30.2677,41,127,6,24,113,2,5,0,0,5,0,0,5,0,0,28,118,1,26,113,7,34,131,7,5,0,0,27,126,5
4941,5,41,20,6.28649,0,131,72.5,20.9164,0,8,2.9,30.2376,41,123,6,24,113,2,5,0,0,5,0,0,5,0,0,28,123,1,26,118,8,34,131,7,5,0,0,27,117,5
4942,5,41,20,6.28649,0,130,72.1,20.9127,0,7,2.7,30.2981,41,123,6,24,107,2,5,0,0,5,0,0,5,0,0,28,127,1,26,116,7,34,130,6,5,0,0,27,118,5
4943,5,41,20,6.28649,0,133,72.9,21.0053,0,6,2.6,30.3284,41,120,6,24,111,2,5,0,0,5,0,0,5,0,0,28,133,1,26,112,6,34,132,6,5,0,0,27,121,5
4944,5,41,20,6.28649,0,131,73.1,20.9606,0,7,2.7,30.2981,41,119,6,24,122,2,5,0,0,5,0,0,5,0,0,28,131,1,26,116,6,34,123,7,5,0,0,27,120,5
4945,5,41,20,6.28649,0,139,72.4,20.9811,0,6,2.5,30.3591,41,118,5,24,122,2,5,0,0,5,0,0,5,0,0,28,139,1,26,115,6,34,116,6,5,0,0,27,114,5
4946,5,41,20,6.28649,0,129,72.2,20.909,0,6,2.4,30.3897,41,117,5,24,129,2,5,0,0,5,0,0,5,0,0,28,128,1,26,118,6,34,115,5,5,0,0,27,115,5
4947,5,41,20,6.28649,0,127,71.7,20.8495,0,6,2.5,30.3578,41,122,5,24,127,2,5,0,0,5,0,0,5,0,0,28,122,2,26,117,6,34,114,5,5,0,0,27,115,5
4948,5,41,20,6.28649,0,130,70.6,20.8124,0,6,2.5,30.3578,41,130,5,24,117,2,5,0,0,5,0,0,5,0,0,28,122,2,26,115,6,34,115,5,5,0,0,27,107,5
4949,5,41,20,6.28649,0,131,70.7,20.8265,0,6,2.5,30.3578,41,123,5,24,115,2,5,0,0,5,0,0,5,0,0,28,131,2,26,109,6,34,120,5,5,0,0,27,109,5
4950,5,41,20,6.28649,0,130,72.5,20.9188,0,6,2.5,30.3578,41,123,5,24,116,2,5,0,0,5,0,0,5,0,0,28,130,2,26,117,6,34,124,5,5,0,0,27,115,5
4951,5,41,20,6.28649,0,125,70.7,20.8098,0,6,2.4,30.3897,41,124,5,24,119,2,5,0,0,5,0,0,5,0,0,28,125,1,26,119,6,34,115,5,5,0,0,27,105,5
4952,5,41,20,6.28649,0,124,68.7,20.6446,0,6,2.5,30.3592,41,114,5,24,115,2,5,0,0,5,0,0,5,0,0,28,124,1,26,112,6,34,117,5,5,0,0,27,105,6
4953,5,41,20,6.28649,0,120,68.5,20.6608,0,6,2.6,30.3285,41,120,6,24,120,2,5,0,0,5,0,0,5,0,0,28,120,1,26,109,6,34,113,5,5,0,0,27,103,6
4954,5,41,20,6.28649,0,124,70.7,20.7909,0,6,2.6,30.3285,41,124,6,24,123,2,5,0,0,5,0,0,5,0,0,28,123,1,26,114,6,34,113,5,5,0,0,27,110,6
4955,5,41,20,6.28649,0,125,71,20.7854,0,6,2.5,30.3592,41,112,5,24,125,2,5,0,0,5,0,0,5,0,0,28,124,1,26,116,6,34,119,5,5,0,0,27,114,6
4956,5,41,20,6.28649,0,129,72.7,20.9481,0,6,2.5,30.3592,41,123,5,24,126,2,5,0,0,5,0,0,5,0,0,28,129,1,26,115,6,34,113,5,5,0,0,27,121,6
4957,5,41,20,6.28649,0,129,73.1,20.9752,0,6,2.5,30.3592,41,123,5,24,129,2,5,0,0,5,0,0,5,0,0,28,125,1,26,114,6,34,116,5,5,0,0,27,124,6
4958,5,41,20,6.28649,0,127,73.4,20.994,0,6,2.4,30.3897,41,127,5,24,127,2,5,0,0,5,0,0,5,0,0,28,124,1,26,119,6,34,120,5,5,0,0,27,117,5
4959,5,41,20,6.28649,0,130,71.4,20.8533,0,6,2.5,30.3578,41,120,5,24,130,2,5,0,0,5,0,0,5,0,0,28,122,2,26,117,6,34,114,5,5,0,0,27,111,5
4960,5,41,20,6.28649,0,118,69.5,20.6459,0,6,2.6,30.3261,41,116,5,24,117,2,5,0,0,5,0,0,5,0,0,28,118,3,26,116,6,34,115,5,5,0,0,27,113,5
4961,5,41,20,6.28649,0,120,69,20.6104,0,6,2.6,30.3255,41,113,4,24,111,3,5,0,0,5,0,0,5,0,0,28,114,3,26,120,6,34,117,5,5,0,0,27,115,5
4962,5,41,20,6.28649,0,119,68,20.5552,0,6,2.5,30.3571,41,111,4,24,112,2,5,0,0,5,0,0,5,0,0,28,119,3,26,111,6,34,114,5,5,0,0,27,113,5
4963,5,41,20,6.28649,0,116,67.6,20.5555,0,6,2.5,30.3571,41,116,4,24,102,2,5,0,0,5,0,0,5,0,0,28,116,3,26,110,6,34,116,5,5,0,0,27,116,5
4964,5,41,20,6.28649,0,121,67.8,20.5654,0,6,2.7,30.2941,41,114,4,24,107,3,5,0,0,5,0,0,5,0,0,28,121,4,26,115,6,34,111,5,5,0,0,27,110,5
4965,5,41,20,6.28649,0,127,70.1,20.7345,0,6,2.8,30.2635,41,106,4,24,111,3,5,0,0,5,0,0,5,0,0,28,121,4,26,127,6,34,121,5,5,0,0,27,115,6
4966,5,41,20,6.28649,0,122,69.8,20.6753,0,6,2.8,30.2635,41,113,4,24,113,3,5,0,0,5,0,0,5,0,0,28,121,4,26,122,6,34,115,5,5,0,0,27,114,6
4967,5,41,20,6.28649,0,125,70.2,20.7457,0,6,2.8,30.2635,41,115,4,24,115,3,5,0,0,5,0,0,5,0,0,28,124,4,26,125,6,34,106,5,5,0,0,27,117,6
4968,5,41,20,6.28649,0,122,69.9,20.7034,0,6,2.8,30.2635,41,120,4,24,115,3,5,0,0,5,0,0,5,0,0,28,120,4,26,122,6,34,111,5,5,0,0,27,111,6
4969,5,41,20,6.28649,0,124,71.4,20.8047,0,6,2.8,30.2635,41,119,4,24,124,3,5,0,0,5,0,0,5,0,0,28,122,4,26,119,6,34,115,5,5,0,0,27,115,6
4970,5,41,20,6.28649,0,130,71.3,20.8229,0,7,2.8,30.2641,41,117,4,24,118,3,5,0,0,5,0,0,5,0,0,28,130,4,26,117,7,34,110,4,5,0,0,27,121,6
4971,5,41,20,6.28649,0,125,70.7,20.7805,0,7,2.8,30.2641,41,117,4,24,118,3,5,0,0,5,0,0,5,0,0,28,125,4,26,123,7,34,106,4,5,0,0,27,118,6
4972,5,41,20,6.28649,0,125,70.5,20.7455,0,7,2.7,30.2958,41,120,4,24,115,2,5,0,0,5,0,0,5,0,0,28,125,4,26,119,7,34,110,4,5,0,0,27,116,6
4973,5,41,20,6.28649,0,125,70.5,20.7411,0,7,2.7,30.2958,41,125,4,24,116,2,5,0,0,5,0,0,5,0,0,28,120,4,26,112,7,34,115,4,5,0,0,27,117,6
4974,5,41,20,6.28649,0,123,69.1,20.6493,0,8,2.8,30.2668,41,118,5,24,116,1,5,0,0,5,0,0,5,0,0,28,117,4,26,108,8,34,109,4,5,0,0,27,123,6
4975,5,41,20,6.28649,0,125,69.3,20.6701,0,8,2.7,30.2978,41,119,4,24,112,1,5,0,0,5,0,0,5,0,0,28,116,4,26,105,8,34,116,4,5,0,0,27,125,6
4976,5,41,20,6.28649,0,126,71.2,20.801,0,7,2.6,30.3279,41,120,4,24,115,1,5,0,0,5,0,0,5,0,0,28,117,4,26,109,7,34,126,4,5,0,0,27,125,6
4977,5,41,20,6.28649,0,126,72.3,20.8806,0,8,2.7,30.2978,41,121,4,24,118,1,5,0,0,5,0,0,5,0,0,28,125,4,26,113,8,34,126,4,5,0,0,27,120,6
4978,5,41,20,6.28649,0,134,73.5,21.0357,0,8,2.6,30.3292,41,121,4,24,123,1,5,0,0,5,0,0,5,0,0,28,127,3,26,112,8,34,134,4,5,0,0,27,118,6
4979,5,41,20,6.28649,0,126,71.1,20.7767,0,8,2.7,30.2978,41,119,4,24,114,1,5,0,0,5,0,0,5,0,0,28,118,4,26,112,8,34,126,4,5,0,0,27,122,6
4980,5,41,20,6.28649,0,127,70.1,20.723,0,8,2.8,30.2668,41,115,4,24,112,1,5,0,0,5,0,0,5,0,0,28,116,5,26,108,8,34,127,4,5,0,0,27,123,6
4981,5,41,20,6.28649,0,124,70.6,20.7333,0,8,2.7,30.2978,41,119,4,24,114,1,5,0,0,5,0,0,5,0,0,28,117,4,26,111,8,34,121,4,5,0,0,27,124,6
4982,5,41,20,6.28649,0,125,70.1,20.7279,0,7,2.5,30.3592,41,114,3,24,125,1,5,0,0,5,0,0,5,0,0,28,117,4,26,108,7,34,122,4,5,0,0,27,115,6
4983,5,41,20,6.28649,0,122,69.3,20.6554,0,7,2.5,30.3592,41,116,3,24,120,1,5,0,0,5,0,0,5,0,0,28,112,4,26,111,7,34,122,4,5,0,0,27,112,6
4984,5,41,20,6.28649,0,122,69.7,20.6783,0,7,2.4,30.3904,41,119,3,24,122,1,5,0,0,5,0,0,5,0,0,28,112,3,26,115,7,34,116,4,5,0,0,27,113,6
4985,5,41,20,6.28649,0,121,70.2,20.7267,0,7,2.4,30.3904,41,119,3,24,121,1,5,0,0,5,0,0,5,0,0,28,121,3,26,112,7,34,119,4,5,0,0,27,110,6
4986,5,41,20.1,6.32218,0,128,71,20.7953,0,9,2.7,30.3007,41,119,3,24,128,1,5,0,0,5,0,0,5,0,0,28,114,3,26,111,7,34,120,4,5,0,0,28,118,9
4987,5,41,20.1,6.32218,0,129,73,20.9602,0,9,2.7,30.3007,41,124,3,24,129,1,5,0,0,5,0,0,5,0,0,28,123,3,26,117,7,34,115,4,5,0,0,28,122,9
4988,5,41,20.1,6.32218,0,125,71.6,20.8189,0,9,2.7,30.3007,41,117,3,24,121,1,5,0,0,5,0,0,5,0,0,28,125,3,26,122,7,34,114,4,5,0,0,28,117,9
4989,5,41,20.1,6.32218,0,126,71.5,20.8234,0,9,2.8,30.2686,41,114,3,24,119,2,5,0,0,5,0,0,5,0,0,28,126,3,26,125,7,34,112,4,5,0,0,28,119,9
4990,5,41,20.1,6.32218,0,139,72.5,20.9832,0,9,2.7,30.3007,41,121,3,24,113,1,5,0,0,5,0,0,5,0,0,28,139,3,26,119,7,34,113,4,5,0,0,28,120,9
4991,5,41,20.1,6.32218,0,141,71.8,20.9428,0,9,2.6,30.3323,41,114,3,24,114,1,5,0,0,5,0,0,5,0,0,28,141,2,26,116,7,34,116,4,5,0,0,28,117,9
4992,5,41,20.1,6.32218,0,137,71.3,20.9155,0,9,2.6,30.3323,41,110,3,24,109,1,5,0,0,5,0,0,5,0,0,28,137,2,26,113,7,34,129,4,5,0,0,28,115,9
4993,5,41,20.1,6.32218,0,127,71.9,20.8886,0,8,2.5,30.3619,41,123,3,24,107,1,5,0,0,5,0,0,5,0,0,28,127,2,26,113,7,34,127,4,5,0,0,28,122,8
4994,5,41,20.1,6.32218,0,127,69.5,20.6869,0,9,2.6,30.3323,41,118,3,24,109,1,5,0,0,5,0,0,5,0,0,28,116,2,26,108,7,34,127,4,5,0,0,28,117,9
4995,5,41,20.1,6.32218,0,126,69.5,20.6601,0,8,2.5,30.3619,41,112,3,24,111,1,5,0,0,5,0,0,5,0,0,28,115,2,26,114,7,34,126,4,5,0,0,28,117,8
4996,5,41,20.1,6.32218,0,121,69.3,20.6466,0,8,2.4,30.3922,41,106,3,24,119,1,5,0,0,5,0,0,5,0,0,28,116,2,26,113,6,34,118,4,5,0,0,28,121,8
4997,5,41,20.1,6.32218,0,121,68.3,20.6059,0,8,2.4,30.3922,41,103,3,24,121,1,5,0,0,5,0,0,5,0,0,28,118,2,26,112,6,34,112,4,5,0,0,28,117,8
4998,5,41,20.1,6.32218,0,127,71.5,20.8594,0,7,2.3,30.4221,41,109,3,24,125,1,5,0,0,5,0,0,5,0,0,28,126,2,26,109,6,34,119,4,5,0,0,28,127,7
4999,5,41,20.1,6.32218,0,127,72.1,20.9066,0,7,2.3,30.4221,41,111,3,24,125,1,5,0,0,5,0,0,5,0,0,28,127,2,26,109,6,34,126,4,5,0,0,28,123,7
5000,5,41,20.1,6.32218,0,129,71.3,20.8378,0,6,2.1,30.4827,41,108,3,24,121,1,5,0,0,5,0,0,5,0,0,28,124,2,26,110,6,34,129,4,5,0,0,28,121,5
5001,5,41,20.1,6.32218,0,128,72,20.8935,0,6,2.1,30.4827,41,108,3,24,123,1,5,0,0,5,0,0,5,0,0,28,126,2,26,112,6,34,128,4,5,0,0,28,123,5
5002,5,41,20.1,6.32218,0,126,70.5,20.7788,0,6,2.1,30.4827,41,108,3,24,124,1,5,0,0,5,0,0,5,0,0,28,120,2,26,107,6,34,126,4,5,0,0,28,120,5
5003,5,41,20.1,6.32218,0,121,69.1,20.6331,0,6,2.1,30.4827,41,108,3,24,121,1,5,0,0,5,0,0,5,0,0,28,112,2,26,114,6,34,119,4,5,0,0,28,117,5
5004,5,41,20.1,6.32218,0,124,71.2,20.7842,0,6,2.2,30.4515,41,110,4,24,117,1,5,0,0,5,0,0,5,0,0,28,122,2,26,122,6,34,124,4,5,0,0,28,117,5
5005,5,41,20.1,6.32218,0,132,72.1,20.9242,0,6,2.2,30.4515,41,109,4,24,111,1,5,0,0,5,0,0,5,0,0,28,132,2,26,126,6,34,126,4,5,0,0,28,117,5
5006,5,41,20.1,6.32218,0,127,72.6,20.9107,0,5,2.1,30.482,41,120,4,24,113,1,5,0,0,5,0,0,5,0,0,28,125,2,26,124,5,34,127,4,5,0,0,28,117,5
5007,5,41,20.1,6.32218,0,123,71,20.772,0,5,2.1,30.482,41,118,4,24,114,1,5,0,0,5,0,0,5,0,0,28,121,2,26,122,5,34,123,4,5,0,0,28,112,5
5008,5,41,20.1,6.32218,0,125,71.7,20.8416,0,5,2.1,30.482,41,122,4,24,114,1,5,0,0,5,0,0,5,0,0,28,123,2,26,125,5,34,121,4,5,0,0,28,112,5
5009,5,41,20.1,6.32218,0,128,71,20.8732,0,5,2.1,30.482,41,127,4,24,112,1,5,0,0,5,0,0,5,0,0,28,128,2,26,125,5,34,112,4,5,0,0,28,106,5
5010,5,41,20.1,6.32218,0,127,70.7,20.8,0,5,2.2,30.4512,41,123,5,24,116,1,5,0,0,5,0,0,5,0,0,28,118,2,26,127,5,34,117,4,5,0,0,28,106,5
5011,5,41,20.1,6.32218,0,123,69.9,20.6862,0,5,2.2,30.4512,41,116,5,24,114,1,5,0,0,5,0,0,5,0,0,28,119,2,26,123,5,34,115,4,5,0,0,28,112,5
5012,5,41,20.1,6.32218,0,125,72.1,20.8645,0,5,2.3,30.4196,41,122,5,24,113,1,5,0,0,5,0,0,5,0,0,28,125,3,26,124,5,34,121,4,5,0,0,28,116,5
5013,5,41,20.1,6.32218,0,120,70.6,20.7267,0,6,2.4,30.3891,41,118,6,24,119,1,5,0,0,5,0,0,5,0,0,28,120,3,26,118,5,34,117,4,5,0,0,28,114,5
5014,5,41,20.1,6.32218,0,119,69.2,20.6491,0,5,2.3,30.4196,41,119,5,24,119,1,5,0,0,5,0,0,5,0,0,28,107,3,26,118,5,34,113,4,5,0,0,28,116,5
5015,5,41,20.1,6.32218,0,123,70,20.72,0,5,2.2,30.4505,41,122,4,24,118,1,5,0,0,5,0,0,5,0,0,28,107,3,26,123,5,34,116,4,5,0,0,28,114,5
5016,5,41,20.1,6.32218,0,121,68.5,20.6436,0,6,2.3,30.42,41,121,4,24,118,1,5,0,0,5,0,0,5,0,0,28,105,3,26,121,6,34,108,4,5,0,0,28,112,5
5017,5,41,20.1,6.32218,0,126,71.7,20.8473,0,6,2.3,30.42,41,122,4,24,126,1,5,0,0,5,0,0,5,0,0,28,114,3,26,123,6,34,112,4,5,0,0,28,120,5
5018,5,41,20.1,6.32218,0,124,71.7,20.8173,0,6,2.5,30.3584,41,118,6,24,122,1,5,0,0,5,0,0,5,0,0,28,113,3,26,122,6,34,118,4,5,0,0,28,124,5
5019,5,41,20.1,6.32218,0,122,71.1,20.7782,0,6,2.6,30.3271,41,122,6,24,121,1,5,0,0,5,0,0,5,0,0,28,111,4,26,121,6,34,117,4,5,0,0,28,119,5
5020,5,41,20.2,6.35295,0,128,70.6,20.7771,0,6,2.6,30.3271,41,128,6,25,114,1,5,0,0,5,0,0,5,0,0,28,110,4,26,118,6,34,112,4,5,0,0,28,124,5
5021,5,41,20.2,6.35295,0,127,69,20.699,0,6,2.7,30.2961,41,127,6,25,112,1,5,0,0,5,0,0,5,0,0,28,103,5,26,118,6,34,109,4,5,0,0,28,121,5
5022,5,41,20.2,6.35295,0,132,71.4,20.8786,0,6,2.6,30.3268,41,132,5,25,117,1,5,0,0,5,0,0,5,0,0,28,110,5,26,125,6,34,110,4,5,0,0,28,120,5
5023,5,41,20.2,6.35295,0,137,72.5,21,0,6,2.6,30.3268,41,137,5,25,119,1,5,0,0,5,0,0,5,0,0,28,112,5,26,127,6,34,115,4,5,0,0,28,115,5
5024,5,41,20.2,6.35295,0,140,72.7,21.0296,0,6,2.6,30.3268,41,140,4,25,114,1,5,0,0,5,0,0,5,0,0,28,117,5,26,125,6,34,115,5,5,0,0,28,116,5
5025,5,41,20.2,6.35295,0,134,71.4,20.87,0,6,2.6,30.3268,41,134,5,25,112,1,5,0,0,5,0,0,5,0,0,28,112,4,26,122,6,34,117,5,5,0,0,28,117,5
5026,5,41,20.2,6.35295,0,128,70.3,20.7753,0,6,2.6,30.3268,41,128,5,25,109,1,5,0,0,5,0,0,5,0,0,28,117,4,26,116,6,34,124,5,5,0,0,28,109,5
5027,5,41,20.2,6.35295,0,129,72.1,20.897,0,6,2.5,30.3581,41,128,5,25,110,1,5,0,0,5,0,0,5,0,0,28,117,3,26,116,6,34,129,5,5,0,0,28,121,5
5028,5,41,20.2,6.35295,0,130,73.8,21.0579,0,6,2.5,30.3571,41,128,4,25,115,2,5,0,0,5,0,0,5,0,0,28,130,3,26,117,6,34,130,5,5,0,0,28,118,5
5029,5,41,20.2,6.35295,0,131,74,21.0745,0,6,2.4,30.3887,41,131,4,25,120,2,5,0,0,5,0,0,5,0,0,28,129,2,26,118,6,34,126,5,5,0,0,28,116,5
5030,5,41,20.2,6.35295,0,127,71.8,20.8535,0,6,2.3,30.4206,41,127,4,25,115,2,5,0,0,5,0,0,5,0,0,28,125,1,26,114,6,34,120,5,5,0,0,28,117,5
5031,5,41,20.2,6.35295,0,123,70.3,20.7493,0,6,2.4,30.3887,41,123,4,25,114,2,5,0,0,5,0,0,5,0,0,28,122,2,26,122,6,34,113,5,5,0,0,28,109,5
5032,5,41,20.2,6.35295,0,126,70.3,20.7475,0,6,2.5,30.3571,41,117,3,25,112,2,5,0,0,5,0,0,5,0,0,28,124,4,26,126,6,34,113,5,5,0,0,28,111,5
5033,5,41,20.2,6.35295,0,120,69.5,20.6507,0,6,2.5,30.3571,41,117,3,25,112,2,5,0,0,5,0,0,5,0,0,28,120,4,26,118,6,34,115,5,5,0,0,28,113,5
5034,5,41,20.2,6.35295,0,121,70.6,20.722,0,6,2.5,30.3571,41,114,3,25,113,2,5,0,0,5,0,0,5,0,0,28,121,4,26,121,6,34,119,5,5,0,0,28,118,5
5035,5,41,20.2,6.35295,0,123,70.4,20.7365,0,6,2.6,30.3258,41,116,4,25,123,2,5,0,0,5,0,0,5,0,0,28,118,4,26,118,6,34,108,5,5,0,0,28,121,5
5036,5,41,20.2,6.35295,0,132,73,20.9877,0,6,2.5,30.3568,41,120,4,25,132,2,5,0,0,5,0,0,5,0,0,28,122,4,26,118,6,34,111,4,5,0,0,28,127,5
5037,5,41,20.2,6.35295,0,126,71.1,20.8106,0,6,2.5,30.3568,41,120,4,25,126,2,5,0,0,5,0,0,5,0,0,28,121,4,26,119,6,34,108,4,5,0,0,28,117,5
5038,5,41,20.2,6.35295,0,126,71.9,20.869,0,6,2.5,30.3568,41,113,4,25,121,2,5,0,0,5,0,0,5,0,0,28,126,4,26,125,6,34,110,4,5,0,0,28,124,5
5039,5,41,20.2,6.35295,0,123,70.6,20.7559,0,6,2.7,30.2948,41,109,5,25,123,2,5,0,0,5,0,0,5,0,0,28,121,4,26,123,6,34,112,5,5,0,0,28,118,5
5040,5,41,20.2,6.35295,0,126,71.1,20.8,0,6,2.6,30.3258,41,116,5,25,122,2,5,0,0,5,0,0,5,0,0,28,121,4,26,116,6,34,126,4,5,0,0,28,110,5
5041,5,41,20.2,6.35295,0,124,70.5,20.7388,0,6,2.8,30.2641,41,115,6,25,124,2,5,0,0,5,0,0,5,0,0,28,117,5,26,114,6,34,122,4,5,0,0,28,113,5
5042,5,41,20.2,6.35295,0,128,70.1,20.7677,0,6,2.8,30.2641,41,120,6,25,128,2,5,0,0,5,0,0,5,0,0,28,114,5,26,106,6,34,121,4,5,0,0,28,112,5
5043,5,41,20.2,6.35295,0,123,69.9,20.7351,0,6,2.8,30.2641,41,118,6,25,119,2,5,0,0,5,0,0,5,0,0,28,123,5,26,102,6,34,120,4,5,0,0,28,117,5
5044,5,41,20.2,6.35295,0,126,70,20.7515,0,6,2.9,30.233,41,118,6,25,126,2,5,0,0,5,0,0,5,0,0,28,116,5,26,104,6,34,122,5,5,0,0,28,114,5
5045,5,41,20.2,6.35295,0,125,69.9,20.7189,0,6,2.7,30.2961,41,125,6,25,119,1,5,0,0,5,0,0,5,0,0,28,116,4,26,108,6,34,118,5,5,0,0,28,113,5
5046,5,41,20.2,6.35295,0,123,70,20.7283,0,6,2.6,30.3268,41,123,5,25,119,1,5,0,0,5,0,0,5,0,0,28,118,4,26,106,6,34,112,5,5,0,0,28,122,5
5047,5,41,20.2,6.35295,0,126,70.2,20.7745,0,6,2.6,30.3268,41,126,5,25,121,1,5,0,0,5,0,0,5,0,0,28,105,4,26,109,6,34,117,5,5,0,0,28,124,5
5048,5,41,20.2,6.35295,0,129,70.4,20.8092,0,6,2.6,30.3257,41,129,5,25,112,2,5,0,0,5,0,0,5,0,0,28,105,4,26,110,6,34,121,5,5,0,0,28,127,4
5049,5,41,20.2,6.35295,0,119,67.9,20.5662,0,6,2.6,30.3257,41,119,5,25,110,2,5,0,0,5,0,0,5,0,0,28,107,4,26,110,6,34,117,5,5,0,0,28,116,4
5050,5,41,20.2,6.35295,0,121,69.2,20.6524,0,6,2.5,30.3571,41,121,5,25,118,2,5,0,0,5,0,0,5,0,0,28,108,3,26,113,6,34,112,5,5,0,0,28,120,4
5051,5,41,20.2,6.35295,0,125,69.3,20.6457,0,6,2.5,30.3571,41,116,5,25,112,2,5,0,0,5,0,0,5,0,0,28,110,3,26,117,6,34,113,5,5,0,0,28,125,4
5052,5,41,20.2,6.35295,0,126,70.4,20.7193,0,6,2.4,30.3891,41,112,5,25,117,1,5,0,0,5,0,0,5,0,0,28,119,3,26,112,6,34,118,4,5,0,0,28,126,5
5053,5,41,20.2,6.35295,0,124,70.1,20.6935,0,6,2.5,30.3571,41,115,5,25,113,2,5,0,0,5,0,0,5,0,0,28,118,3,26,117,6,34,124,4,5,0,0,28,114,5
5054,5,41,20.2,6.35295,0,124,71.1,20.7785,0,6,2.5,30.3574,41,115,6,25,116,2,5,0,0,5,0,0,5,0,0,28,119,3,26,124,6,34,124,4,5,0,0,28,113,4
5055,5,41,20.2,6.35295,0,123,69.9,20.6759,0,6,2.5,30.3574,41,118,6,25,113,2,5,0,0,5,0,0,5,0,0,28,117,3,26,112,6,34,116,4,5,0,0,28,123,4
5056,5,41,20.2,6.35295,0,122,69.5,20.6567,0,6,2.6,30.3264,41,114,6,25,109,2,5,0,0,5,0,0,5,0,0,28,122,3,26,112,6,34,119,5,5,0,0,28,119,4
5057,5,41,20.2,6.35295,0,122,70.5,20.7442,0,6,2.7,30.2947,41,121,6,25,111,3,5,0,0,5,0,0,5,0,0,28,122,3,26,109,6,34,121,5,5,0,0,28,121,4
5058,5,41,20.2,6.35295,0,123,70.2,20.7191,0,6,2.8,30.2634,41,120,6,25,110,4,5,0,0,5,0,0,5,0,0,28,122,3,26,110,6,34,117,5,5,0,0,28,123,4
5059,5,41,20.2,6.35295,0,123,70.5,20.7483,0,6,2.8,30.2634,41,118,6,25,104,4,5,0,0,5,0,0,5,0,0,28,120,3,26,119,6,34,123,5,5,0,0,28,121,4
5060,5,41,20.2,6.35295,0,125,69.6,20.707,0,6,2.8,30.2634,41,121,6,25,104,5,5,0,0,5,0,0,5,0,0,28,116,3,26,125,6,34,118,4,5,0,0,28,112,4
5061,5,42,20.3,6.41015,0,122,70,20.7003,0,8,3,30.2028,42,122,8,25,114,5,5,0,0,5,0,0,5,0,0,28,116,3,26,114,6,34,122,4,5,0,0,28,112,4
5062,5,42,20.3,6.41015,0,120,68.9,20.6352,0,11,3.3,30.1143,42,119,11,25,116,5,5,0,0,5,0,0,5,0,0,28,107,3,26,120,6,34,116,4,5,0,0,28,111,4
5063,5,42,20.3,6.41015,0,120,68.9,20.6111,0,11,3.3,30.1143,42,111,11,25,113,5,5,0,0,5,0,0,5,0,0,28,109,3,26,120,6,34,117,4,5,0,0,28,119,4
5064,5,42,20.3,6.41015,0,124,70.7,20.7437,0,12,3.5,30.0542,42,113,12,25,114,5,5,0,0,5,0,0,5,0,0,28,112,3,26,124,6,34,123,4,5,0,0,28,121,5
5065,5,42,20.3,6.41015,0,129,70.6,20.7663,0,12,3.5,30.0542,42,113,12,25,109,5,5,0,0,5,0,0,5,0,0,28,122,3,26,129,6,34,114,4,5,0,0,28,119,5
5066,5,42,20.3,6.41015,0,122,70.8,20.745,0,13,3.6,30.0256,42,109,13,25,117,5,5,0,0,5,0,0,5,0,0,28,120,3,26,122,6,34,120,4,5,0,0,28,120,5
5067,5,42,20.3,6.41015,0,125,71.5,20.8072,0,13,3.6,30.0256,42,112,13,25,121,5,5,0,0,5,0,0,5,0,0,28,119,3,26,125,6,34,115,4,5,0,0,28,123,5
5068,5,42,20.3,6.41015,0,122,70.3,20.7126,0,13,3.6,30.0256,42,113,13,25,119,5,5,0,0,5,0,0,5,0,0,28,119,3,26,122,6,34,111,4,5,0,0,28,119,5
5069,5,42,20.3,6.41015,0,128,70.2,20.7503,0,14,3.6,30.0286,42,112,14,25,115,4,5,0,0,5,0,0,5,0,0,28,119,3,26,128,6,34,106,4,5,0,0,28,122,5
5070,5,42,20.3,6.41015,0,126,69.6,20.6938,0,13,3.5,30.0569,42,116,13,25,114,4,5,0,0,5,0,0,5,0,0,28,115,3,26,126,6,34,106,4,5,0,0,28,119,5
5071,5,42,20.3,6.41015,0,128,70.4,20.7424,0,12,3.4,30.0855,42,118,12,25,117,4,5,0,0,5,0,0,5,0,0,28,114,3,26,128,6,34,112,4,5,0,0,28,115,5
5072,5,42,20.3,6.41015,0,127,71.4,20.8318,0,13,3.3,30.1196,42,126,13,25,114,3,5,0,0,5,0,0,5,0,0,28,112,3,26,127,6,34,120,4,5,0,0,28,115,4
5073,5,42,20.3,6.41015,0,126,70.4,20.771,0,11,3.3,30.1143,42,124,11,25,117,4,5,0,0,5,0,0,5,0,0,28,107,3,26,126,6,34,118,5,5,0,0,28,112,4
5074,5,42,20.3,6.41015,0,127,70.9,20.7851,0,10,3.3,30.1123,42,122,10,25,110,5,5,0,0,5,0,0,5,0,0,28,111,3,26,127,6,34,121,5,5,0,0,28,118,4
5075,5,42,20.3,6.41015,0,125,71.5,20.842,0,10,3.3,30.1123,42,124,10,25,105,5,5,0,0,5,0,0,5,0,0,28,118,3,26,123,6,34,125,5,5,0,0,28,120,4
5076,5,42,20.3,6.41015,0,123,71.3,20.8139,0,10,3.2,30.1435,42,121,10,25,105,4,5,0,0,5,0,0,5,0,0,28,120,3,26,123,6,34,123,5,5,0,0,28,121,4
5077,5,42,20.3,6.41015,0,126,71.5,20.8355,0,10,3.2,30.1435,42,119,10,25,106,4,5,0,0,5,0,0,5,0,0,28,125,3,26,117,6,34,126,5,5,0,0,28,122,4
5078,5,42,20.3,6.41015,0,127,70.1,20.7241,0,10,3.3,30.1123,42,114,10,25,105,5,5,0,0,5,0,0,5,0,0,28,119,3,26,118,6,34,127,5,5,0,0,28,118,4
5079,5,42,20.3,6.41015,0,129,70.2,20.7555,0,10,3.4,30.0814,42,119,10,25,106,6,5,0,0,5,0,0,5,0,0,28,118,3,26,109,6,34,129,5,5,0,0,28,121,4
5080,5,42,20.3,6.41015,0,127,71.7,20.8713,0,9,3.3,30.1103,42,121,9,25,116,5,5,0,0,5,0,0,5,0,0,28,126,4,26,106,6,34,127,5,5,0,0,28,121,4
5081,5,42,20.3,6.41015,0,128,71.2,20.8534,0,9,3.4,30.0794,42,114,9,25,124,5,5,0,0,5,0,0,5,0,0,28,126,4,26,107,6,34,128,6,5,0,0,28,113,4
5082,5,42,20.3,6.41015,0,130,72.2,20.9355,0,10,3.4,30.0811,42,113,10,25,122,4,5,0,0,5,0,0,5,0,0,28,129,4,26,107,6,34,130,6,5,0,0,28,121,4
5083,5,42,20.3,6.41015,0,130,72.8,20.9953,0,10,3.4,30.0811,42,117,10,25,125,4,5,0,0,5,0,0,5,0,0,28,130,4,26,106,6,34,129,6,5,0,0,28,121,4
5084,5,42,20.3,6.41015,0,129,71.5,20.8806,0,10,3.4,30.0811,42,118,10,25,123,4,5,0,0,5,0,0,5,0,0,28,123,4,26,103,6,34,129,6,5,0,0,28,119,4
5085,5,42,20.3,6.41015,0,123,69.8,20.7209,0,10,3.5,30.0498,42,111,10,25,119,4,5,0,0,5,0,0,5,0,0,28,120,5,26,103,6,34,122,6,5,0,0,28,123,4
5086,5,42,20.3,6.41015,0,124,70.2,20.7601,0,10,3.5,30.0498,42,107,10,25,123,4,5,0,0,5,0,0,5,0,0,28,124,5,26,106,6,34,119,6,5,0,0,28,123,4
5087,5,42,20.3,6.41015,0,126,69.7,20.6929,0,9,3.4,30.0791,42,112,9,25,113,5,5,0,0,5,0,0,5,0,0,28,126,5,26,108,6,34,119,5,5,0,0,28,119,4
5088,5,42,20.3,6.41015,0,122,69.6,20.6631,0,9,3.4,30.0791,42,112,9,25,116,5,5,0,0,5,0,0,5,0,0,28,116,5,26,109,6,34,121,5,5,0,0,28,122,4
5089,5,42,20.3,6.41015,0,120,69.5,20.6372,0,9,3.4,30.0791,42,112,9,25,115,5,5,0,0,5,0,0,5,0,0,28,114,5,26,116,6,34,118,5,5,0,0,28,120,4
5090,5,42,20.3,6.41015,0,125,70,20.6811,0,9,3.4,30.0791,42,113,9,25,113,5,5,0,0,5,0,0,5,0,0,28,117,5,26,117,6,34,115,5,5,0,0,28,125,4
5091,5,42,20.3,6.41015,0,117,69.2,20.6219,0,9,3.4,30.0791,42,117,9,25,112,5,5,0,0,5,0,0,5,0,0,28,117,5,26,113,6,34,117,5,5,0,0,28,116,4
5092,5,42,20.3,6.41015,0,120,69.8,20.6629,0,9,3.3,30.1103,42,116,9,25,115,5,5,0,0,5,0,0,5,0,0,28,120,4,26,113,6,34,116,5,5,0,0,28,118,4
5093,5,42,20.3,6.41015,0,125,70.1,20.6876,0,9,3.3,30.1103,42,114,9,25,115,4,5,0,0,5,0,0,5,0,0,28,117,5,26,114,6,34,116,5,5,0,0,28,125,4
5094,5,42,20.3,6.41015,0,126,70.7,20.745,0,9,3.2,30.1415,42,114,9,25,113,4,5,0,0,5,0,0,5,0,0,28,120,5,26,112,6,34,122,4,5,0,0,28,126,4
5095,5,42,20.3,6.41015,0,125,69.7,20.6826,0,9,3.2,30.1415,42,114,9,25,113,4,5,0,0,5,0,0,5,0,0,28,125,5,26,110,6,34,114,4,5,0,0,28,121,4
5096,5,42,20.3,6.41015,0,130,70.2,20.7612,0,9,3.3,30.1106,42,107,9,25,109,4,5,0,0,5,0,0,5,0,0,28,124,6,26,111,6,34,121,4,5,0,0,28,130,4
5097,5,42,20.3,6.41015,0,131,71.7,20.89,0,9,3.3,30.1106,42,115,9,25,105,4,5,0,0,5,0,0,5,0,0,28,131,6,26,115,6,34,125,4,5,0,0,28,126,4
5098,5,42,20.3,6.41015,0,129,71.5,20.8458,0,9,3.3,30.1106,42,122,9,25,109,4,5,0,0,5,0,0,5,0,0,28,126,6,26,114,6,34,115,4,5,0,0,28,129,4
5099,5,42,20.3,6.41015,0,127,70.8,20.8036,0,9,3.3,30.1106,42,127,9,25,106,4,5,0,0,5,0,0,5,0,0,28,123,6,26,115,6,34,113,4,5,0,0,28,124,4
5100,5,42,20.3,6.41015,0,127,70.7,20.7604,0,9,3.4,30.0794,42,120,9,25,112,4,5,0,0,5,0,0,5,0,0,28,127,6,26,115,6,34,113,5,5,0,0,28,120,4
5101,5,42,20.3,6.41015,0,120,70.3,20.7073,0,9,3.3,30.1103,42,118,9,25,119,4,5,0,0,5,0,0,5,0,0,28,119,6,26,111,5,34,116,5,5,0,0,28,120,4
5102,5,42,20.3,6.41015,0,123,70.3,20.7153,0,9,3.2,30.1415,42,120,9,25,113,4,5,0,0,5,0,0,5,0,0,28,123,6,26,113,5,34,114,4,5,0,0,28,120,4
5103,5,42,20.3,6.41015,0,124,71,20.7596,0,9,3.3,30.1103,42,116,9,25,114,4,5,0,0,5,0,0,5,0,0,28,124,6,26,121,5,34,115,5,5,0,0,28,120,4
5104,5,42,20.3,6.41015,0,123,70.3,20.7157,0,8,3.2,30.1402,42,111,8,25,118,4,5,0,0,5,0,0,5,0,0,28,117,6,26,123,5,34,121,5,5,0,0,28,113,4
5105,5,42,20.3,6.41015,0,124,72.4,20.871,0,8,3.2,30.1402,42,119,8,25,124,4,5,0,0,5,0,0,5,0,0,28,117,6,26,120,5,34,123,5,5,0,0,28,121,4
5106,5,42,20.3,6.41015,0,122,71.7,20.8041,0,8,3.2,30.1398,42,116,8,25,117,5,5,0,0,5,0,0,5,0,0,28,122,5,26,121,5,34,121,5,5,0,0,28,120,4
5107,5,42,20.3,6.41015,0,123,72,20.8422,0,9,3.3,30.11,42,115,9,25,123,5,5,0,0,5,0,0,5,0,0,28,122,5,26,120,5,34,123,5,5,0,0,28,117,4
5108,5,42,20.3,6.41015,0,125,71.5,20.7993,0,9,3.4,30.0791,42,116,9,25,115,6,5,0,0,5,0,0,5,0,0,28,125,5,26,122,5,34,119,5,5,0,0,28,118,4
5109,5,42,20.3,6.41015,0,126,71.5,20.8105,0,9,3.6,30.0169,42,119,9,25,118,6,5,0,0,5,0,0,5,0,0,28,126,5,26,121,5,34,115,6,5,0,0,28,116,5
5110,5,42,20.3,6.41015,0,127,70.7,20.766,0,9,3.5,30.0479,42,113,9,25,120,5,5,0,0,5,0,0,5,0,0,28,127,5,26,118,5,34,110,6,5,0,0,28,119,5
5111,5,42,20.3,6.41015,0,121,70.4,20.7313,0,9,3.6,30.017,42,115,9,25,120,5,5,0,0,5,0,0,5,0,0,28,120,5,26,120,5,34,108,6,5,0,0,28,121,6
5112,5,42,20.3,6.41015,0,124,72,20.8655,0,8,3.6,30.0164,42,123,8,25,124,5,5,0,0,5,0,0,5,0,0,28,122,5,26,122,5,34,113,6,5,0,0,28,116,7
5113,5,42,20.3,6.41015,0,124,71.9,20.8414,0,8,3.6,30.0164,42,121,8,25,124,5,5,0,0,5,0,0,5,0,0,28,121,5,26,118,5,34,120,6,5,0,0,28,115,7
5114,5,42,20.3,6.41015,0,127,72.3,20.8842,0,8,3.7,29.9857,42,127,8,25,114,5,5,0,0,5,0,0,5,0,0,28,122,5,26,120,5,34,123,7,5,0,0,28,117,7
5115,5,42,20.3,6.41015,0,132,72.6,20.9924,0,9,3.8,29.9553,42,125,9,25,109,6,5,0,0,5,0,0,5,0,0,28,132,5,26,114,5,34,131,7,5,0,0,28,115,6
5116,5,42,20.3,6.41015,0,127,71.4,20.8316,0,9,3.8,29.9553,42,127,9,25,109,6,5,0,0,5,0,0,5,0,0,28,123,5,26,115,5,34,123,7,5,0,0,28,117,6
5117,5,42,20.3,6.41015,0,126,69.7,20.7207,0,8,3.6,30.0166,42,121,8,25,105,6,5,0,0,5,0,0,5,0,0,28,126,4,26,109,5,34,119,7,5,0,0,28,117,6
5118,5,42,20.3,6.41015,0,124,68.9,20.6248,0,8,3.6,30.0166,42,110,8,25,106,6,5,0,0,5,0,0,5,0,0,28,114,4,26,116,5,34,119,7,5,0,0,28,124,6
5119,5,42,20.3,6.41015,0,125,71.6,20.8306,0,8,3.6,30.0166,42,115,8,25,108,6,5,0,0,5,0,0,5,0,0,28,125,4,26,124,5,34,120,7,5,0,0,28,124,6
5120,5,42,20.3,6.41015,0,131,72.9,20.9437,0,8,3.4,30.0781,42,121,8,25,114,6,5,0,0,5,0,0,5,0,0,28,127,4,26,118,5,34,118,6,5,0,0,28,131,5
5121,5,42,20.3,6.41015,0,138,72.5,20.9832,0,8,3.4,30.0781,42,115,8,25,114,6,5,0,0,5,0,0,5,0,0,28,130,4,26,116,5,34,112,6,5,0,0,28,138,5
5122,5,42,20.3,6.41015,0,126,69.8,20.6843,0,8,3.5,30.0475,42,116,8,25,110,6,5,0,0,5,0,0,5,0,0,28,118,4,26,117,5,34,111,7,5,0,0,28,126,5
5123,5,42,20.3,6.41015,0,125,70,20.7114,0,8,3.5,30.0475,42,112,8,25,111,6,5,0,0,5,0,0,5,0,0,28,125,4,26,121,5,34,110,7,5,0,0,28,121,5
5124,5,42,20.3,6.41015,0,131,70.1,20.7443,0,8,3.4,30.0788,42,113,8,25,108,6,5,0,0,5,0,0,5,0,0,28,131,4,26,118,4,34,115,7,5,0,0,28,116,5
5125,5,42,20.3,6.41015,0,121,70,20.6853,0,8,3.4,30.0788,42,112,8,25,111,6,5,0,0,5,0,0,5,0,0,28,120,4,26,121,4,34,120,7,5,0,0,28,116,5
5126,5,42,20.3,6.41015,0,123,70.8,20.751,0,7,3.2,30.1396,42,121,6,25,110,6,5,0,0,5,0,0,5,0,0,28,117,4,26,120,4,34,123,7,5,0,0,28,117,5
5127,5,42,20.3,6.41015,0,123,72.1,20.8481,0,7,3.1,30.1704,42,122,5,25,113,6,5,0,0,5,0,0,5,0,0,28,121,4,26,123,4,34,119,7,5,0,0,28,123,5
5128,5,42,20.3,6.41015,0,128,71.7,20.8252,0,7,3.1,30.1704,42,119,5,25,117,6,5,0,0,5,0,0,5,0,0,28,118,4,26,128,4,34,115,7,5,0,0,28,120,5
5129,5,42,20.3,6.41015,0,128,73,20.9377,0,7,3.1,30.1704,42,120,5,25,128,6,5,0,0,5,0,0,5,0,0,28,119,4,26,123,4,34,120,7,5,0,0,28,120,5
5130,5,42,20.3,6.41015,0,127,71.9,20.8655,0,7,3.1,30.1704,42,125,5,25,127,6,5,0,0,5,0,0,5,0,0,28,117,4,26,113,4,34,118,7,5,0,0,28,119,5
5131,5,42,20.3,6.41015,0,125,69.8,20.7067,0,7,3.1,30.1704,42,118,5,25,125,6,5,0,0,5,0,0,5,0,0,28,111,4,26,113,4,34,110,7,5,0,0,28,121,5
5132,5,42,20.3,6.41015,0,120,68.4,20.6052,0,7,3.1,30.1704,42,116,5,25,119,6,5,0,0,5,0,0,5,0,0,28,105,4,26,111,4,34,113,7,5,0,0,28,120,5
5133,5,42,20.3,6.41015,0,119,66.2,20.5639,0,7,3.2,30.1393,42,112,5,25,119,6,5,0,0,5,0,0,5,0,0,28,96,5,26,102,4,34,114,7,5,0,0,28,119,5
5134,5,42,20.3,6.41015,0,128,67.7,20.6841,0,7,3.2,30.1393,42,109,5,25,118,6,5,0,0,5,0,0,5,0,0,28,92,5,26,113,4,34,117,7,5,0,0,28,128,5
5135,5,42,20.3,6.41015,0,127,69.3,20.7146,0,7,3.1,30.1704,42,112,5,25,119,6,5,0,0,5,0,0,5,0,0,28,99,5,26,119,4,34,117,7,5,0,0,28,127,4
5136,5,42,20.3,6.41015,0,118,68.2,20.5815,0,7,3.1,30.1704,42,110,5,25,118,6,5,0,0,5,0,0,5,0,0,28,106,5,26,112,4,34,118,7,5,0,0,28,118,4
5137,5,42,20.3,6.41015,0,125,70.6,20.742,0,7,3.2,30.1393,42,119,5,25,117,6,5,0,0,5,0,0,5,0,0,28,115,5,26,118,4,34,125,7,5,0,0,28,112,5
5138,5,42,20.3,6.41015,0,126,72.9,20.9335,0,7,3.2,30.1393,42,123,5,25,123,6,5,0,0,5,0,0,5,0,0,28,115,5,26,126,4,34,124,7,5,0,0,28,118,5
5139,5,42,20.3,6.41015,0,120,69.7,20.6542,0,6,3.1,30.1698,42,112,5,25,114,6,5,0,0,5,0,0,5,0,0,28,117,5,26,120,4,34,118,6,5,0,0,28,116,5
5140,5,42,20.3,6.41015,0,121,70,20.6846,0,6,3.1,30.1698,42,117,5,25,116,6,5,0,0,5,0,0,5,0,0,28,114,5,26,121,4,34,119,6,5,0,0,28,113,5
5141,5,42,20.3,6.41015,0,131,71.9,20.9209,0,6,3.1,30.1698,42,111,5,25,122,6,5,0,0,5,0,0,5,0,0,28,115,5,26,130,4,34,131,6,5,0,0,28,110,5
5142,5,42,20.3,6.41015,0,129,74.1,21.0506,0,6,3,30.2006,42,117,5,25,127,5,5,0,0,5,0,0,5,0,0,28,120,5,26,129,4,34,127,6,5,0,0,28,121,5
5143,5,42,20.3,6.41015,0,131,73,20.9498,0,6,3.1,30.1694,42,119,5,25,118,5,5,0,0,5,0,0,5,0,0,28,116,5,26,131,5,34,126,6,5,0,0,28,120,5
5144,5,42,20.3,6.41015,0,129,73,20.9412,0,6,3.1,30.1694,42,116,5,25,121,5,5,0,0,5,0,0,5,0,0,28,119,5,26,129,5,34,126,6,5,0,0,28,119,5
5145,5,42,20.3,6.41015,0,124,71.7,20.8149,0,6,3,30.2006,42,121,5,25,116,5,5,0,0,5,0,0,5,0,0,28,115,5,26,124,4,34,122,6,5,0,0,28,119,5
5146,5,42,20.3,6.41015,0,125,72.2,20.8789,0,6,2.8,30.2631,42,121,5,25,125,3,5,0,0,5,0,0,5,0,0,28,123,5,26,120,4,34,120,6,5,0,0,28,113,5
5147,5,42,20.3,6.41015,0,131,72.7,20.979,0,6,2.8,30.2631,42,121,5,25,131,3,5,0,0,5,0,0,5,0,0,28,130,5,26,114,4,34,116,6,5,0,0,28,115,5
5148,5,42,20.3,6.41015,0,128,71.6,20.8564,0,6,2.8,30.2631,42,122,5,25,124,3,5,0,0,5,0,0,5,0,0,28,128,5,26,113,4,34,113,6,5,0,0,28,116,5
5149,5,42,20.3,6.41015,0,133,73,21.0554,0,5,2.6,30.3248,42,132,5,25,125,3,5,0,0,5,0,0,5,0,0,28,133,5,26,112,4,34,115,5,5,0,0,28,113,4
5150,5,42,20.3,6.41015,0,125,71.4,20.808,0,6,2.7,30.2941,42,121,6,25,116,3,5,0,0,5,0,0,5,0,0,28,125,5,26,117,4,34,122,5,5,0,0,28,113,4
5151,5,42,20.3,6.41015,0,127,71.6,20.8732,0,6,2.7,30.2941,42,127,6,25,122,3,5,0,0,5,0,0,5,0,0,28,125,5,26,112,4,34,120,5,5,0,0,28,110,4
5152,5,42,20.3,6.41015,0,125,72.8,20.9146,0,6,2.7,30.2941,42,122,6,25,122,3,5,0,0,5,0,0,5,0,0,28,122,5,26,125,4,34,120,5,5,0,0,28,117,4
5153,5,42,20.3,6.41015,0,125,69.2,20.6651,0,6,2.8,30.2627,42,116,6,25,113,4,5,0,0,5,0,0,5,0,0,28,115,5,26,125,4,34,116,5,5,0,0,28,107,4
5154,5,42,20.3,6.41015,0,119,68.5,20.5942,0,7,2.9,30.2329,42,117,6,25,110,3,5,0,0,5,0,0,5,0,0,28,116,5,26,119,4,34,112,7,5,0,0,28,111,4
5155,5,42,20.3,6.41015,0,121,69.5,20.6629,0,7,2.9,30.2329,42,121,6,25,111,3,5,0,0,5,0,0,5,0,0,28,119,5,26,116,4,34,110,7,5,0,0,28,118,4
5156,5,42,20.3,6.41015,0,124,70.5,20.7411,0,6,2.8,30.2634,42,120,6,25,107,3,5,0,0,5,0,0,5,0,0,28,122,5,26,115,4,34,117,6,5,0,0,28,124,4
5157,5,42,20.3,6.41015,0,125,69.6,20.6902,0,7,2.9,30.2329,42,116,6,25,115,3,5,0,0,5,0,0,5,0,0,28,125,5,26,106,4,34,118,7,5,0,0,28,116,4
5158,5,42,20.3,6.41015,0,124,69.9,20.699,0,7,2.9,30.2329,42,124,6,25,116,3,5,0,0,5,0,0,5,0,0,28,119,5,26,112,4,34,113,7,5,0,0,28,115,4
5159,5,42,20.3,6.41015,0,124,68.7,20.6356,0,7,2.9,30.2329,42,124,6,25,112,3,5,0,0,5,0,0,5,0,0,28,117,5,26,114,4,34,110,7,5,0,0,28,110,4
5160,5,42,20.3,6.41015,0,125,69.2,20.6748,0,7,2.9,30.2329,42,125,6,25,116,3,5,0,0,5,0,0,5,0,0,28,117,5,26,113,4,34,107,7,5,0,0,28,114,4
5161,5,42,20.4,6.4467,0,120,68.1,20.6129,0,7,3.2,30.1407,42,120,6,25,117,3,5,0,0,5,0,0,5,0,0,28,116,5,26,112,4,34,102,7,5,0,0,29,114,7
5162,5,42,20.4,6.4467,0,120,67.2,20.5705,0,7,3.2,30.1407,42,113,6,25,117,3,5,0,0,5,0,0,5,0,0,28,120,5,26,108,4,34,101,7,5,0,0,29,113,7
5163,5,42,20.4,6.4467,0,123,69.3,20.6987,0,7,3.1,30.1719,42,119,6,25,122,3,5,0,0,5,0,0,5,0,0,28,123,4,26,111,4,34,106,7,5,0,0,29,112,7
5164,5,42,20.4,6.4467,0,122,69.4,20.6883,0,7,3.1,30.1719,42,119,6,25,121,3,5,0,0,5,0,0,5,0,0,28,122,4,26,109,4,34,108,7,5,0,0,29,115,7
5165,5,42,20.4,6.4467,0,121,68.9,20.6196,0,7,3.1,30.1719,42,114,6,25,115,3,5,0,0,5,0,0,5,0,0,28,119,4,26,110,4,34,110,7,5,0,0,29,121,7
5166,5,42,20.4,6.4467,0,122,70.1,20.6999,0,8,3.3,30.1112,42,116,7,25,118,3,5,0,0,5,0,0,5,0,0,28,119,4,26,117,4,34,109,7,5,0,0,29,122,8
5167,5,42,20.4,6.4467,0,119,68.7,20.5976,0,8,3.3,30.1112,42,113,7,25,113,3,5,0,0,5,0,0,5,0,0,28,117,4,26,119,4,34,110,7,5,0,0,29,115,8
5168,5,42,20.4,6.4467,0,118,69.9,20.667,0,8,3.3,30.1112,42,114,7,25,117,3,5,0,0,5,0,0,5,0,0,28,118,4,26,118,4,34,114,7,5,0,0,29,118,8
5169,5,42,20.4,6.4467,0,122,70.4,20.7126,0,7,3.2,30.1414,42,112,7,25,121,3,5,0,0,5,0,0,5,0,0,28,113,4,26,118,4,34,118,7,5,0,0,29,122,7
5170,5,42,20.4,6.4467,0,131,72.8,20.9275,0,7,3.2,30.1414,42,116,7,25,122,3,5,0,0,5,0,0,5,0,0,28,119,4,26,115,4,34,125,7,5,0,0,29,131,7
5171,5,42,20.4,6.4467,0,124,71.5,20.8112,0,7,3.1,30.1719,42,110,6,25,124,3,5,0,0,5,0,0,5,0,0,28,121,4,26,116,4,34,122,7,5,0,0,29,122,7
5172,5,42,20.4,6.4467,0,127,69.6,20.6811,0,7,3,30.2034,42,111,6,25,115,3,5,0,0,5,0,0,5,0,0,28,127,3,26,112,4,34,115,7,5,0,0,29,116,7
5173,5,42,20.4,6.4467,0,122,69.8,20.6676,0,7,2.9,30.2341,42,113,5,25,116,3,5,0,0,5,0,0,5,0,0,28,122,3,26,116,4,34,114,7,5,0,0,29,117,7
5174,5,42,20.4,6.4467,0,122,70.5,20.7206,0,7,3,30.2027,42,116,5,25,112,4,5,0,0,5,0,0,5,0,0,28,120,3,26,113,4,34,122,7,5,0,0,29,122,7
5175,5,42,20.4,6.4467,0,123,69.6,20.6814,0,7,3,30.2027,42,120,5,25,110,3,5,0,0,5,0,0,5,0,0,28,119,4,26,113,4,34,123,7,5,0,0,29,111,7
5176,5,42,20.4,6.4467,0,125,69.6,20.6655,0,7,3.1,30.1716,42,115,5,25,107,3,5,0,0,5,0,0,5,0,0,28,116,4,26,116,5,34,117,7,5,0,0,29,125,7
5177,5,42,20.4,6.4467,0,124,70.7,20.7289,0,7,2.9,30.2327,42,117,5,25,113,3,5,0,0,5,0,0,5,0,0,28,119,4,26,118,5,34,116,7,5,0,0,29,124,5
5178,5,42,20.4,6.4467,0,124,71.3,20.7937,0,6,2.7,30.2945,42,117,5,25,120,3,5,0,0,5,0,0,5,0,0,28,120,3,26,124,5,34,111,6,5,0,0,29,121,5
5179,5,42,20.4,6.4467,0,130,73.3,20.9809,0,6,2.6,30.3255,42,116,4,25,119,3,5,0,0,5,0,0,5,0,0,28,128,3,26,130,5,34,117,6,5,0,0,29,123,5
5180,5,42,20.4,6.4467,0,127,72.3,20.8714,0,6,2.6,30.3255,42,119,4,25,115,3,5,0,0,5,0,0,5,0,0,28,127,3,26,123,5,34,118,6,5,0,0,29,121,5
5181,5,42,20.4,6.4467,0,127,71.5,20.8293,0,6,2.5,30.3565,42,120,4,25,109,3,5,0,0,5,0,0,5,0,0,28,127,3,26,124,4,34,116,6,5,0,0,29,119,5
5182,5,42,20.4,6.4467,0,125,69.9,20.7071,0,5,2.6,30.3248,42,113,4,25,113,3,5,0,0,5,0,0,5,0,0,28,119,4,26,122,5,34,107,5,5,0,0,29,125,5
5183,5,42,20.4,6.4467,0,123,70.1,20.6825,0,5,2.7,30.2938,42,113,4,25,115,3,5,0,0,5,0,0,5,0,0,28,117,5,26,118,5,34,115,5,5,0,0,29,123,5
5184,5,42,20.4,6.4467,0,127,70.1,20.7258,0,6,2.8,30.2631,42,117,4,25,108,3,5,0,0,5,0,0,5,0,0,28,127,5,26,120,5,34,113,6,5,0,0,29,116,5
5185,5,42,20.4,6.4467,0,120,69.2,20.6324,0,6,2.8,30.2631,42,117,4,25,107,3,5,0,0,5,0,0,5,0,0,28,115,5,26,116,5,34,120,6,5,0,0,29,117,5
5186,5,42,20.4,6.4467,0,126,69.1,20.663,0,6,2.8,30.2631,42,113,4,25,108,3,5,0,0,5,0,0,5,0,0,28,113,5,26,126,5,34,121,6,5,0,0,29,110,5
5187,5,42,20.4,6.4467,0,130,70.3,20.7965,0,5,2.6,30.3248,42,114,4,25,115,3,5,0,0,5,0,0,5,0,0,28,119,5,26,122,5,34,130,5,5,0,0,29,103,4
5188,5,42,20.4,6.4467,0,130,69.3,20.7115,0,5,2.6,30.3248,42,116,4,25,112,3,5,0,0,5,0,0,5,0,0,28,112,5,26,118,5,34,130,5,5,0,0,29,105,4
5189,5,42,20.4,6.4467,0,121,69.2,20.6441,0,5,2.6,30.3248,42,117,4,25,114,3,5,0,0,5,0,0,5,0,0,28,111,5,26,119,5,34,121,5,5,0,0,29,110,4
5190,5,42,20.4,6.4467,0,127,68.8,20.6781,0,6,2.8,30.263,42,118,6,25,117,3,5,0,0,5,0,0,5,0,0,28,103,5,26,127,5,34,112,5,5,0,0,29,111,4
5191,5,42,20.4,6.4467,0,128,69.7,20.7063,0,6,2.7,30.2941,42,119,6,25,114,3,5,0,0,5,0,0,5,0,0,28,111,5,26,128,4,34,110,5,5,0,0,29,115,4
5192,5,42,20.4,6.4467,0,122,68.9,20.6343,0,6,2.8,30.2634,42,120,6,25,108,3,5,0,0,5,0,0,5,0,0,28,110,5,26,122,4,34,112,6,5,0,0,29,117,4
5193,5,42,20.4,6.4467,0,123,68.3,20.6497,0,6,2.8,30.2634,42,122,6,25,103,3,5,0,0,5,0,0,5,0,0,28,118,5,26,113,4,34,104,6,5,0,0,29,123,4
5194,5,42,20.4,6.4467,0,121,67.4,20.6047,0,6,2.9,30.2326,42,118,6,25,98,3,5,0,0,5,0,0,5,0,0,28,115,6,26,118,4,34,104,6,5,0,0,29,121,4
5195,5,42,20.4,6.4467,0,128,70.4,20.8098,0,6,2.8,30.2634,42,117,5,25,100,3,5,0,0,5,0,0,5,0,0,28,125,6,26,128,4,34,112,6,5,0,0,29,122,4
5196,5,42,20.4,6.4467,0,125,69.7,20.7265,0,6,2.7,30.2941,42,104,5,25,107,3,5,0,0,5,0,0,5,0,0,28,122,5,26,125,4,34,114,6,5,0,0,29,125,4
5197,5,42,20.4,6.4467,0,140,72.1,20.9371,0,6,2.7,30.2941,42,110,5,25,114,3,5,0,0,5,0,0,5,0,0,28,122,5,26,119,4,34,116,6,5,0,0,29,140,4
5198,5,42,20.4,6.4467,0,139,71.9,20.9109,0,6,2.6,30.3251,42,115,4,25,120,3,5,0,0,5,0,0,5,0,0,28,117,5,26,112,4,34,116,6,5,0,0,29,139,4
5199,5,42,20.4,6.4467,0,132,72.4,20.9054,0,6,2.7,30.2937,42,114,4,25,121,4,5,0,0,5,0,0,5,0,0,28,125,5,26,115,4,34,117,6,5,0,0,29,132,4
5200,5,42,20.4,6.4467,0,127,72,20.8408,0,6,2.7,30.2937,42,114,4,25,121,4,5,0,0,5,0,0,5,0,0,28,121,5,26,120,4,34,117,6,5,0,0,29,127,4
5201,5,42,20.4,6.4467,0,119,69.9,20.6746,0,6,2.7,30.2937,42,116,4,25,119,4,5,0,0,5,0,0,5,0,0,28,118,5,26,112,4,34,118,6,5,0,0,29,116,4
5202,5,42,20.4,6.4467,0,123,71.1,20.7543,0,6,2.6,30.3251,42,118,4,25,116,3,5,0,0,5,0,0,5,0,0,28,117,5,26,117,4,34,120,6,5,0,0,29,123,4
5203,5,42,20.4,6.4467,0,126,71.7,20.8243,0,6,2.6,30.3251,42,117,4,25,120,3,5,0,0,5,0,0,5,0,0,28,116,5,26,113,4,34,125,6,5,0,0,29,126,4
5204,5,42,20.4,6.4467,0,127,70.3,20.7393,0,6,2.5,30.3564,42,109,4,25,122,3,5,0,0,5,0,0,5,0,0,28,113,5,26,111,3,34,121,6,5,0,0,29,127,4
5205,5,42,20.4,6.4467,0,126,69.6,20.7164,0,6,2.6,30.3251,42,111,4,25,125,3,5,0,0,5,0,0,5,0,0,28,110,5,26,108,4,34,126,6,5,0,0,29,116,4
5206,5,42,20.4,6.4467,0,124,69.6,20.6846,0,6,2.6,30.3251,42,109,4,25,120,3,5,0,0,5,0,0,5,0,0,28,108,5,26,119,4,34,124,6,5,0,0,29,116,4
5207,5,42,20.4,6.4467,0,123,70.4,20.7208,0,6,2.6,30.3251,42,110,4,25,120,3,5,0,0,5,0,0,5,0,0,28,112,5,26,121,4,34,118,6,5,0,0,29,123,4
5208,5,42,20.4,6.4467,0,127,70.7,20.774,0,5,2.7,30.2938,42,114,5,25,127,3,5,0,0,5,0,0,5,0,0,28,111,5,26,122,4,34,112,5,5,0,0,29,121,5
5209,5,42,20.4,6.4467,0,122,69.6,20.669,0,6,2.8,30.2631,42,109,6,25,122,3,5,0,0,5,0,0,5,0,0,28,116,5,26,116,4,34,112,5,5,0,0,29,121,5
5210,5,42,20.4,6.4467,0,126,71,20.7806,0,6,2.7,30.2941,42,109,6,25,117,3,5,0,0,5,0,0,5,0,0,28,124,5,26,113,4,34,121,4,5,0,0,29,126,5
5211,5,42,20.4,6.4467,0,129,69.5,20.6967,0,6,2.7,30.2941,42,107,6,25,116,3,5,0,0,5,0,0,5,0,0,28,129,5,26,115,4,34,113,4,5,0,0,29,115,5
5212,5,42,20.4,6.4467,0,122,69.8,20.6751,0,5,2.6,30.3248,42,109,5,25,114,3,5,0,0,5,0,0,5,0,0,28,122,5,26,120,4,34,117,4,5,0,0,29,116,5
5213,5,42,20.4,6.4467,0,123,70.2,20.7028,0,5,2.6,30.3248,42,116,5,25,108,3,5,0,0,5,0,0,5,0,0,28,120,5,26,118,4,34,117,4,5,0,0,29,123,5
5214,5,42,20.4,6.4467,0,123,69.7,20.7045,0,6,2.7,30.2941,42,123,5,25,107,3,5,0,0,5,0,0,5,0,0,28,118,6,26,122,4,34,109,4,5,0,0,29,118,5
5215,5,42,20.4,6.4467,0,127,69.7,20.7238,0,6,2.6,30.3251,42,127,5,25,113,3,5,0,0,5,0,0,5,0,0,28,110,6,26,122,4,34,108,4,5,0,0,29,117,4
5216,5,42,20.4,6.4467,0,126,70.3,20.7459,0,6,2.5,30.3564,42,126,5,25,113,3,5,0,0,5,0,0,5,0,0,28,115,6,26,122,4,34,109,3,5,0,0,29,118,4
5217,5,42,20.4,6.4467,0,128,69.7,20.7182,0,6,2.5,30.3564,42,128,5,25,114,3,5,0,0,5,0,0,5,0,0,28,118,6,26,115,4,34,109,3,5,0,0,29,113,4
5218,5,42,20.4,6.4467,0,130,70,20.756,0,6,2.5,30.3564,42,130,5,25,116,3,5,0,0,5,0,0,5,0,0,28,118,6,26,115,4,34,109,3,5,0,0,29,112,4
5219,5,42,20.4,6.4467,0,126,68.8,20.702,0,6,2.5,30.3564,42,126,5,25,116,3,5,0,0,5,0,0,5,0,0,28,120,6,26,106,4,34,116,3,5,0,0,29,104,4
5220,5,42,20.4,6.4467,0,125,68.4,20.7098,0,6,2.5,30.3564,42,125,5,25,121,3,5,0,0,5,0,0,5,0,0,28,114,6,26,117,4,34,108,3,5,0,0,29,99,4
5221,5,42,20.4,6.4467,0,120,69.2,20.6541,0,6,2.5,30.3564,42,119,5,25,120,3,5,0,0,5,0,0,5,0,0,28,115,6,26,113,4,34,107,3,5,0,0,29,118,4
5222,5,42,20.4,6.4467,0,124,70.3,20.7376,0,6,2.5,30.3564,42,120,5,25,118,3,5,0,0,5,0,0,5,0,0,28,118,6,26,117,4,34,106,3,5,0,0,29,124,4
5223,5,42,20.4,6.4467,0,123,69.4,20.6708,0,6,2.5,30.3564,42,116,5,25,118,3,5,0,0,5,0,0,5,0,0,28,112,6,26,119,4,34,106,3,5,0,0,29,123,4
5224,5,42,20.4,6.4467,0,128,68.5,20.6434,0,6,2.6,30.3251,42,105,5,25,109,3,5,0,0,5,0,0,5,0,0,28,119,6,26,117,4,34,107,4,5,0,0,29,128,4
5225,5,42,20.4,6.4467,0,126,70.2,20.7659,0,7,2.6,30.3261,42,102,5,25,111,3,5,0,0,5,0,0,5,0,0,28,123,7,26,125,3,34,115,4,5,0,0,29,126,4
5226,5,42,20.4,6.4467,0,121,68.7,20.6258,0,7,2.6,30.3261,42,103,5,25,110,3,5,0,0,5,0,0,5,0,0,28,120,7,26,121,3,34,115,4,5,0,0,29,118,4
5227,5,42,20.4,6.4467,0,127,70,20.7655,0,7,2.6,30.3261,42,105,5,25,108,3,5,0,0,5,0,0,5,0,0,28,127,7,26,127,3,34,120,4,5,0,0,29,113,4
5228,5,42,20.4,6.4467,0,123,70.4,20.7395,0,7,2.5,30.3571,42,110,4,25,117,3,5,0,0,5,0,0,5,0,0,28,123,7,26,123,3,34,120,4,5,0,0,29,111,4
5229,5,42,20.4,6.4467,0,122,70.4,20.7142,0,7,2.5,30.3571,42,116,4,25,118,3,5,0,0,5,0,0,5,0,0,28,117,7,26,122,3,34,118,4,5,0,0,29,113,4
5230,5,42,20.4,6.4467,0,122,70.9,20.7395,0,7,2.5,30.3571,42,117,4,25,117,3,5,0,0,5,0,0,5,0,0,28,117,7,26,118,3,34,122,4,5,0,0,29,118,4
5231,5,42,20.4,6.4467,0,125,72.4,20.8852,0,7,2.5,30.3571,42,125,4,25,120,3,5,0,0,5,0,0,5,0,0,28,122,7,26,114,3,34,123,4,5,0,0,29,120,4
5232,5,42,20.4,6.4467,0,121,70.8,20.7439,0,7,2.5,30.3571,42,121,4,25,119,3,5,0,0,5,0,0,5,0,0,28,119,7,26,113,3,34,118,4,5,0,0,29,118,4
5233,5,42,20.4,6.4467,0,133,72.4,20.9348,0,7,2.4,30.3887,42,133,4,25,121,3,5,0,0,5,0,0,5,0,0,28,120,7,26,112,2,34,119,4,5,0,0,29,119,4
5234,5,42,20.4,6.4467,0,131,72.4,20.9088,0,7,2.5,30.3577,42,131,5,25,116,3,5,0,0,5,0,0,5,0,0,28,118,7,26,121,2,34,121,4,5,0,0,29,117,4
5235,5,42,20.4,6.4467,0,135,71.3,20.8703,0,7,2.4,30.3889,42,135,5,25,110,3,5,0,0,5,0,0,5,0,0,28,118,7,26,119,2,34,114,4,5,0,0,29,117,3
5236,5,42,20.4,6.4467,0,126,70.5,20.7709,0,7,2.3,30.4198,42,124,4,25,107,3,5,0,0,5,0,0,5,0,0,28,114,7,26,126,2,34,112,4,5,0,0,29,122,3
5237,5,42,20.4,6.4467,0,128,70,20.7237,0,7,2.4,30.3889,42,120,5,25,110,3,5,0,0,5,0,0,5,0,0,28,114,7,26,128,2,34,111,4,5,0,0,29,117,3
5238,5,42,20.4,6.4467,0,129,70.3,20.7436,0,7,2.4,30.3889,42,115,5,25,112,3,5,0,0,5,0,0,5,0,0,28,120,7,26,129,2,34,115,4,5,0,0,29,112,3
5239,5,42,20.4,6.4467,0,123,69.6,20.6775,0,7,2.5,30.3577,42,117,5,25,117,3,5,0,0,5,0,0,5,0,0,28,114,7,26,123,2,34,116,4,5,0,0,29,109,4
5240,5,42,20.4,6.4467,0,122,71.4,20.7887,0,7,2.6,30.3271,42,122,6,25,120,3,5,0,0,5,0,0,5,0,0,28,118,7,26,115,2,34,120,4,5,0,0,29,119,4
5241,5,42,20.4,6.4467,0,122,70.7,20.7362,0,7,2.6,30.3271,42,120,6,25,117,3,5,0,0,5,0,0,5,0,0,28,120,7,26,114,2,34,114,4,5,0,0,29,122,4
5242,5,42,20.4,6.4467,0,121,71.3,20.7812,0,7,2.6,30.3271,42,121,6,25,121,3,5,0,0,5,0,0,5,0,0,28,118,7,26,117,2,34,115,4,5,0,0,29,121,4
5243,5,42,20.4,6.4467,0,122,70.8,20.7494,0,7,2.6,30.3271,42,122,6,25,114,3,5,0,0,5,0,0,5,0,0,28,121,7,26,120,2,34,114,4,5,0,0,29,117,4
5244,5,42,20.4,6.4467,0,127,70.7,20.7468,0,7,2.6,30.3271,42,116,6,25,118,3,5,0,0,5,0,0,5,0,0,28,117,7,26,118,2,34,111,4,5,0,0,29,127,4
5245,5,42,20.4,6.4467,0,123,70.7,20.735,0,7,2.7,30.2967,42,117,7,25,117,3,5,0,0,5,0,0,5,0,0,28,120,7,26,118,2,34,112,4,5,0,0,29,123,4
5246,5,42,20.4,6.4467,0,127,71.1,20.768,0,7,2.7,30.2967,42,117,7,25,117,3,5,0,0,5,0,0,5,0,0,28,117,7,26,119,2,34,114,4,5,0,0,29,127,4
5247,5,42,20.4,6.4467,0,125,69.8,20.6794,0,7,2.7,30.2967,42,113,7,25,119,3,5,0,0,5,0,0,5,0,0,28,113,7,26,111,2,34,117,4,5,0,0,29,125,4
5248,5,42,20.4,6.4467,0,118,68.1,20.56,0,7,2.7,30.2967,42,108,7,25,114,3,5,0,0,5,0,0,5,0,0,28,114,7,26,110,2,34,118,4,5,0,0,29,117,4
5249,5,42,20.4,6.4467,0,125,69.3,20.7014,0,7,2.7,30.2967,42,107,7,25,123,3,5,0,0,5,0,0,5,0,0,28,125,7,26,106,2,34,113,4,5,0,0,29,119,4
5250,5,42,20.4,6.4467,0,121,66.9,20.5467,0,8,2.9,30.2356,42,103,8,25,121,3,5,0,0,5,0,0,5,0,0,28,113,7,26,108,2,34,106,4,5,0,0,29,118,5
5251,5,42,20.4,6.4467,0,124,68.4,20.6328,0,8,2.9,30.2356,42,108,8,25,121,3,5,0,0,5,0,0,5,0,0,28,117,7,26,107,2,34,107,4,5,0,0,29,124,5
5252,5,42,20.4,6.4467,0,122,68.7,20.6387,0,7,2.8,30.2657,42,109,7,25,118,3,5,0,0,5,0,0,5,0,0,28,122,7,26,108,2,34,108,4,5,0,0,29,122,5
5253,5,42,20.4,6.4467,0,125,69.7,20.6805,0,7,2.7,30.2974,42,111,7,25,118,2,5,0,0,5,0,0,5,0,0,28,125,7,26,114,2,34,113,4,5,0,0,29,116,5
5254,5,42,20.4,6.4467,0,126,68.6,20.633,0,7,2.9,30.234,42,113,7,25,126,3,5,0,0,5,0,0,5,0,0,28,111,7,26,113,3,34,110,4,5,0,0,29,113,5
5255,5,42,20.4,6.4467,0,125,69.8,20.6909,0,7,2.9,30.234,42,113,7,25,125,3,5,0,0,5,0,0,5,0,0,28,117,7,26,113,3,34,112,4,5,0,0,29,118,5
5256,5,42,20.4,6.4467,0,129,71.1,20.7999,0,7,2.9,30.234,42,118,7,25,122,3,5,0,0,5,0,0,5,0,0,28,114,7,26,118,3,34,110,4,5,0,0,29,129,5
5257,5,42,20.4,6.4467,0,138,72.2,20.9428,0,7,2.9,30.234,42,122,7,25,121,3,5,0,0,5,0,0,5,0,0,28,114,7,26,116,3,34,111,4,5,0,0,29,138,5
5258,5,42,20.4,6.4467,0,128,71.5,20.8458,0,7,2.8,30.265,42,128,7,25,123,3,5,0,0,5,0,0,5,0,0,28,115,7,26,110,3,34,117,4,5,0,0,29,122,4
5259,5,42,20.4,6.4467,0,133,71,20.8444,0,7,2.8,30.265,42,117,7,25,133,3,5,0,0,5,0,0,5,0,0,28,108,7,26,118,3,34,112,4,5,0,0,29,122,4
5260,5,42,20.4,6.4467,0,122,70.8,20.7458,0,8,2.9,30.2349,42,119,8,25,120,3,5,0,0,5,0,0,5,0,0,28,114,7,26,122,3,34,114,4,5,0,0,29,119,4
5261,5,42,20.4,6.4467,0,123,70.3,20.7285,0,7,2.8,30.265,42,114,7,25,121,3,5,0,0,5,0,0,5,0,0,28,110,7,26,123,3,34,112,4,5,0,0,29,123,4
5262,5,42,20.4,6.4467,0,126,72.3,20.8744,0,7,2.8,30.265,42,118,7,25,126,3,5,0,0,5,0,0,5,0,0,28,117,7,26,124,3,34,117,4,5,0,0,29,121,4
5263,5,42,20.4,6.4467,0,127,70.6,20.8082,0,7,2.7,30.2967,42,113,7,25,112,3,5,0,0,5,0,0,5,0,0,28,126,7,26,124,2,34,104,4,5,0,0,29,127,4
5264,5,42,20.5,6.48305,0,122,68.4,20.6055,0,8,2.8,30.2667,42,115,7,25,109,3,5,0,0,5,0,0,5,0,0,29,122,8,26,112,2,34,107,4,5,0,0,29,119,4
5265,5,42,20.5,6.48305,0,123,69.2,20.6498,0,8,2.8,30.2667,42,110,7,25,107,3,5,0,0,5,0,0,5,0,0,29,123,8,26,120,2,34,114,4,5,0,0,29,118,4
5266,5,42,20.5,6.48305,0,126,71.9,20.8671,0,8,2.9,30.2356,42,110,7,25,125,3,5,0,0,5,0,0,5,0,0,29,126,8,26,124,2,34,115,5,5,0,0,29,119,4
5267,5,42,20.5,6.48305,0,125,71.4,20.7945,0,8,2.9,30.2356,42,120,7,25,117,3,5,0,0,5,0,0,5,0,0,29,125,8,26,117,2,34,115,5,5,0,0,29,120,4
5268,5,42,20.5,6.48305,0,121,71.4,20.7812,0,8,2.8,30.266,42,121,6,25,117,3,5,0,0,5,0,0,5,0,0,29,118,8,26,117,2,34,121,5,5,0,0,29,120,4
5269,5,42,20.5,6.48305,0,124,70.5,20.7186,0,8,2.8,30.266,42,117,6,25,119,3,5,0,0,5,0,0,5,0,0,29,114,8,26,114,2,34,117,5,5,0,0,29,124,4
5270,5,42,20.5,6.48305,0,120,69.1,20.6245,0,9,2.9,30.2362,42,115,6,25,120,3,5,0,0,5,0,0,5,0,0,29,112,9,26,112,2,34,116,5,5,0,0,29,116,4
5271,5,42,20.5,6.48305,0,127,70.5,20.7481,0,10,3,30.2068,42,116,6,25,127,3,5,0,0,5,0,0,5,0,0,29,113,10,26,116,2,34,119,5,5,0,0,29,114,4
5272,5,42,20.5,6.48305,0,128,70.3,20.7448,0,10,3,30.2068,42,113,6,25,128,3,5,0,0,5,0,0,5,0,0,29,114,10,26,111,2,34,115,5,5,0,0,29,122,4
5273,5,42,20.5,6.48305,0,128,71.1,20.821,0,11,3,30.2085,42,124,5,25,128,3,5,0,0,5,0,0,5,0,0,29,109,11,26,116,2,34,116,5,5,0,0,29,118,4
5274,5,42,20.5,6.48305,0,117,69,20.6106,0,11,3,30.2085,42,114,5,25,117,3,5,0,0,5,0,0,5,0,0,29,111,11,26,117,2,34,116,5,5,0,0,29,115,4
5275,5,42,20.5,6.48305,0,118,67,20.5203,0,11,3,30.2088,42,118,4,25,111,3,5,0,0,5,0,0,5,0,0,29,108,11,26,114,2,34,110,6,5,0,0,29,109,4
5276,5,42,20.5,6.48305,0,117,66.3,20.5123,0,11,3.1,30.1773,42,117,4,25,105,4,5,0,0,5,0,0,5,0,0,29,104,11,26,115,2,34,116,6,5,0,0,29,106,4
5277,5,42,20.5,6.48305,0,121,66.6,20.5698,0,11,3.2,30.1462,42,121,5,25,108,4,5,0,0,5,0,0,5,0,0,29,108,11,26,112,2,34,118,6,5,0,0,29,99,4
5278,5,42,20.5,6.48305,0,120,66.8,20.5615,0,11,3.2,30.1462,42,118,5,25,113,4,5,0,0,5,0,0,5,0,0,29,103,11,26,111,2,34,120,6,5,0,0,29,103,4
5279,5,42,20.5,6.48305,0,127,69.9,20.7355,0,11,3.2,30.1462,42,121,5,25,118,4,5,0,0,5,0,0,5,0,0,29,107,11,26,116,2,34,127,6,5,0,0,29,110,4
5280,5,42,20.5,6.48305,0,124,69.2,20.6914,0,12,3.1,30.18,42,122,4,25,116,3,5,0,0,5,0,0,5,0,0,29,107,12,26,116,2,34,124,6,5,0,0,29,107,4
5281,5,42,20.5,6.48305,0,127,69.2,20.7477,0,12,3,30.2108,42,126,4,25,116,3,5,0,0,5,0,0,5,0,0,29,110,12,26,110,2,34,127,5,5,0,0,29,103,4
5282,5,42,20.5,6.48305,0,131,70.5,20.8104,0,11,2.9,30.2396,42,131,4,25,112,3,5,0,0,5,0,0,5,0,0,29,110,11,26,114,2,34,126,5,5,0,0,29,112,4
5283,5,42,20.5,6.48305,0,128,69.8,20.7179,0,10,2.8,30.2686,42,128,4,25,110,3,5,0,0,5,0,0,5,0,0,29,117,10,26,112,2,34,118,5,5,0,0,29,113,4
5284,5,42,20.5,6.48305,0,130,70.2,20.7544,0,9,2.6,30.329,42,130,4,25,109,3,5,0,0,5,0,0,5,0,0,29,112,9,26,116,2,34,115,4,5,0,0,29,120,4
5285,5,42,20.5,6.48305,0,123,70.5,20.7461,0,9,2.6,30.329,42,123,4,25,116,3,5,0,0,5,0,0,5,0,0,29,113,9,26,123,2,34,110,4,5,0,0,29,120,4
5286,5,42,20.5,6.48305,0,123,69.9,20.6914,0,9,2.7,30.298,42,120,4,25,113,3,5,0,0,5,0,0,5,0,0,29,113,9,26,123,2,34,111,5,5,0,0,29,119,4
5287,5,42,20.5,6.48305,0,126,68.5,20.6277,0,8,2.6,30.3277,42,111,4,25,109,3,5,0,0,5,0,0,5,0,0,29,107,8,26,126,2,34,111,5,5,0,0,29,121,4
5288,5,42,20.5,6.48305,0,131,67.7,20.6512,0,8,2.6,30.3277,42,103,4,25,106,3,5,0,0,5,0,0,5,0,0,29,104,8,26,131,2,34,119,5,5,0,0,29,114,4
5289,5,42,20.5,6.48305,0,132,69.4,20.7278,0,8,2.8,30.266,42,103,5,25,116,3,5,0,0,5,0,0,5,0,0,29,111,8,26,132,2,34,118,6,5,0,0,29,114,4
5290,5,42,20.5,6.48305,0,128,69.6,20.6998,0,7,2.7,30.296,42,106,5,25,113,3,5,0,0,5,0,0,5,0,0,29,114,7,26,128,2,34,121,6,5,0,0,29,114,4
5291,5,42,20.5,6.48305,0,131,70.7,20.8031,0,7,2.7,30.296,42,112,5,25,115,3,5,0,0,5,0,0,5,0,0,29,111,7,26,131,2,34,126,6,5,0,0,29,112,4
5292,5,42,20.5,6.48305,0,126,70,20.7284,0,7,2.6,30.3267,42,106,5,25,118,3,5,0,0,5,0,0,5,0,0,29,115,7,26,126,2,34,123,5,5,0,0,29,112,4
5293,5,42,20.5,6.48305,0,126,69.5,20.7131,0,7,2.6,30.3267,42,106,5,25,115,3,5,0,0,5,0,0,5,0,0,29,112,7,26,126,2,34,126,5,5,0,0,29,110,4
5294,5,42,20.5,6.48305,0,122,71.1,20.7669,0,7,2.8,30.2653,42,116,6,25,119,3,5,0,0,5,0,0,5,0,0,29,120,6,26,122,2,34,120,7,5,0,0,29,114,4
5295,5,42,20.5,6.48305,0,128,69.7,20.7059,0,8,3,30.2038,42,117,8,25,117,3,5,0,0,5,0,0,5,0,0,29,109,5,26,128,3,34,113,7,5,0,0,29,113,4
5296,5,42,20.5,6.48305,0,124,69.9,20.7032,0,8,3,30.2038,42,118,8,25,120,3,5,0,0,5,0,0,5,0,0,29,110,5,26,124,3,34,112,7,5,0,0,29,115,4
5297,5,42,20.5,6.48305,0,126,70.9,20.8118,0,8,3,30.2038,42,125,8,25,120,3,5,0,0,5,0,0,5,0,0,29,116,5,26,126,3,34,113,7,5,0,0,29,109,4
5298,5,42,20.5,6.48305,0,135,70.3,20.8591,0,8,3,30.2038,42,135,8,25,118,3,5,0,0,5,0,0,5,0,0,29,118,5,26,118,3,34,110,7,5,0,0,29,104,4
5299,5,42,20.6,6.52074,0,127,71.9,20.9211,0,6,2.8,30.2637,42,126,6,25,127,3,5,0,0,5,0,0,5,0,0,29,126,5,26,119,3,34,112,6,5,0,0,30,109,5
5300,5,42,20.6,6.52074,0,130,70.6,20.8664,0,6,2.9,30.2331,42,125,6,25,130,3,5,0,0,5,0,0,5,0,0,29,120,5,26,119,3,34,105,6,5,0,0,30,107,6
5301,5,42,20.6,6.52074,0,124,69.6,20.7294,0,6,2.9,30.2331,42,124,6,25,124,3,5,0,0,5,0,0,5,0,0,29,117,5,26,113,3,34,111,6,5,0,0,30,107,6
5302,5,42,20.6,6.52074,0,127,69.9,20.7499,0,6,2.8,30.2637,42,124,6,25,127,3,5,0,0,5,0,0,5,0,0,29,112,5,26,110,3,34,115,6,5,0,0,30,111,5
5303,5,42,20.6,6.52074,0,133,70.9,20.8964,0,7,2.9,30.2333,42,133,7,25,128,3,5,0,0,5,0,0,5,0,0,29,115,5,26,108,3,34,116,6,5,0,0,30,109,5
5304,5,42,20.6,6.52074,0,133,72.6,20.968,0,7,2.9,30.2333,42,133,7,25,127,3,5,0,0,5,0,0,5,0,0,29,113,5,26,118,3,34,117,6,5,0,0,30,118,5
5305,5,42,20.6,6.52074,0,126,71.5,20.8226,0,7,2.8,30.2641,42,126,7,25,121,3,5,0,0,5,0,0,5,0,0,29,114,5,26,120,3,34,113,5,5,0,0,30,121,5
5306,5,42,20.6,6.52074,0,127,71.2,20.8079,0,6,2.7,30.2945,42,127,6,25,120,3,5,0,0,5,0,0,5,0,0,29,117,5,26,110,3,34,117,5,5,0,0,30,121,5
5307,5,42,20.6,6.52074,0,130,71.1,20.8577,0,6,2.6,30.3255,42,130,6,25,117,3,5,0,0,5,0,0,5,0,0,29,122,5,26,110,3,34,107,4,5,0,0,30,125,5
5308,5,42,20.6,6.52074,0,127,70.3,20.75,0,6,2.7,30.2945,42,127,6,25,116,3,5,0,0,5,0,0,5,0,0,29,116,5,26,113,3,34,109,5,5,0,0,30,122,5
5309,5,42,20.6,6.52074,0,128,71.9,20.8577,0,5,2.6,30.3251,42,124,5,25,117,3,5,0,0,5,0,0,5,0,0,29,120,5,26,119,3,34,111,5,5,0,0,30,128,5
5310,5,42,20.6,6.52074,0,127,72.3,20.8942,0,5,2.5,30.3561,42,112,5,25,119,3,5,0,0,5,0,0,5,0,0,29,127,5,26,126,3,34,114,4,5,0,0,30,125,5
5311,5,42,20.6,6.52074,0,130,71.5,20.8397,0,5,2.6,30.3251,42,115,5,25,117,3,5,0,0,5,0,0,5,0,0,29,130,5,26,120,3,34,110,5,5,0,0,30,123,5
5312,5,42,20.6,6.52074,0,127,70.8,20.7822,0,6,2.7,30.2945,42,118,5,25,121,3,5,0,0,5,0,0,5,0,0,29,127,6,26,115,3,34,109,5,5,0,0,30,118,5
5313,5,42,20.6,6.52074,0,127,70.5,20.801,0,6,2.7,30.2945,42,122,5,25,127,3,5,0,0,5,0,0,5,0,0,29,120,6,26,111,3,34,105,5,5,0,0,30,120,5
5314,5,42,20.6,6.52074,0,136,70.4,20.8774,0,6,2.5,30.3565,42,124,4,25,136,3,5,0,0,5,0,0,5,0,0,29,113,6,26,110,3,34,105,4,5,0,0,30,116,5
5315,5,42,20.6,6.52074,0,129,68.9,20.6912,0,6,2.5,30.3565,42,114,4,25,129,3,5,0,0,5,0,0,5,0,0,29,114,6,26,106,3,34,108,4,5,0,0,30,118,5
5316,5,42,20.6,6.52074,0,127,69.8,20.7435,0,6,2.5,30.3565,42,121,4,25,123,3,5,0,0,5,0,0,5,0,0,29,109,6,26,111,3,34,107,4,5,0,0,30,127,5
5317,5,42,20.6,6.52074,0,123,70,20.6929,0,5,2.4,30.3871,42,117,4,25,120,3,5,0,0,5,0,0,5,0,0,29,110,5,26,116,3,34,114,4,5,0,0,30,123,5
5318,5,42,20.6,6.52074,0,124,68.4,20.6074,0,5,2.5,30.3561,42,118,4,25,106,3,5,0,0,5,0,0,5,0,0,29,108,5,26,115,3,34,113,5,5,0,0,30,124,5
5319,5,42,20.7,6.5582,0,123,67.8,20.5632,0,7,2.5,30.3571,42,114,4,25,104,3,5,0,0,5,0,0,5,0,0,30,111,7,26,112,3,34,114,4,5,0,0,30,123,4
5320,5,42,20.7,6.5582,0,127,70.8,20.7452,0,7,2.5,30.3571,42,114,4,25,117,3,5,0,0,5,0,0,5,0,0,30,119,7,26,116,3,34,115,4,5,0,0,30,127,4
5321,5,42,20.7,6.5582,0,122,70.7,20.7329,0,7,2.6,30.3261,42,113,5,25,119,3,5,0,0,5,0,0,5,0,0,30,113,7,26,122,3,34,119,4,5,0,0,30,121,4
5322,5,42,20.7,6.5582,0,126,72.7,20.8956,0,7,2.6,30.3267,42,119,5,25,119,3,5,0,0,5,0,0,5,0,0,30,118,7,26,126,2,34,123,5,5,0,0,30,122,4
5323,5,42,20.7,6.5582,0,131,72.2,20.8788,0,7,2.6,30.3267,42,116,5,25,118,3,5,0,0,5,0,0,5,0,0,30,119,7,26,122,2,34,131,5,5,0,0,30,116,4
5324,5,42,20.7,6.5582,0,129,72,20.864,0,7,2.6,30.3267,42,114,5,25,117,3,5,0,0,5,0,0,5,0,0,30,118,7,26,126,2,34,129,5,5,0,0,30,116,4
5325,5,42,20.7,6.5582,0,126,72.8,20.9161,0,6,2.7,30.2948,42,118,5,25,120,4,5,0,0,5,0,0,5,0,0,30,121,6,26,126,2,34,126,5,5,0,0,30,117,5
5326,5,42,20.7,6.5582,0,123,70.6,20.739,0,6,2.9,30.2334,42,123,5,25,118,4,5,0,0,5,0,0,5,0,0,30,114,6,26,120,2,34,117,6,5,0,0,30,114,6
5327,5,42,20.7,6.5582,0,126,71.4,20.8734,0,7,2.9,30.2337,42,126,5,25,120,4,5,0,0,5,0,0,5,0,0,30,125,7,26,123,2,34,114,6,5,0,0,30,106,5
5328,5,42,20.7,6.5582,0,124,70.8,20.7943,0,7,2.9,30.2337,42,122,5,25,124,4,5,0,0,5,0,0,5,0,0,30,120,7,26,120,2,34,114,6,5,0,0,30,108,5
5329,5,42,20.7,6.5582,0,123,70.1,20.7231,0,7,2.9,30.2337,42,114,5,25,123,4,5,0,0,5,0,0,5,0,0,30,118,7,26,120,2,34,118,6,5,0,0,30,108,5
5330,5,42,20.7,6.5582,0,121,69.2,20.658,0,8,3,30.2036,42,117,5,25,121,4,5,0,0,5,0,0,5,0,0,30,119,8,26,111,2,34,115,6,5,0,0,30,109,5
5331,5,42,20.7,6.5582,0,123,69.9,20.7202,0,8,2.9,30.2343,42,123,5,25,118,4,5,0,0,5,0,0,5,0,0,30,121,8,26,108,2,34,118,5,5,0,0,30,111,5
5332,5,42,20.7,6.5582,0,119,68.3,20.5932,0,7,2.8,30.2644,42,117,5,25,116,4,5,0,0,5,0,0,5,0,0,30,119,7,26,110,2,34,109,5,5,0,0,30,112,5
5333,5,42,20.7,6.5582,0,122,68,20.5946,0,7,2.8,30.2644,42,122,5,25,113,4,5,0,0,5,0,0,5,0,0,30,115,7,26,111,2,34,105,5,5,0,0,30,114,5
5334,5,42,20.7,6.5582,0,126,68.5,20.653,0,6,2.7,30.2948,42,119,5,25,110,4,5,0,0,5,0,0,5,0,0,30,126,6,26,113,2,34,104,5,5,0,0,30,113,5
5335,5,42,20.7,6.5582,0,123,69.9,20.7049,0,6,2.8,30.2641,42,122,5,25,110,4,5,0,0,5,0,0,5,0,0,30,115,6,26,120,2,34,109,6,5,0,0,30,123,5
5336,5,42,20.8,6.59697,0,124,68.5,20.6174,0,13,3.6,30.0262,42,116,5,25,106,5,5,0,0,5,0,0,5,0,0,31,117,13,26,115,2,34,107,6,5,0,0,30,124,5
5337,5,42,20.8,6.59697,0,123,69.5,20.6594,0,13,3.4,30.0884,42,111,5,25,110,4,5,0,0,5,0,0,5,0,0,31,123,13,26,118,2,34,113,5,5,0,0,30,120,5
5338,5,42,20.8,6.59697,0,125,70,20.6983,0,13,3.4,30.0884,42,111,5,25,117,4,5,0,0,5,0,0,5,0,0,31,125,13,26,118,2,34,114,5,5,0,0,30,115,5
5339,5,42,20.8,6.59697,0,121,70,20.6968,0,13,3.4,30.0884,42,117,5,25,121,4,5,0,0,5,0,0,5,0,0,31,121,13,26,114,2,34,113,5,5,0,0,30,114,5
5340,5,42,20.8,6.59697,0,126,71.5,20.8377,0,12,3.4,30.0858,42,107,5,25,125,5,5,0,0,5,0,0,5,0,0,31,126,12,26,120,2,34,119,5,5,0,0,30,118,5
5341,5,42,20.8,6.59697,0,120,70.4,20.7175,0,13,3.5,30.0572,42,111,5,25,120,5,5,0,0,5,0,0,5,0,0,31,119,13,26,120,2,34,120,5,5,0,0,30,114,5
5342,5,42,20.8,6.59697,0,127,71.6,20.8416,0,12,3.5,30.0549,42,113,5,25,127,5,5,0,0,5,0,0,5,0,0,31,116,12,26,118,2,34,127,5,5,0,0,30,115,6
5343,5,42,20.8,6.59697,0,129,71.2,20.837,0,11,3.2,30.1458,42,118,5,25,129,5,5,0,0,5,0,0,5,0,0,31,115,11,26,111,2,34,126,5,5,0,0,30,113,4
5344,5,42,20.8,6.59697,0,128,72.4,20.9093,0,10,2.9,30.2372,42,121,5,25,127,4,5,0,0,5,0,0,5,0,0,31,115,10,26,114,2,34,128,4,5,0,0,30,119,4
5345,5,43,20.9,6.65357,0,120,69.8,20.67,0,10,2.9,30.2372,43,118,5,25,115,4,5,0,0,5,0,0,5,0,0,31,118,10,26,114,2,34,120,4,5,0,0,30,113,4
5346,5,43,20.9,6.65357,0,123,70.9,20.7722,0,8,2.7,30.2964,43,123,5,25,122,4,5,0,0,5,0,0,5,0,0,31,114,8,26,120,2,34,117,4,5,0,0,30,113,4
5347,5,43,20.9,6.65357,0,133,69.9,20.7445,0,8,2.8,30.2657,43,113,6,25,114,4,5,0,0,5,0,0,5,0,0,31,113,8,26,133,2,34,115,4,5,0,0,30,111,4
5348,5,43,20.9,6.65357,0,128,70.3,20.7298,0,8,2.8,30.2657,43,115,6,25,111,4,5,0,0,5,0,0,5,0,0,31,116,8,26,128,2,34,119,4,5,0,0,30,114,4
5349,5,43,20.9,6.65357,0,126,71.2,20.7776,0,9,2.9,30.2359,43,116,6,25,116,4,5,0,0,5,0,0,5,0,0,31,118,9,26,126,2,34,120,4,5,0,0,30,116,4
5350,5,43,20.9,6.65357,0,127,71.2,20.7871,0,8,2.8,30.2657,43,116,6,25,118,4,5,0,0,5,0,0,5,0,0,31,116,8,26,127,2,34,113,4,5,0,0,30,122,4
5351,5,43,20.9,6.65357,0,126,70.7,20.7517,0,8,2.8,30.2657,43,115,6,25,121,4,5,0,0,5,0,0,5,0,0,31,113,8,26,126,2,34,116,4,5,0,0,30,116,4
5352,5,43,20.9,6.65357,0,123,71,20.7589,0,8,2.8,30.2657,43,123,6,25,114,4,5,0,0,5,0,0,5,0,0,31,118,8,26,120,2,34,117,4,5,0,0,30,118,4
5353,5,43,20.9,6.65357,0,128,72.6,20.9143,0,7,2.7,30.2955,43,128,5,25,121,4,5,0,0,5,0,0,5,0,0,31,115,7,26,124,2,34,119,4,5,0,0,30,119,5
5354,5,43,20.9,6.65357,0,127,72.4,20.8901,0,7,2.6,30.3268,43,127,5,25,118,3,5,0,0,5,0,0,5,0,0,31,116,7,26,124,2,34,121,4,5,0,0,30,118,5
5355,5,43,20.9,6.65357,0,126,71.8,20.8477,0,8,2.8,30.2657,43,126,5,25,115,3,5,0,0,5,0,0,5,0,0,31,116,8,26,125,2,34,121,5,5,0,0,30,115,5
5356,5,43,20.9,6.65357,0,126,71.1,20.8005,0,8,2.8,30.2657,43,126,5,25,115,3,5,0,0,5,0,0,5,0,0,31,112,8,26,125,2,34,118,5,5,0,0,30,115,5
5357,5,43,20.9,6.65357,0,122,71.1,20.763,0,8,2.9,30.235,43,122,6,25,115,3,5,0,0,5,0,0,5,0,0,31,117,8,26,121,2,34,118,5,5,0,0,30,118,5
5358,5,43,20.9,6.65357,0,126,72.3,20.874,0,8,3,30.2043,43,119,6,25,116,3,5,0,0,5,0,0,5,0,0,31,124,8,26,122,2,34,126,5,5,0,0,30,116,6
5359,5,43,20.9,6.65357,0,123,70.6,20.7224,0,8,2.9,30.235,43,114,6,25,115,3,5,0,0,5,0,0,5,0,0,31,117,8,26,123,2,34,120,5,5,0,0,30,117,5
5360,5,43,20.9,6.65357,0,123,68.3,20.5944,0,8,3.1,30.1744,43,113,8,25,115,3,5,0,0,5,0,0,5,0,0,31,108,8,26,123,2,34,111,5,5,0,0,30,113,5
5361,5,43,20.9,6.65357,0,124,66.5,20.5422,0,9,3.1,30.1764,43,108,9,25,113,2,5,0,0,5,0,0,5,0,0,31,106,8,26,124,2,34,102,5,5,0,0,30,112,5
5362,5,43,20.9,6.65357,0,115,67.1,20.5199,0,10,3.2,30.1469,43,115,10,25,113,2,5,0,0,5,0,0,5,0,0,31,109,8,26,115,2,34,106,5,5,0,0,30,113,5
5363,5,43,20.9,6.65357,0,118,68,20.5642,0,9,3.1,30.1757,43,116,9,25,115,3,5,0,0,5,0,0,5,0,0,31,113,8,26,108,2,34,110,4,5,0,0,30,118,5
5364,5,43,20.9,6.65357,0,120,67.6,20.548,0,9,3.3,30.1134,43,120,9,25,108,4,5,0,0,5,0,0,5,0,0,31,112,8,26,111,2,34,113,4,5,0,0,30,112,6
5365,5,43,20.9,6.65357,0,120,68.6,20.6285,0,8,3.1,30.1741,43,120,8,25,114,4,5,0,0,5,0,0,5,0,0,31,103,8,26,115,2,34,120,4,5,0,0,30,114,5
5366,5,43,20.9,6.65357,0,120,69,20.627,0,8,2.9,30.2356,43,113,7,25,117,4,5,0,0,5,0,0,5,0,0,31,106,8,26,118,2,34,116,3,5,0,0,30,120,5
5367,5,43,20.9,6.65357,0,130,71.9,20.8466,0,7,2.8,30.2657,43,118,7,25,116,4,5,0,0,5,0,0,5,0,0,31,114,7,26,119,2,34,130,3,5,0,0,30,122,5
5368,5,43,20.9,6.65357,0,128,72.5,20.8883,0,8,2.9,30.2356,43,121,7,25,120,4,5,0,0,5,0,0,5,0,0,31,119,8,26,119,2,34,128,3,5,0,0,30,118,5
5369,5,43,20.9,6.65357,0,123,71.9,20.8441,0,7,2.7,30.2961,43,120,7,25,121,4,5,0,0,5,0,0,5,0,0,31,110,6,26,122,2,34,123,3,5,0,0,30,123,5
5370,5,43,20.9,6.65357,0,127,71.5,20.8075,0,7,2.7,30.2971,43,118,7,25,111,3,5,0,0,5,0,0,5,0,0,31,120,7,26,120,2,34,127,3,5,0,0,30,119,5
5371,5,43,20.9,6.65357,0,132,74.7,21.1109,0,7,2.6,30.3275,43,122,7,25,119,3,5,0,0,5,0,0,5,0,0,31,123,6,26,132,2,34,129,3,5,0,0,30,122,5
5372,5,43,20.9,6.65357,0,130,74,21.0459,0,7,2.6,30.3275,43,115,7,25,126,3,5,0,0,5,0,0,5,0,0,31,122,6,26,127,2,34,130,3,5,0,0,30,120,5
5373,5,43,20.9,6.65357,0,129,72.3,20.887,0,8,2.7,30.2974,43,110,8,25,122,3,5,0,0,5,0,0,5,0,0,31,118,6,26,121,2,34,129,3,5,0,0,30,123,5
5374,5,43,20.9,6.65357,0,132,72.5,20.9589,0,8,2.7,30.2974,43,105,8,25,127,3,5,0,0,5,0,0,5,0,0,31,119,6,26,118,2,34,132,3,5,0,0,30,124,5
5375,5,43,20.9,6.65357,0,121,70,20.6896,0,8,2.7,30.2974,43,111,8,25,121,3,5,0,0,5,0,0,5,0,0,31,121,6,26,114,2,34,116,3,5,0,0,30,117,5
5376,5,43,20.9,6.65357,0,121,70.2,20.7077,0,8,2.7,30.2974,43,113,8,25,121,3,5,0,0,5,0,0,5,0,0,31,121,6,26,117,2,34,111,3,5,0,0,30,119,5
5377,5,43,20.9,6.65357,0,119,69.2,20.6245,0,8,2.7,30.2974,43,114,8,25,115,3,5,0,0,5,0,0,5,0,0,31,118,6,26,115,2,34,111,3,5,0,0,30,119,5
5378,5,43,20.9,6.65357,0,123,71.6,20.8002,0,8,2.7,30.2974,43,113,8,25,117,3,5,0,0,5,0,0,5,0,0,31,120,6,26,122,2,34,123,3,5,0,0,30,121,5
5379,5,43,20.9,6.65357,0,130,72.5,20.9315,0,8,2.7,30.2974,43,109,8,25,117,3,5,0,0,5,0,0,5,0,0,31,115,6,26,124,2,34,130,3,5,0,0,30,130,5
5380,5,43,20.9,6.65357,0,132,70.7,20.7764,0,8,2.8,30.2661,43,110,8,25,112,4,5,0,0,5,0,0,5,0,0,31,112,6,26,120,2,34,121,3,5,0,0,30,132,5
5381,5,43,20.9,6.65357,0,129,70.7,20.7437,0,8,2.8,30.2661,43,114,8,25,113,4,5,0,0,5,0,0,5,0,0,31,117,6,26,117,2,34,117,3,5,0,0,30,129,5
5382,5,43,20.9,6.65357,0,127,71.1,20.7646,0,8,2.9,30.235,43,117,8,25,115,5,5,0,0,5,0,0,5,0,0,31,117,6,26,119,2,34,116,3,5,0,0,30,127,5
5383,5,43,20.9,6.65357,0,122,69.6,20.6565,0,8,2.9,30.235,43,112,8,25,116,5,5,0,0,5,0,0,5,0,0,31,116,6,26,122,2,34,112,3,5,0,0,30,118,5
5384,5,43,20.9,6.65357,0,130,70.9,20.7907,0,8,3,30.2036,43,107,8,25,118,5,5,0,0,5,0,0,5,0,0,31,116,6,26,130,2,34,117,4,5,0,0,30,121,5
5385,5,43,20.9,6.65357,0,130,72.3,20.8826,0,8,3,30.2036,43,114,8,25,120,5,5,0,0,5,0,0,5,0,0,31,119,6,26,130,2,34,117,4,5,0,0,30,123,5
5386,5,43,20.9,6.65357,0,124,72.6,20.89,0,8,2.9,30.2347,43,113,8,25,121,4,5,0,0,5,0,0,5,0,0,31,122,6,26,122,2,34,124,4,5,0,0,30,124,5
5387,5,43,20.9,6.65357,0,129,72.4,20.8861,0,8,3,30.2039,43,116,8,25,122,4,5,0,0,5,0,0,5,0,0,31,121,6,26,116,2,34,129,4,5,0,0,30,120,6
5388,5,43,20.9,6.65357,0,128,71.4,20.8261,0,8,3,30.2039,43,114,8,25,125,4,5,0,0,5,0,0,5,0,0,31,116,6,26,118,2,34,128,4,5,0,0,30,113,6
5389,5,43,20.9,6.65357,0,129,72.5,20.9223,0,8,3,30.2039,43,111,8,25,129,4,5,0,0,5,0,0,5,0,0,31,118,6,26,122,2,34,127,4,5,0,0,30,118,6
5390,5,43,20.9,6.65357,0,126,72.5,20.9066,0,8,3,30.2039,43,112,8,25,126,4,5,0,0,5,0,0,5,0,0,31,125,6,26,115,2,34,123,4,5,0,0,30,124,6
5391,5,43,20.9,6.65357,0,129,73.8,21.0325,0,8,3,30.2039,43,116,8,25,128,4,5,0,0,5,0,0,5,0,0,31,129,6,26,116,2,34,125,4,5,0,0,30,124,6
5392,5,43,20.9,6.65357,0,124,71.4,20.7829,0,7,3,30.2036,43,118,7,25,117,4,5,0,0,5,0,0,5,0,0,31,116,7,26,122,2,34,117,4,5,0,0,30,124,6
5393,5,43,20.9,6.65357,0,131,72.9,20.93,0,7,2.9,30.2341,43,120,7,25,115,4,5,0,0,5,0,0,5,0,0,31,120,6,26,118,2,34,125,4,5,0,0,30,131,6
5394,5,43,20.9,6.65357,0,130,72.3,20.8749,0,7,2.9,30.2341,43,117,7,25,113,4,5,0,0,5,0,0,5,0,0,31,121,6,26,119,2,34,123,4,5,0,0,30,130,6
5395,5,43,20.9,6.65357,0,137,72,20.8954,0,7,2.9,30.2341,43,118,7,25,111,4,5,0,0,5,0,0,5,0,0,31,116,6,26,118,2,34,120,4,5,0,0,30,137,6
5396,5,43,20.9,6.65357,0,136,71.5,20.915,0,7,2.9,30.2341,43,122,7,25,102,4,5,0,0,5,0,0,5,0,0,31,111,6,26,122,2,34,122,4,5,0,0,30,136,6
5397,5,43,20.9,6.65357,0,135,71.3,20.9135,0,7,2.9,30.2341,43,127,7,25,100,4,5,0,0,5,0,0,5,0,0,31,118,6,26,117,2,34,116,4,5,0,0,30,135,6
5398,5,43,20.9,6.65357,0,127,69.8,20.7172,0,8,3,30.2039,43,117,8,25,109,4,5,0,0,5,0,0,5,0,0,31,122,6,26,106,2,34,117,4,5,0,0,30,127,6
5399,5,43,20.9,6.65357,0,125,69.3,20.6658,0,8,3,30.2039,43,112,8,25,113,4,5,0,0,5,0,0,5,0,0,31,125,6,26,107,2,34,119,4,5,0,0,30,117,6
5400,5,43,20.9,6.65357,0,121,67.9,20.5916,0,8,3,30.2039,43,111,8,25,118,4,5,0,0,5,0,0,5,0,0,31,121,6,26,105,2,34,115,4,5,0,0,30,109,6
5401,5,43,20.9,6.65357,0,119,67.6,20.5895,0,8,3,30.2039,43,114,8,25,119,4,5,0,0,5,0,0,5,0,0,31,119,6,26,104,2,34,114,4,5,0,0,30,106,6
5402,5,43,20.9,6.65357,0,129,68.5,20.7408,0,8,3.1,30.1735,43,114,8,25,125,4,5,0,0,5,0,0,5,0,0,31,129,6,26,102,2,34,110,4,5,0,0,30,105,7
5403,5,43,20.9,6.65357,0,129,67.1,20.6401,0,8,3.1,30.1735,43,113,8,25,129,4,5,0,0,5,0,0,5,0,0,31,114,6,26,103,2,34,109,4,5,0,0,30,103,7
5404,5,43,20.9,6.65357,0,128,68.7,20.694,0,8,3.1,30.1735,43,118,8,25,128,4,5,0,0,5,0,0,5,0,0,31,117,6,26,104,2,34,109,4,5,0,0,30,111,7
5405,5,43,20.9,6.65357,0,125,69.5,20.7356,0,8,3.1,30.1735,43,123,8,25,125,4,5,0,0,5,0,0,5,0,0,31,119,6,26,107,2,34,106,4,5,0,0,30,115,7
5406,5,43,20.9,6.65357,0,135,71,20.9055,0,8,3.1,30.1735,43,124,8,25,135,4,5,0,0,5,0,0,5,0,0,31,118,6,26,110,2,34,105,4,5,0,0,30,118,7
5407,5,43,20.9,6.65357,0,132,70.6,20.8227,0,9,3.4,30.0819,43,122,9,25,132,4,5,0,0,5,0,0,5,0,0,31,116,7,26,109,2,34,110,5,5,0,0,30,117,7
5408,5,43,20.9,6.65357,0,127,70.7,20.8012,0,9,3.4,30.0819,43,122,9,25,127,4,5,0,0,5,0,0,5,0,0,31,113,7,26,119,2,34,106,5,5,0,0,30,120,7
5409,5,43,20.9,6.65357,0,129,71.9,20.8897,0,9,3.3,30.1125,43,118,9,25,127,4,5,0,0,5,0,0,5,0,0,31,114,6,26,129,2,34,110,5,5,0,0,30,121,7
5410,5,43,20.9,6.65357,0,130,71.1,20.8048,0,9,3.3,30.1125,43,117,9,25,121,4,5,0,0,5,0,0,5,0,0,31,113,6,26,130,2,34,115,5,5,0,0,30,115,7
5411,5,43,20.9,6.65357,0,126,69.5,20.6936,0,9,3.3,30.1125,43,108,9,25,121,4,5,0,0,5,0,0,5,0,0,31,113,6,26,126,2,34,109,5,5,0,0,30,118,7
5412,5,43,20.9,6.65357,0,122,68.1,20.5946,0,9,3.3,30.1125,43,108,9,25,119,4,5,0,0,5,0,0,5,0,0,31,107,6,26,122,2,34,110,5,5,0,0,30,115,7
5413,5,43,20.9,6.65357,0,122,68.8,20.6309,0,9,3.3,30.1125,43,113,9,25,112,4,5,0,0,5,0,0,5,0,0,31,105,6,26,121,2,34,122,5,5,0,0,30,115,7
5414,5,43,20.9,6.65357,0,120,68,20.6188,0,8,3.2,30.1424,43,111,8,25,119,4,5,0,0,5,0,0,5,0,0,31,106,6,26,120,2,34,120,5,5,0,0,30,104,7
5415,5,43,20.9,6.65357,0,124,69.6,20.704,0,8,3.2,30.1424,43,118,8,25,118,4,5,0,0,5,0,0,5,0,0,31,105,6,26,120,2,34,124,5,5,0,0,30,111,7
5416,5,43,20.9,6.65357,0,129,69.9,20.7537,0,8,3.2,30.1424,43,121,8,25,116,4,5,0,0,5,0,0,5,0,0,31,105,6,26,118,2,34,129,5,5,0,0,30,110,7
5417,5,43,20.9,6.65357,0,138,70.2,20.9122,0,8,3.2,30.1424,43,124,8,25,120,4,5,0,0,5,0,0,5,0,0,31,100,6,26,113,2,34,138,5,5,0,0,30,107,7
5418,5,43,20.9,6.65357,0,131,69.6,20.7183,0,8,3.1,30.1735,43,115,8,25,116,4,5,0,0,5,0,0,5,0,0,31,107,6,26,110,2,34,131,4,5,0,0,30,117,7
5419,5,43,20.9,6.65357,0,130,70.1,20.7798,0,8,3.1,30.1735,43,119,8,25,121,4,5,0,0,5,0,0,5,0,0,31,109,6,26,104,2,34,130,4,5,0,0,30,118,7
5420,5,43,20.9,6.65357,0,133,72.4,20.9773,0,8,3,30.205,43,117,8,25,127,3,5,0,0,5,0,0,5,0,0,31,112,6,26,107,2,34,133,4,5,0,0,30,128,7
5421,5,43,20.9,6.65357,0,126,72.2,20.9035,0,8,3.1,30.1749,43,126,8,25,123,3,5,0,0,5,0,0,5,0,0,31,115,6,26,109,2,34,125,4,5,0,0,30,124,8
5422,5,43,20.9,6.65357,0,120,70.9,20.7461,0,8,3,30.2057,43,119,8,25,120,3,5,0,0,5,0,0,5,0,0,31,119,5,26,114,2,34,118,4,5,0,0,30,119,8
5423,5,43,20.9,6.65357,0,123,71,20.7732,0,8,3,30.2057,43,118,8,25,120,3,5,0,0,5,0,0,5,0,0,31,123,5,26,119,2,34,110,4,5,0,0,30,120,8
5424,5,43,20.9,6.65357,0,129,71.8,20.8761,0,8,3,30.2057,43,113,8,25,121,3,5,0,0,5,0,0,5,0,0,31,129,5,26,126,2,34,110,4,5,0,0,30,119,8
5425,5,43,20.9,6.65357,0,124,71.5,20.8173,0,8,3,30.2057,43,113,8,25,124,3,5,0,0,5,0,0,5,0,0,31,123,5,26,123,2,34,117,4,5,0,0,30,115,8
5426,5,43,20.9,6.65357,0,125,69.5,20.7264,0,8,3,30.2057,43,101,8,25,125,3,5,0,0,5,0,0,5,0,0,31,123,5,26,118,2,34,116,4,5,0,0,30,112,8
5427,5,43,20.9,6.65357,0,126,70.5,20.7668,0,8,3,30.2057,43,105,8,25,126,3,5,0,0,5,0,0,5,0,0,31,117,5,26,123,2,34,118,4,5,0,0,30,116,8
5428,5,43,20.9,6.65357,0,122,70.6,20.752,0,8,2.9,30.2368,43,111,8,25,122,3,5,0,0,5,0,0,5,0,0,31,119,4,26,122,2,34,121,4,5,0,0,30,111,8
5429,5,43,20.9,6.65357,0,125,71.5,20.8372,0,8,2.9,30.2368,43,114,8,25,125,3,5,0,0,5,0,0,5,0,0,31,120,4,26,124,2,34,122,4,5,0,0,30,110,8
5430,5,43,20.9,6.65357,0,126,71.7,20.8339,0,8,2.9,30.2368,43,119,8,25,126,3,5,0,0,5,0,0,5,0,0,31,117,4,26,122,2,34,119,4,5,0,0,30,114,8
5431,5,43,20.9,6.65357,0,130,71.6,20.8513,0,8,2.9,30.2368,43,117,8,25,130,3,5,0,0,5,0,0,5,0,0,31,113,4,26,123,2,34,118,4,5,0,0,30,115,8
5432,5,43,20.9,6.65357,0,123,70.4,20.7293,0,8,3,30.2051,43,115,8,25,123,3,5,0,0,5,0,0,5,0,0,31,117,4,26,118,3,34,120,4,5,0,0,30,111,8
5433,5,43,20.9,6.65357,0,119,70.3,20.7014,0,8,3,30.2051,43,119,8,25,118,3,5,0,0,5,0,0,5,0,0,31,116,4,26,119,3,34,114,4,5,0,0,30,117,8
5434,5,43,20.9,6.65357,0,124,70.8,20.7645,0,8,3,30.2051,43,124,8,25,116,3,5,0,0,5,0,0,5,0,0,31,121,4,26,120,3,34,112,4,5,0,0,30,115,8
5435,5,43,20.9,6.65357,0,122,70.7,20.7493,0,8,2.9,30.2352,43,122,7,25,113,3,5,0,0,5,0,0,5,0,0,31,122,4,26,116,3,34,112,4,5,0,0,30,122,8
5436,5,43,20.9,6.65357,0,119,68.8,20.6164,0,8,2.8,30.2656,43,116,6,25,113,3,5,0,0,5,0,0,5,0,0,31,119,4,26,114,3,34,107,4,5,0,0,30,119,8
5437,5,43,20.9,6.65357,0,123,69.3,20.6561,0,8,2.8,30.2656,43,120,6,25,114,3,5,0,0,5,0,0,5,0,0,31,116,4,26,109,3,34,111,4,5,0,0,30,123,8
5438,5,43,20.9,6.65357,0,126,69.4,20.6861,0,8,2.8,30.2656,43,119,6,25,109,3,5,0,0,5,0,0,5,0,0,31,121,4,26,109,3,34,110,4,5,0,0,30,126,8
5439,5,43,20.9,6.65357,0,121,70.4,20.7168,0,8,2.6,30.3286,43,120,6,25,110,3,5,0,0,5,0,0,5,0,0,31,121,4,26,116,2,34,116,3,5,0,0,30,121,8
5440,5,43,20.9,6.65357,0,126,70.5,20.739,0,8,2.6,30.3286,43,126,6,25,113,3,5,0,0,5,0,0,5,0,0,31,116,4,26,116,2,34,114,3,5,0,0,30,120,8
5441,5,43,20.9,6.65357,0,122,69.4,20.6533,0,8,2.6,30.3286,43,118,6,25,109,3,5,0,0,5,0,0,5,0,0,31,116,4,26,122,2,34,116,3,5,0,0,30,113,8
5442,5,43,21,6.68581,0,122,69.2,20.6329,0,8,3.1,30.1733,43,115,6,25,115,3,5,0,0,5,0,0,5,0,0,31,113,4,27,122,7,34,114,3,5,0,0,30,113,8
5443,5,43,21,6.68581,0,119,69.3,20.635,0,8,3.2,30.1431,43,112,6,25,114,3,5,0,0,5,0,0,5,0,0,31,118,4,27,119,8,34,118,3,5,0,0,30,112,8
5444,5,43,21,6.68581,0,127,71.7,20.828,0,8,3.1,30.1732,43,115,6,25,115,3,5,0,0,5,0,0,5,0,0,31,124,4,27,120,8,34,127,3,5,0,0,30,116,7
5445,5,43,21,6.68581,0,129,73.1,20.976,0,8,3.1,30.1732,43,125,6,25,116,3,5,0,0,5,0,0,5,0,0,31,128,4,27,116,8,34,129,3,5,0,0,30,117,7
5446,5,43,21,6.68581,0,131,74.6,21.1251,0,8,3.1,30.1732,43,131,6,25,113,3,5,0,0,5,0,0,5,0,0,31,123,4,27,124,8,34,131,3,5,0,0,30,124,7
5447,5,43,21,6.68581,0,130,74.3,21.0861,0,9,3.2,30.1434,43,130,6,25,115,3,5,0,0,5,0,0,5,0,0,31,117,4,27,128,9,34,126,3,5,0,0,30,127,7
5448,5,43,21,6.68581,0,131,73.6,20.9969,0,9,3.2,30.1434,43,121,6,25,120,3,5,0,0,5,0,0,5,0,0,31,118,4,27,131,9,34,120,3,5,0,0,30,126,7
5449,5,43,21,6.68581,0,127,71.8,20.8763,0,8,3,30.2041,43,126,5,25,119,3,5,0,0,5,0,0,5,0,0,31,118,4,27,127,7,34,108,3,5,0,0,30,120,8
5450,5,43,21,6.68581,0,135,73.2,21.0342,0,8,3,30.2041,43,127,5,25,120,3,5,0,0,5,0,0,5,0,0,31,118,4,27,135,7,34,109,3,5,0,0,30,123,8
5451,5,43,21,6.68581,0,131,73.3,21.0315,0,8,3.1,30.1739,43,130,5,25,121,3,5,0,0,5,0,0,5,0,0,31,121,4,27,131,8,34,119,3,5,0,0,30,111,8
5452,5,43,21,6.68581,0,127,71.9,20.8682,0,8,3,30.2041,43,127,5,25,120,3,5,0,0,5,0,0,5,0,0,31,117,4,27,125,7,34,117,3,5,0,0,30,113,8
5453,5,43,21,6.68581,0,121,70.6,20.7321,0,8,3,30.2041,43,119,5,25,121,3,5,0,0,5,0,0,5,0,0,31,113,4,27,118,7,34,120,3,5,0,0,30,115,8
5454,5,43,21,6.68581,0,126,70.8,20.7581,0,8,3,30.2041,43,119,5,25,113,3,5,0,0,5,0,0,5,0,0,31,119,4,27,118,7,34,126,3,5,0,0,30,113,8
5455,5,43,21,6.68581,0,126,71,20.8168,0,8,3,30.2041,43,120,5,25,121,3,5,0,0,5,0,0,5,0,0,31,123,4,27,112,7,34,126,3,5,0,0,30,108,8
5456,5,43,21,6.68581,0,121,70.4,20.7167,0,8,3.1,30.1733,43,113,7,25,118,3,5,0,0,5,0,0,5,0,0,31,121,4,27,111,6,34,121,3,5,0,0,30,120,8
5457,5,43,21,6.68581,0,120,69.6,20.6809,0,8,3.1,30.1733,43,116,6,25,118,3,5,0,0,5,0,0,5,0,0,31,120,4,27,105,7,34,118,3,5,0,0,30,119,8
5458,5,43,21,6.68581,0,126,70.7,20.7739,0,7,3.1,30.1729,43,116,7,25,121,3,5,0,0,5,0,0,5,0,0,31,118,4,27,106,7,34,126,3,5,0,0,30,120,7
5459,5,43,21,6.68581,0,128,71,20.827,0,7,3.1,30.1719,43,118,6,25,128,4,5,0,0,5,0,0,5,0,0,31,124,4,27,106,7,34,118,3,5,0,0,30,116,7
5460,5,43,21,6.68581,0,131,71.9,20.8799,0,8,3.3,30.1112,43,116,7,25,131,4,5,0,0,5,0,0,5,0,0,31,120,4,27,111,8,34,122,3,5,0,0,30,119,7
5461,5,43,21,6.68581,0,125,69.6,20.7092,0,10,3.5,30.0517,43,116,7,25,125,4,5,0,0,5,0,0,5,0,0,31,114,4,27,104,10,34,120,3,5,0,0,30,117,7
5462,5,43,21,6.68581,0,125,71.9,20.8761,0,9,3.4,30.0813,43,123,7,25,124,4,5,0,0,5,0,0,5,0,0,31,115,4,27,108,9,34,124,3,5,0,0,30,125,7
5463,5,43,21,6.68581,0,128,72.7,20.9518,0,9,3.3,30.1118,43,115,6,25,127,4,5,0,0,5,0,0,5,0,0,31,125,4,27,109,9,34,123,3,5,0,0,30,128,7
5464,5,43,21,6.68581,0,130,72.7,20.9334,0,9,3.3,30.1118,43,115,6,25,121,4,5,0,0,5,0,0,5,0,0,31,127,4,27,112,9,34,122,3,5,0,0,30,130,7
5465,5,43,21,6.68581,0,129,71.1,20.8169,0,9,3.3,30.1118,43,117,6,25,107,4,5,0,0,5,0,0,5,0,0,31,124,4,27,111,9,34,123,3,5,0,0,30,129,7
5466,5,43,21,6.68581,0,121,69.6,20.6571,0,9,3.3,30.1118,43,116,6,25,111,4,5,0,0,5,0,0,5,0,0,31,118,4,27,111,9,34,121,3,5,0,0,30,119,7
5467,5,43,21,6.68581,0,121,69.4,20.6323,0,9,3.4,30.0803,43,111,6,25,113,4,5,0,0,5,0,0,5,0,0,31,116,4,27,116,9,34,117,4,5,0,0,30,121,7
5468,5,43,21,6.68581,0,122,69.2,20.6456,0,9,3.4,30.0803,43,107,6,25,116,4,5,0,0,5,0,0,5,0,0,31,119,4,27,110,9,34,122,4,5,0,0,30,118,7
5469,5,43,21,6.68581,0,123,70.5,20.7306,0,9,3.6,30.0184,43,107,7,25,118,4,5,0,0,5,0,0,5,0,0,31,118,4,27,117,9,34,123,5,5,0,0,30,122,7
5470,5,43,21,6.68581,0,121,70.8,20.7304,0,9,3.7,29.988,43,115,8,25,116,4,5,0,0,5,0,0,5,0,0,31,118,4,27,121,9,34,119,5,5,0,0,30,119,7
5471,5,43,21,6.68581,0,122,70.8,20.7386,0,9,3.7,29.988,43,117,8,25,117,4,5,0,0,5,0,0,5,0,0,31,116,4,27,122,9,34,114,5,5,0,0,30,122,7
5472,5,43,21,6.68581,0,122,70.8,20.7418,0,9,3.8,29.9567,43,118,8,25,120,5,5,0,0,5,0,0,5,0,0,31,115,4,27,122,9,34,115,5,5,0,0,30,118,7
5473,5,43,21,6.68581,0,121,70,20.694,0,9,3.5,30.0486,43,118,6,25,119,4,5,0,0,5,0,0,5,0,0,31,112,4,27,121,9,34,111,6,5,0,0,30,119,6
5474,5,43,21,6.68581,0,127,69.4,20.7169,0,9,3.5,30.0486,43,127,6,25,111,4,5,0,0,5,0,0,5,0,0,31,111,4,27,123,9,34,106,6,5,0,0,30,116,6
5475,5,43,21,6.68581,0,123,69.5,20.7071,0,9,3.5,30.0486,43,122,6,25,120,4,5,0,0,5,0,0,5,0,0,31,112,4,27,123,9,34,108,6,5,0,0,30,110,6
5476,5,43,21,6.68581,0,125,70.2,20.7849,0,9,3.5,30.0486,43,125,6,25,122,4,5,0,0,5,0,0,5,0,0,31,116,4,27,122,9,34,113,6,5,0,0,30,104,6
5477,5,43,21,6.68581,0,125,68.3,20.6458,0,9,3.5,30.0486,43,125,6,25,119,4,5,0,0,5,0,0,5,0,0,31,112,4,27,111,9,34,110,6,5,0,0,30,106,6
5478,5,44,21.1,6.74314,0,124,68.5,20.6945,0,9,3.5,30.0496,44,124,7,25,122,4,5,0,0,5,0,0,5,0,0,31,111,3,27,114,9,34,114,6,5,0,0,30,100,6
5479,5,44,21.1,6.74314,0,126,68.7,20.6938,0,9,3.5,30.0496,44,121,7,25,126,4,5,0,0,5,0,0,5,0,0,31,110,3,27,113,9,34,114,6,5,0,0,30,103,6
5480,5,44,21.1,6.74314,0,131,70.9,20.8445,0,8,3.4,30.0795,44,120,7,25,131,4,5,0,0,5,0,0,5,0,0,31,119,3,27,114,8,34,119,6,5,0,0,30,106,6
5481,5,44,21.1,6.74314,0,127,71.7,20.8919,0,8,3.4,30.0795,44,119,7,25,127,4,5,0,0,5,0,0,5,0,0,31,122,3,27,122,8,34,122,6,5,0,0,30,105,6
5482,5,44,21.1,6.74314,0,131,71.6,20.8845,0,9,3.6,30.0193,44,121,9,25,118,4,5,0,0,5,0,0,5,0,0,31,131,3,27,122,8,34,117,6,5,0,0,30,107,6
5483,5,44,21.1,6.74314,0,120,69.5,20.6669,0,9,3.5,30.0496,44,119,9,25,111,4,5,0,0,5,0,0,5,0,0,31,120,3,27,115,7,34,120,6,5,0,0,30,110,6
5484,5,44,21.1,6.74314,0,118,66.8,20.5189,0,8,3.4,30.0785,44,109,8,25,112,4,5,0,0,5,0,0,5,0,0,31,118,4,27,112,6,34,113,6,5,0,0,30,104,6
5485,5,44,21.1,6.74314,0,118,66.7,20.5149,0,8,3.4,30.0785,44,107,8,25,111,4,5,0,0,5,0,0,5,0,0,31,115,4,27,112,6,34,118,6,5,0,0,30,104,6
5486,5,44,21.1,6.74314,0,126,67.9,20.6354,0,8,3.5,30.0479,44,111,8,25,108,4,5,0,0,5,0,0,5,0,0,31,119,4,27,114,6,34,126,7,5,0,0,30,101,6
5487,5,44,21.1,6.74314,0,121,68.3,20.6585,0,9,3.5,30.0489,44,114,9,25,110,4,5,0,0,5,0,0,5,0,0,31,119,4,27,120,6,34,121,7,5,0,0,30,99,5
5488,5,44,21.1,6.74314,0,116,66.6,20.5105,0,9,3.7,29.9879,44,112,9,25,112,4,5,0,0,5,0,0,5,0,0,31,116,4,27,111,7,34,112,8,5,0,0,30,103,5
5489,5,44,21.1,6.74314,0,119,67.6,20.5567,0,10,3.8,29.9582,44,112,10,25,111,4,5,0,0,5,0,0,5,0,0,31,113,4,27,119,7,34,116,8,5,0,0,30,105,5
5490,5,44,21.1,6.74314,0,123,68.7,20.6395,0,8,3.7,29.9866,44,114,8,25,117,5,5,0,0,5,0,0,5,0,0,31,117,4,27,123,7,34,109,8,5,0,0,30,107,5
5491,5,44,21.1,6.74314,0,124,70,20.7545,0,8,3.7,29.9866,44,118,8,25,123,5,5,0,0,5,0,0,5,0,0,31,119,4,27,124,7,34,110,8,5,0,0,30,106,5
5492,5,44,21.1,6.74314,0,126,70.2,20.7599,0,8,3.7,29.9866,44,123,8,25,126,5,5,0,0,5,0,0,5,0,0,31,117,4,27,110,7,34,116,8,5,0,0,30,110,5
5493,5,44,21.1,6.74314,0,122,69.5,20.6966,0,10,4,29.8967,44,122,9,25,121,5,5,0,0,5,0,0,5,0,0,31,112,4,27,114,7,34,119,10,5,0,0,30,107,5
5494,5,44,21.1,6.74314,0,120,68.7,20.6047,0,9,4,29.8947,44,115,8,25,120,5,5,0,0,5,0,0,5,0,0,31,110,5,27,115,8,34,113,9,5,0,0,30,114,5
5495,5,44,21.1,6.74314,0,125,72.1,20.8845,0,9,4,29.8947,44,124,8,25,125,5,5,0,0,5,0,0,5,0,0,31,109,5,27,119,8,34,124,9,5,0,0,30,120,5
5496,5,44,21.1,6.74314,0,129,73.4,21.0333,0,9,3.7,29.9869,44,125,7,25,124,5,5,0,0,5,0,0,5,0,0,31,106,4,27,126,7,34,129,9,5,0,0,30,124,5
5497,5,44,21.1,6.74314,0,131,72.9,20.9799,0,8,3.7,29.9856,44,131,7,25,121,5,5,0,0,5,0,0,5,0,0,31,108,5,27,123,7,34,123,8,5,0,0,30,123,5
5498,5,44,21.1,6.74314,0,131,72.5,20.993,0,8,3.7,29.9856,44,130,7,25,118,5,5,0,0,5,0,0,5,0,0,31,104,5,27,126,7,34,116,8,5,0,0,30,131,5
5499,5,44,21.1,6.74314,0,129,72.4,20.9103,0,8,3.4,30.0788,44,129,7,25,122,4,5,0,0,5,0,0,5,0,0,31,113,4,27,119,6,34,116,8,5,0,0,30,125,5
5500,5,44,21.1,6.74314,0,128,71.2,20.8163,0,8,3.5,30.0475,44,128,7,25,111,4,5,0,0,5,0,0,5,0,0,31,113,5,27,114,6,34,124,8,5,0,0,30,122,5
5501,5,44,21.1,6.74314,0,124,71.5,20.7975,0,8,3.6,30.0172,44,121,8,25,112,4,5,0,0,5,0,0,5,0,0,31,119,5,27,121,6,34,118,8,5,0,0,30,124,5
5502,5,44,21.1,6.74314,0,126,71.1,20.7901,0,8,3.5,30.0475,44,126,8,25,110,4,5,0,0,5,0,0,5,0,0,31,115,5,27,116,6,34,121,7,5,0,0,30,123,5
5503,5,44,21.1,6.74314,0,120,69.8,20.6743,0,8,3.5,30.0475,44,120,8,25,108,4,5,0,0,5,0,0,5,0,0,31,117,5,27,117,6,34,116,7,5,0,0,30,120,5
5504,5,44,21.1,6.74314,0,126,71.2,20.7869,0,7,3.4,30.0778,44,119,7,25,111,4,5,0,0,5,0,0,5,0,0,31,126,5,27,116,6,34,121,7,5,0,0,30,119,5
5505,5,44,21.1,6.74314,0,124,71.2,20.7852,0,7,3.3,30.109,44,117,7,25,122,4,5,0,0,5,0,0,5,0,0,31,124,5,27,115,6,34,119,7,5,0,0,30,115,4
5506,5,44,21.1,6.74314,0,128,71.1,20.7933,0,8,3.4,30.0787,44,109,8,25,120,4,5,0,0,5,0,0,5,0,0,31,128,5,27,116,6,34,119,7,5,0,0,30,119,4
5507,5,44,21.1,6.74314,0,127,70.7,20.7747,0,8,3.4,30.0787,44,113,8,25,127,4,5,0,0,5,0,0,5,0,0,31,123,5,27,117,6,34,113,7,5,0,0,30,114,4
5508,5,44,21.1,6.74314,0,132,71.5,20.8523,0,8,3.3,30.1096,44,117,8,25,132,4,5,0,0,5,0,0,5,0,0,31,115,5,27,115,5,34,121,7,5,0,0,30,115,4
5509,5,44,21.1,6.74314,0,128,70.7,20.8064,0,8,3.3,30.1096,44,121,8,25,128,4,5,0,0,5,0,0,5,0,0,31,115,5,27,115,5,34,121,7,5,0,0,30,107,4
5510,5,44,21.1,6.74314,0,130,71.1,20.8589,0,8,3.3,30.1096,44,125,8,25,130,4,5,0,0,5,0,0,5,0,0,31,114,5,27,112,5,34,121,7,5,0,0,30,109,4
5511,5,44,21.1,6.74314,0,136,73.5,21.0765,0,8,3.3,30.1096,44,128,8,25,136,4,5,0,0,5,0,0,5,0,0,31,121,5,27,121,5,34,115,7,5,0,0,30,114,4
5512,5,44,21.1,6.74314,0,129,72,20.8997,0,8,3.3,30.1096,44,129,8,25,127,4,5,0,0,5,0,0,5,0,0,31,111,5,27,118,5,34,116,7,5,0,0,30,119,4
5513,5,44,21.1,6.74314,0,130,72,20.9143,0,8,3.4,30.0785,44,130,8,25,122,4,5,0,0,5,0,0,5,0,0,31,106,5,27,118,5,34,118,7,5,0,0,30,126,5
5514,5,44,21.1,6.74314,0,137,71.7,20.9829,0,8,3.5,30.0472,44,133,8,25,113,5,5,0,0,5,0,0,5,0,0,31,105,5,27,116,5,34,113,7,5,0,0,30,137,5
5515,5,44,21.1,6.74314,0,137,70.2,20.784,0,9,3.6,30.0172,44,115,9,25,111,5,5,0,0,5,0,0,5,0,0,31,108,5,27,116,5,34,115,7,5,0,0,30,137,5
5516,5,44,21.1,6.74314,0,127,70,20.6924,0,9,3.5,30.0485,44,115,9,25,114,4,5,0,0,5,0,0,5,0,0,31,116,5,27,116,5,34,112,7,5,0,0,30,127,5
5517,5,44,21.1,6.74314,0,128,70.3,20.7376,0,9,3.6,30.0177,44,118,9,25,116,4,5,0,0,5,0,0,5,0,0,31,120,5,27,110,5,34,111,6,5,0,0,30,128,7
5518,5,44,21.1,6.74314,0,123,68.9,20.623,0,10,3.5,30.051,44,111,10,25,115,3,5,0,0,5,0,0,5,0,0,31,123,4,27,110,5,34,113,6,5,0,0,30,117,7
5519,5,44,21.1,6.74314,0,125,69.5,20.667,0,10,3.6,30.0204,44,116,10,25,114,3,5,0,0,5,0,0,5,0,0,31,125,4,27,113,5,34,113,7,5,0,0,30,114,7
5520,5,44,21.1,6.74314,0,125,70.6,20.7572,0,10,3.5,30.051,44,121,10,25,115,3,5,0,0,5,0,0,5,0,0,31,125,4,27,114,5,34,120,6,5,0,0,30,111,7
5521,5,44,21.1,6.74314,0,127,69.8,20.7116,0,10,3.3,30.1124,44,114,10,25,111,3,5,0,0,5,0,0,5,0,0,31,127,4,27,117,5,34,120,6,5,0,0,30,109,5
5522,5,44,21.1,6.74314,0,129,71,20.7861,0,11,3.3,30.1144,44,112,11,25,113,3,5,0,0,5,0,0,5,0,0,31,129,4,27,117,4,34,122,6,5,0,0,30,117,5
5523,5,44,21.1,6.74314,0,128,70.7,20.7642,0,12,3.4,30.0855,44,108,12,25,114,3,5,0,0,5,0,0,5,0,0,31,128,4,27,117,4,34,118,6,5,0,0,30,122,5
5524,5,44,21.1,6.74314,0,132,71.8,20.8929,0,12,3.4,30.0855,44,110,12,25,117,3,5,0,0,5,0,0,5,0,0,31,130,4,27,112,4,34,117,6,5,0,0,30,132,5
5525,5,44,21.2,6.77643,0,131,70.8,20.7857,0,12,3.5,30.0545,44,109,12,25,114,3,5,0,0,5,0,0,5,0,0,31,131,4,28,116,6,34,119,6,5,0,0,30,119,4
5526,5,44,21.2,6.77643,0,133,70.1,20.7635,0,12,3.5,30.0545,44,115,12,25,108,3,5,0,0,5,0,0,5,0,0,31,133,4,28,113,6,34,113,6,5,0,0,30,119,4
5527,5,44,21.2,6.77643,0,130,70.1,20.7458,0,12,3.5,30.0545,44,117,12,25,116,3,5,0,0,5,0,0,5,0,0,31,130,4,28,109,6,34,112,6,5,0,0,30,117,4
5528,5,44,21.2,6.77643,0,130,68.5,20.6722,0,12,3.5,30.0545,44,114,12,25,112,3,5,0,0,5,0,0,5,0,0,31,130,4,28,108,6,34,115,6,5,0,0,30,106,4
5529,5,44,21.2,6.77643,0,126,68.7,20.6491,0,11,3.4,30.0834,44,111,11,25,116,3,5,0,0,5,0,0,5,0,0,31,126,4,28,114,6,34,114,6,5,0,0,30,106,4
5530,5,44,21.2,6.77643,0,127,69,20.659,0,13,3.6,30.0258,44,116,13,25,112,3,5,0,0,5,0,0,5,0,0,31,127,4,28,113,6,34,112,6,5,0,0,30,110,4
5531,5,44,21.2,6.77643,0,125,70,20.6964,0,13,3.6,30.0258,44,115,13,25,115,3,5,0,0,5,0,0,5,0,0,31,125,4,28,114,6,34,112,6,5,0,0,30,119,4
5532,5,44,21.2,6.77643,0,126,70.8,20.8015,0,13,3.7,29.9952,44,126,13,25,118,3,5,0,0,5,0,0,5,0,0,31,125,4,28,113,7,34,108,6,5,0,0,30,118,4
5533,5,44,21.2,6.77643,0,124,71.3,20.7898,0,13,3.8,29.9648,44,118,13,25,124,3,5,0,0,5,0,0,5,0,0,31,118,4,28,116,8,34,114,6,5,0,0,30,123,4
5534,5,44,21.2,6.77643,0,127,71.7,20.8217,0,13,3.8,29.9648,44,122,13,25,119,3,5,0,0,5,0,0,5,0,0,31,117,4,28,117,8,34,115,6,5,0,0,30,127,4
5535,5,44,21.2,6.77643,0,129,73.4,20.9663,0,13,3.8,29.9648,44,122,13,25,119,3,5,0,0,5,0,0,5,0,0,31,120,4,28,125,8,34,119,6,5,0,0,30,129,4
5536,5,44,21.2,6.77643,0,127,73.8,21.0024,0,13,3.8,29.9642,44,125,13,25,120,4,5,0,0,5,0,0,5,0,0,31,120,4,28,125,8,34,121,5,5,0,0,30,127,4
5537,5,44,21.2,6.77643,0,125,72,20.8787,0,13,3.8,29.9642,44,122,13,25,123,4,5,0,0,5,0,0,5,0,0,31,116,4,28,125,8,34,109,5,5,0,0,30,125,4
5538,5,44,21.2,6.77643,0,124,70.9,20.778,0,14,3.9,29.9358,44,122,14,25,124,4,5,0,0,5,0,0,5,0,0,31,114,4,28,121,8,34,113,5,5,0,0,30,115,4
5539,5,44,21.2,6.77643,0,125,70.2,20.7205,0,13,3.8,29.9642,44,113,13,25,125,4,5,0,0,5,0,0,5,0,0,31,110,4,28,120,8,34,117,5,5,0,0,30,117,4
5540,5,44,21.2,6.77643,0,129,70.3,20.7804,0,13,3.8,29.9642,44,114,13,25,125,4,5,0,0,5,0,0,5,0,0,31,112,4,28,129,8,34,114,5,5,0,0,30,109,4
5541,5,44,21.2,6.77643,0,119,69.3,20.6438,0,11,3.5,30.0521,44,117,11,25,119,4,5,0,0,5,0,0,5,0,0,31,117,4,28,115,7,34,114,5,5,0,0,30,111,4
5542,5,44,21.2,6.77643,0,124,70.1,20.7094,0,10,3.4,30.0814,44,110,10,25,115,4,5,0,0,5,0,0,5,0,0,31,124,4,28,115,7,34,123,5,5,0,0,30,114,4
5543,5,44,21.2,6.77643,0,127,69.9,20.7058,0,10,3.4,30.0814,44,108,10,25,114,4,5,0,0,5,0,0,5,0,0,31,112,4,28,127,7,34,121,5,5,0,0,30,117,4
5544,5,44,21.2,6.77643,0,119,68.3,20.5925,0,10,3.4,30.0827,44,110,10,25,116,3,5,0,0,5,0,0,5,0,0,31,104,4,28,116,8,34,119,5,5,0,0,30,118,4
5545,5,44,21.2,6.77643,0,119,68.9,20.6089,0,9,3.3,30.1123,44,112,9,25,119,3,5,0,0,5,0,0,5,0,0,31,111,4,28,114,8,34,114,5,5,0,0,30,119,4
5546,5,44,21.2,6.77643,0,116,66.9,20.5184,0,9,3.3,30.1123,44,110,9,25,116,3,5,0,0,5,0,0,5,0,0,31,110,4,28,115,8,34,113,5,5,0,0,30,105,4
5547,5,44,21.2,6.77643,0,121,68.7,20.6399,0,9,3.3,30.1123,44,116,9,25,121,3,5,0,0,5,0,0,5,0,0,31,111,4,28,121,8,34,110,5,5,0,0,30,108,4
5548,5,44,21.2,6.77643,0,117,68.3,20.5795,0,9,3.3,30.112,44,117,9,25,115,4,5,0,0,5,0,0,5,0,0,31,115,4,28,114,8,34,112,4,5,0,0,30,110,4
5549,5,44,21.2,6.77643,0,118,66.3,20.511,0,9,3.4,30.0821,44,115,9,25,118,4,5,0,0,5,0,0,5,0,0,31,109,4,28,104,9,34,106,4,5,0,0,30,111,4
5550,5,44,21.2,6.77643,0,120,65.8,20.4999,0,9,3.4,30.0821,44,111,9,25,120,4,5,0,0,5,0,0,5,0,0,31,110,4,28,103,9,34,106,4,5,0,0,30,108,4
5551,5,44,21.2,6.77643,0,118,67.6,20.5871,0,9,3.4,30.0821,44,118,9,25,118,4,5,0,0,5,0,0,5,0,0,31,115,4,28,106,9,34,103,4,5,0,0,30,116,4
5552,5,44,21.2,6.77643,0,128,67.9,20.6302,0,10,3.5,30.0525,44,112,9,25,118,4,5,0,0,5,0,0,5,0,0,31,107,4,28,112,10,34,102,4,5,0,0,30,128,4
5553,5,44,21.2,6.77643,0,121,68.2,20.596,0,10,3.5,30.0512,44,116,8,25,118,4,5,0,0,5,0,0,5,0,0,31,112,4,28,107,10,34,108,4,5,0,0,30,121,5
5554,5,44,21.2,6.77643,0,117,68.5,20.5838,0,10,3.5,30.0512,44,113,8,25,117,4,5,0,0,5,0,0,5,0,0,31,114,4,28,109,10,34,115,4,5,0,0,30,117,5
5555,5,44,21.2,6.77643,0,119,68,20.57,0,10,3.5,30.0512,44,119,8,25,115,4,5,0,0,5,0,0,5,0,0,31,108,4,28,111,10,34,111,4,5,0,0,30,116,5
5556,5,44,21.2,6.77643,0,120,68.6,20.6022,0,10,3.5,30.0512,44,120,8,25,109,4,5,0,0,5,0,0,5,0,0,31,112,4,28,110,10,34,117,4,5,0,0,30,118,5
5557,5,44,21.2,6.77643,0,121,69.8,20.6851,0,10,3.7,29.9897,44,121,8,25,111,4,5,0,0,5,0,0,5,0,0,31,118,4,28,109,10,34,118,4,5,0,0,30,121,7
5558,5,44,21.2,6.77643,0,121,71.4,20.7824,0,9,3.5,30.0499,44,121,8,25,114,4,5,0,0,5,0,0,5,0,0,31,119,4,28,120,9,34,120,4,5,0,0,30,120,6
5559,5,44,21.2,6.77643,0,121,70.3,20.7064,0,9,3.6,30.0194,44,117,8,25,120,4,5,0,0,5,0,0,5,0,0,31,113,4,28,117,9,34,121,4,5,0,0,30,115,7
5560,5,44,21.2,6.77643,0,121,71.1,20.7608,0,8,3.4,30.0799,44,119,8,25,119,4,5,0,0,5,0,0,5,0,0,31,119,4,28,114,8,34,121,4,5,0,0,30,119,6
5561,5,44,21.2,6.77643,0,128,71.6,20.8684,0,8,3.4,30.0799,44,110,8,25,126,4,5,0,0,5,0,0,5,0,0,31,128,4,28,121,8,34,120,4,5,0,0,30,111,6
5562,5,44,21.2,6.77643,0,123,71.4,20.818,0,8,3.4,30.0799,44,112,8,25,123,4,5,0,0,5,0,0,5,0,0,31,123,4,28,123,8,34,121,4,5,0,0,30,112,6
5563,5,44,21.2,6.77643,0,131,72.6,20.9482,0,8,3.2,30.1409,44,112,8,25,131,4,5,0,0,5,0,0,5,0,0,31,122,4,28,121,7,34,126,4,5,0,0,30,114,5
5564,5,44,21.2,6.77643,0,128,69.8,20.7184,0,9,3.4,30.0802,44,108,9,25,128,4,5,0,0,5,0,0,5,0,0,31,115,4,28,117,7,34,118,4,5,0,0,30,112,6
5565,5,44,21.2,6.77643,0,123,68.4,20.604,0,9,3.3,30.111,44,107,9,25,123,4,5,0,0,5,0,0,5,0,0,31,112,4,28,112,7,34,112,4,5,0,0,30,118,5
5566,5,44,21.2,6.77643,0,118,68.5,20.5834,0,9,3.3,30.111,44,109,9,25,118,4,5,0,0,5,0,0,5,0,0,31,114,4,28,113,7,34,113,4,5,0,0,30,118,5
5567,5,44,21.2,6.77643,0,123,69.5,20.6804,0,9,3.4,30.0798,44,106,9,25,123,5,5,0,0,5,0,0,5,0,0,31,118,4,28,111,7,34,115,4,5,0,0,30,122,5
5568,5,44,21.2,6.77643,0,121,69.7,20.6822,0,9,3.5,30.0495,44,113,9,25,121,5,5,0,0,5,0,0,5,0,0,31,121,4,28,112,8,34,110,4,5,0,0,30,120,5
5569,5,44,21.2,6.77643,0,126,70.1,20.7101,0,9,3.5,30.0495,44,117,9,25,113,5,5,0,0,5,0,0,5,0,0,31,126,4,28,114,8,34,112,4,5,0,0,30,119,5
5570,5,44,21.2,6.77643,0,128,71.3,20.8265,0,9,3.5,30.0495,44,125,9,25,115,5,5,0,0,5,0,0,5,0,0,31,128,4,28,115,8,34,112,4,5,0,0,30,118,5
5571,5,44,21.2,6.77643,0,128,71.2,20.8043,0,9,3.6,30.0186,44,128,9,25,117,5,5,0,0,5,0,0,5,0,0,31,119,4,28,113,8,34,119,4,5,0,0,30,116,6
5572,5,44,21.2,6.77643,0,133,73,20.9683,0,8,3.5,30.0486,44,133,8,25,115,5,5,0,0,5,0,0,5,0,0,31,121,4,28,119,8,34,120,4,5,0,0,30,122,6
5573,5,44,21.2,6.77643,0,122,70.2,20.7156,0,8,3.5,30.0486,44,121,8,25,111,5,5,0,0,5,0,0,5,0,0,31,110,4,28,121,8,34,122,4,5,0,0,30,117,6
5574,5,44,21.2,6.77643,0,121,69.4,20.6611,0,8,3.5,30.0486,44,116,8,25,116,5,5,0,0,5,0,0,5,0,0,31,106,4,28,121,8,34,114,4,5,0,0,30,121,6
5575,5,44,21.2,6.77643,0,122,66.9,20.5164,0,8,3.5,30.0486,44,109,8,25,112,5,5,0,0,5,0,0,5,0,0,31,106,4,28,112,8,34,108,4,5,0,0,30,122,6
5576,5,44,21.2,6.77643,0,121,69,20.6435,0,8,3.5,30.0486,44,119,8,25,117,5,5,0,0,5,0,0,5,0,0,31,105,4,28,116,8,34,112,4,5,0,0,30,121,6
5577,5,44,21.2,6.77643,0,126,71.3,20.8047,0,8,3.5,30.0486,44,125,8,25,116,5,5,0,0,5,0,0,5,0,0,31,112,4,28,119,8,34,115,4,5,0,0,30,126,6
5578,5,44,21.2,6.77643,0,126,71.2,20.7963,0,8,3.5,30.0486,44,118,8,25,123,5,5,0,0,5,0,0,5,0,0,31,110,4,28,120,8,34,115,4,5,0,0,30,126,6
5579,5,44,21.2,6.77643,0,123,71.2,20.7745,0,8,3.5,30.0486,44,114,8,25,120,5,5,0,0,5,0,0,5,0,0,31,113,4,28,123,8,34,121,4,5,0,0,30,121,6
5580,5,44,21.2,6.77643,0,129,72.7,20.9059,0,8,3.5,30.0479,44,116,8,25,119,6,5,0,0,5,0,0,5,0,0,31,121,4,28,129,7,34,121,4,5,0,0,30,121,6
5581,5,44,21.2,6.77643,0,130,73,20.9823,0,8,3.5,30.0479,44,115,7,25,120,6,5,0,0,5,0,0,5,0,0,31,124,4,28,130,8,34,129,4,5,0,0,30,112,6
5582,5,44,21.2,6.77643,0,131,74.6,21.1291,0,8,3.5,30.0479,44,121,7,25,127,6,5,0,0,5,0,0,5,0,0,31,131,4,28,119,8,34,131,4,5,0,0,30,117,6
5583,5,44,21.2,6.77643,0,128,74.7,21.1087,0,8,3.5,30.0479,44,119,7,25,127,6,5,0,0,5,0,0,5,0,0,31,128,4,28,127,8,34,126,4,5,0,0,30,120,6
5584,5,44,21.2,6.77643,0,129,74.2,21.0956,0,8,3.4,30.0785,44,129,6,25,129,6,5,0,0,5,0,0,5,0,0,31,116,4,28,125,8,34,127,4,5,0,0,30,116,6
5585,5,44,21.2,6.77643,0,134,72.4,20.9343,0,9,3.6,30.018,44,117,7,25,123,6,5,0,0,5,0,0,5,0,0,31,116,4,28,134,9,34,121,4,5,0,0,30,113,6
5586,5,44,21.2,6.77643,0,121,70.1,20.7081,0,8,3.5,30.0479,44,118,7,25,119,6,5,0,0,5,0,0,5,0,0,31,119,4,28,121,8,34,113,4,5,0,0,30,111,6
5587,5,44,21.2,6.77643,0,123,69.3,20.6664,0,8,3.5,30.0479,44,123,7,25,111,6,5,0,0,5,0,0,5,0,0,31,121,4,28,114,8,34,112,4,5,0,0,30,112,6
5588,5,44,21.2,6.77643,0,120,68.8,20.6198,0,8,3.5,30.0479,44,120,7,25,110,6,5,0,0,5,0,0,5,0,0,31,120,4,28,112,8,34,113,4,5,0,0,30,113,6
5589,5,44,21.2,6.77643,0,125,70.8,20.7448,0,8,3.4,30.0795,44,113,7,25,114,6,5,0,0,5,0,0,5,0,0,31,125,4,28,117,8,34,119,3,5,0,0,30,120,6
5590,5,44,21.2,6.77643,0,129,71.3,20.8118,0,8,3.3,30.1101,44,115,6,25,116,6,5,0,0,5,0,0,5,0,0,31,129,4,28,121,8,34,119,3,5,0,0,30,113,6
5591,5,44,21.2,6.77643,0,127,70.8,20.7678,0,8,3.3,30.1101,44,119,6,25,112,6,5,0,0,5,0,0,5,0,0,31,120,4,28,127,8,34,117,3,5,0,0,30,113,6
5592,5,44,21.2,6.77643,0,129,69.8,20.7485,0,8,3.3,30.1101,44,124,6,25,112,6,5,0,0,5,0,0,5,0,0,31,113,4,28,129,8,34,110,3,5,0,0,30,110,6
5593,5,44,21.2,6.77643,0,121,69.1,20.6596,0,6,3.1,30.1708,44,119,6,25,120,6,5,0,0,5,0,0,5,0,0,31,109,4,28,121,6,34,112,3,5,0,0,30,110,6
5594,5,44,21.2,6.77643,0,123,70.9,20.7852,0,6,3.1,30.1708,44,122,6,25,123,6,5,0,0,5,0,0,5,0,0,31,107,4,28,121,6,34,118,3,5,0,0,30,118,6
5595,5,44,21.2,6.77643,0,123,69.5,20.6816,0,6,3,30.2016,44,119,6,25,123,5,5,0,0,5,0,0,5,0,0,31,108,4,28,118,6,34,112,3,5,0,0,30,115,6
5596,5,44,21.2,6.77643,0,124,70.3,20.7397,0,6,3,30.2016,44,124,6,25,120,5,5,0,0,5,0,0,5,0,0,31,112,4,28,119,6,34,109,3,5,0,0,30,119,6
5597,5,44,21.2,6.77643,0,125,71.6,20.8305,0,6,2.9,30.2323,44,125,6,25,123,5,5,0,0,5,0,0,5,0,0,31,113,4,28,120,6,34,114,3,5,0,0,30,121,5
5598,5,44,21.2,6.77643,0,129,71.3,20.8349,0,6,2.8,30.2634,44,129,6,25,113,4,5,0,0,5,0,0,5,0,0,31,114,4,28,115,6,34,114,3,5,0,0,30,128,5
5599,5,44,21.2,6.77643,0,128,69.4,20.6942,0,6,2.7,30.2941,44,128,5,25,114,4,5,0,0,5,0,0,5,0,0,31,114,4,28,113,6,34,109,3,5,0,0,30,116,5
5600,5,44,21.2,6.77643,0,121,68.8,20.6584,0,6,2.7,30.2941,44,121,5,25,108,4,5,0,0,5,0,0,5,0,0,31,117,4,28,118,6,34,103,3,5,0,0,30,121,5
5601,5,44,21.2,6.77643,0,122,70,20.7021,0,6,2.8,30.2634,44,119,6,25,110,4,5,0,0,5,0,0,5,0,0,31,122,4,28,118,6,34,110,3,5,0,0,30,121,5
5602,5,44,21.2,6.77643,0,121,70.5,20.7153,0,6,2.8,30.2634,44,119,6,25,111,4,5,0,0,5,0,0,5,0,0,31,119,4,28,118,6,34,117,3,5,0,0,30,121,5
5603,5,44,21.2,6.77643,0,122,70.9,20.7527,0,6,2.8,30.2634,44,122,6,25,115,4,5,0,0,5,0,0,5,0,0,31,121,4,28,114,6,34,119,3,5,0,0,30,118,5
5604,5,44,21.2,6.77643,0,126,70.5,20.7517,0,6,2.9,30.232,44,126,6,25,116,4,5,0,0,5,0,0,5,0,0,31,117,4,28,110,6,34,114,4,5,0,0,30,122,5
5605,5,44,21.2,6.77643,0,128,72.7,20.9044,0,6,2.9,30.232,44,122,6,25,119,4,5,0,0,5,0,0,5,0,0,31,119,4,28,120,6,34,128,4,5,0,0,30,119,5
5606,5,44,21.2,6.77643,0,122,70.3,20.7103,0,6,2.9,30.232,44,111,6,25,122,4,5,0,0,5,0,0,5,0,0,31,117,4,28,119,6,34,119,4,5,0,0,30,115,5
5607,5,44,21.2,6.77643,0,118,67.9,20.5891,0,8,3.1,30.1714,44,116,6,25,118,4,5,0,0,5,0,0,5,0,0,31,103,4,28,118,8,34,114,4,5,0,0,30,110,5
5608,5,44,21.2,6.77643,0,126,68,20.6226,0,8,3.1,30.1714,44,107,6,25,126,4,5,0,0,5,0,0,5,0,0,31,103,4,28,114,8,34,113,4,5,0,0,30,117,5
5609,5,44,21.2,6.77643,0,128,69.4,20.705,0,7,3.1,30.1711,44,108,7,25,128,4,5,0,0,5,0,0,5,0,0,31,106,4,28,115,7,34,118,4,5,0,0,30,119,5
5610,5,44,21.2,6.77643,0,131,70.3,20.785,0,7,3.1,30.1711,44,110,7,25,131,4,5,0,0,5,0,0,5,0,0,31,107,4,28,118,7,34,114,4,5,0,0,30,123,5
5611,5,44,21.2,6.77643,0,129,70.1,20.7736,0,7,3.1,30.1704,44,114,6,25,129,4,5,0,0,5,0,0,5,0,0,31,102,5,28,117,7,34,118,4,5,0,0,30,121,5
5612,5,44,21.2,6.77643,0,126,69.5,20.7134,0,7,3.1,30.1704,44,121,6,25,126,4,5,0,0,5,0,0,5,0,0,31,105,5,28,112,7,34,116,4,5,0,0,30,115,5
5613,5,44,21.2,6.77643,0,126,70.2,20.7409,0,7,3.1,30.1704,44,126,6,25,120,4,5,0,0,5,0,0,5,0,0,31,109,5,28,112,7,34,119,4,5,0,0,30,116,5
5614,5,44,21.3,6.80661,0,121,69.6,20.6875,0,7,3.4,30.0778,44,120,7,26,121,6,5,0,0,5,0,0,5,0,0,31,110,5,28,109,7,34,121,4,5,0,0,30,115,5
5615,5,44,21.3,6.80661,0,123,69.7,20.6965,0,7,3.4,30.0778,44,121,7,26,123,6,5,0,0,5,0,0,5,0,0,31,116,5,28,113,7,34,113,4,5,0,0,30,111,5
5616,5,44,21.3,6.80661,0,124,70.3,20.733,0,7,3.3,30.1084,44,115,7,26,124,6,5,0,0,5,0,0,5,0,0,31,122,5,28,114,6,34,110,4,5,0,0,30,118,5
5617,5,44,21.3,6.80661,0,131,72.4,20.9447,0,8,3.4,30.0781,44,120,8,26,127,6,5,0,0,5,0,0,5,0,0,31,131,5,28,115,6,34,110,4,5,0,0,30,121,5
5618,5,44,21.3,6.80661,0,132,72.4,20.9196,0,8,3.3,30.109,44,122,8,26,115,6,5,0,0,5,0,0,5,0,0,31,132,5,28,118,5,34,113,4,5,0,0,30,124,5
5619,5,44,21.3,6.80661,0,125,70.6,20.7886,0,8,3.6,30.0172,44,117,8,26,122,8,5,0,0,5,0,0,5,0,0,31,125,6,28,116,5,34,104,4,5,0,0,30,122,5
5620,5,44,21.3,6.80661,0,123,69.5,20.6885,0,8,3.5,30.0482,44,112,8,26,119,8,5,0,0,5,0,0,5,0,0,31,123,5,28,116,5,34,105,4,5,0,0,30,120,5
5621,5,44,21.3,6.80661,0,126,69.6,20.7229,0,7,3.4,30.0778,44,114,7,26,126,7,5,0,0,5,0,0,5,0,0,31,117,6,28,115,5,34,103,4,5,0,0,30,121,5
5622,5,44,21.3,6.80661,0,126,68.9,20.6878,0,7,3.4,30.0778,44,111,7,26,126,7,5,0,0,5,0,0,5,0,0,31,115,6,28,122,5,34,105,4,5,0,0,30,110,5
5623,5,44,21.3,6.80661,0,128,69.6,20.7807,0,7,3.5,30.0465,44,110,7,26,128,7,5,0,0,5,0,0,5,0,0,31,122,6,28,122,5,34,100,5,5,0,0,30,114,5
5624,5,44,21.3,6.80661,0,129,69,20.7449,0,7,3.4,30.0771,44,104,6,26,129,7,5,0,0,5,0,0,5,0,0,31,120,6,28,121,5,34,102,5,5,0,0,30,114,5
5625,5,44,21.3,6.80661,0,125,68.9,20.6615,0,7,3.3,30.108,44,107,5,26,125,7,5,0,0,5,0,0,5,0,0,31,119,6,28,114,5,34,107,5,5,0,0,30,117,5
5626,5,44,21.3,6.80661,0,130,69.1,20.7086,0,7,3.3,30.108,44,106,5,26,130,7,5,0,0,5,0,0,5,0,0,31,114,6,28,118,5,34,107,5,5,0,0,30,116,5
5627,5,44,21.3,6.80661,0,126,69,20.6541,0,7,3.4,30.0771,44,110,7,26,126,6,5,0,0,5,0,0,5,0,0,31,113,6,28,116,5,34,114,5,5,0,0,30,111,5
5628,5,44,21.3,6.80661,0,120,68.5,20.6175,0,8,3.4,30.0784,44,113,7,26,120,8,5,0,0,5,0,0,5,0,0,31,112,5,28,119,5,34,115,5,5,0,0,30,106,4
5629,5,44,21.3,6.80661,0,120,68.6,20.6169,0,8,3.6,30.0165,44,109,7,26,120,8,5,0,0,5,0,0,5,0,0,31,113,6,28,119,6,34,117,5,5,0,0,30,108,4
5630,5,44,21.3,6.80661,0,125,69.4,20.668,0,7,3.4,30.0774,44,112,6,26,117,7,5,0,0,5,0,0,5,0,0,31,114,6,28,117,6,34,125,5,5,0,0,30,109,4
5631,5,44,21.3,6.80661,0,123,69.4,20.6609,0,7,3.4,30.0774,44,116,6,26,116,7,5,0,0,5,0,0,5,0,0,31,111,6,28,118,6,34,123,5,5,0,0,30,110,4
5632,5,44,21.3,6.80661,0,124,70.3,20.7165,0,7,3.4,30.0774,44,121,6,26,114,7,5,0,0,5,0,0,5,0,0,31,112,6,28,116,6,34,124,5,5,0,0,30,116,4
5633,5,44,21.3,6.80661,0,126,71.2,20.8139,0,7,3.4,30.0774,44,125,6,26,113,7,5,0,0,5,0,0,5,0,0,31,113,6,28,122,6,34,126,5,5,0,0,30,113,4
5634,5,44,21.3,6.80661,0,125,70.4,20.7565,0,7,3.4,30.0774,44,125,6,26,110,7,5,0,0,5,0,0,5,0,0,31,108,6,28,119,6,34,124,5,5,0,0,30,118,4
5635,5,44,21.3,6.80661,0,126,71.8,20.8534,0,7,3.3,30.1083,44,126,5,26,111,7,5,0,0,5,0,0,5,0,0,31,114,6,28,125,6,34,123,5,5,0,0,30,119,4
5636,5,44,21.3,6.80661,0,132,73.1,20.9903,0,7,3.3,30.1083,44,128,5,26,112,7,5,0,0,5,0,0,5,0,0,31,121,6,28,132,6,34,117,5,5,0,0,30,121,4
5637,5,44,21.3,6.80661,0,136,73,20.9976,0,7,3.2,30.1392,44,118,5,26,117,7,5,0,0,5,0,0,5,0,0,31,115,5,28,136,6,34,128,5,5,0,0,30,116,4
5638,5,44,21.3,6.80661,0,136,71.4,20.8752,0,7,3.3,30.1083,44,112,6,26,114,7,5,0,0,5,0,0,5,0,0,31,123,5,28,136,6,34,112,5,5,0,0,30,117,4
5639,5,44,21.3,6.80661,0,134,72.4,20.921,0,7,3.3,30.1083,44,115,6,26,116,7,5,0,0,5,0,0,5,0,0,31,118,5,28,134,6,34,115,5,5,0,0,30,126,4
5640,5,44,21.3,6.80661,0,124,69.5,20.6942,0,7,3.3,30.1083,44,121,6,26,118,7,5,0,0,5,0,0,5,0,0,31,113,5,28,114,6,34,105,5,5,0,0,30,124,4
5641,5,44,21.3,6.80661,0,126,70,20.7453,0,7,3.4,30.0774,44,119,6,26,124,7,5,0,0,5,0,0,5,0,0,31,109,6,28,115,6,34,107,5,5,0,0,30,126,4
5642,5,44,21.3,6.80661,0,123,68.7,20.6539,0,7,3.4,30.0774,44,123,6,26,115,7,5,0,0,5,0,0,5,0,0,31,104,6,28,116,6,34,108,5,5,0,0,30,121,4
5643,5,44,21.3,6.80661,0,126,70.8,20.7674,0,7,3.4,30.0771,44,122,5,26,117,7,5,0,0,5,0,0,5,0,0,31,108,6,28,117,6,34,118,5,5,0,0,30,126,5
5644,5,44,21.3,6.80661,0,124,70.8,20.7659,0,7,3.4,30.0771,44,118,5,26,116,7,5,0,0,5,0,0,5,0,0,31,107,6,28,124,6,34,121,5,5,0,0,30,122,5
5645,5,44,21.3,6.80661,0,129,72.2,20.9017,0,7,3.3,30.108,44,125,5,26,125,7,5,0,0,5,0,0,5,0,0,31,115,5,28,114,6,34,114,5,5,0,0,30,129,5
5646,5,44,21.3,6.80661,0,134,73.3,21.0833,0,7,3.3,30.108,44,132,5,26,128,7,5,0,0,5,0,0,5,0,0,31,109,5,28,112,6,34,118,5,5,0,0,30,134,5
5647,5,44,21.3,6.80661,0,132,73.7,21.0273,0,7,3.3,30.108,44,122,5,26,126,7,5,0,0,5,0,0,5,0,0,31,112,5,28,123,6,34,122,5,5,0,0,30,132,5
5648,5,44,21.3,6.80661,0,125,72.7,20.8933,0,6,3.3,30.1077,44,120,6,26,120,6,5,0,0,5,0,0,5,0,0,31,119,5,28,124,6,34,119,5,5,0,0,30,125,5
5649,5,44,21.4,6.83813,0,126,73.2,20.9533,0,11,3.7,29.9889,44,124,5,27,117,11,5,0,0,5,0,0,5,0,0,31,125,5,28,126,6,34,120,5,5,0,0,30,120,5
5650,5,44,21.4,6.83813,0,130,73.4,20.9818,0,12,3.8,29.9599,44,121,5,27,119,12,5,0,0,5,0,0,5,0,0,31,123,5,28,130,6,34,124,5,5,0,0,30,117,5
5651,5,44,21.4,6.83813,0,126,71.1,20.7919,0,12,3.8,29.9601,44,116,5,27,115,12,5,0,0,5,0,0,5,0,0,31,124,5,28,126,6,34,118,6,5,0,0,30,112,4
5652,5,44,21.4,6.83813,0,127,71.3,20.8264,0,12,3.8,29.9601,44,112,5,27,120,12,5,0,0,5,0,0,5,0,0,31,119,5,28,127,6,34,125,6,5,0,0,30,110,4
5653,5,44,21.4,6.83813,0,124,70.1,20.7062,0,12,3.8,29.9608,44,112,5,27,112,12,5,0,0,5,0,0,5,0,0,31,121,4,28,124,7,34,119,6,5,0,0,30,113,4
5654,5,44,21.4,6.83813,0,124,70,20.6967,0,12,3.8,29.9608,44,115,5,27,110,12,5,0,0,5,0,0,5,0,0,31,124,4,28,113,7,34,121,6,5,0,0,30,117,4
5655,5,44,21.4,6.83813,0,126,70.8,20.7576,0,12,3.8,29.9608,44,115,5,27,119,12,5,0,0,5,0,0,5,0,0,31,126,4,28,113,7,34,119,6,5,0,0,30,116,4
5656,5,44,21.4,6.83813,0,124,71.5,20.8117,0,12,3.8,29.9608,44,124,5,27,119,12,5,0,0,5,0,0,5,0,0,31,122,4,28,114,7,34,120,6,5,0,0,30,116,4
5657,5,44,21.4,6.83813,0,134,72.7,20.9901,0,12,3.8,29.9608,44,134,5,27,123,12,5,0,0,5,0,0,5,0,0,31,121,4,28,110,7,34,114,6,5,0,0,30,125,4
5658,5,44,21.4,6.83813,0,131,72.3,20.9567,0,12,3.8,29.9608,44,131,5,27,124,12,5,0,0,5,0,0,5,0,0,31,120,4,28,113,7,34,108,6,5,0,0,30,127,4
5659,5,44,21.4,6.83813,0,133,72.8,21.0214,0,12,4.2,29.8367,44,124,7,27,133,12,5,0,0,5,0,0,5,0,0,31,127,5,28,111,7,34,109,7,5,0,0,30,124,4
5660,5,44,21.4,6.83813,0,130,72.3,20.9131,0,12,4.2,29.8367,44,121,7,27,130,12,5,0,0,5,0,0,5,0,0,31,118,5,28,116,7,34,112,7,5,0,0,30,126,4
5661,5,44,21.4,6.83813,0,130,71.9,20.867,0,12,4.2,29.8367,44,120,7,27,130,12,5,0,0,5,0,0,5,0,0,31,113,5,28,116,7,34,120,7,5,0,0,30,120,4
5662,5,44,21.4,6.83813,0,124,70.5,20.7346,0,11,4.1,29.8659,44,117,7,27,124,11,5,0,0,5,0,0,5,0,0,31,114,5,28,113,7,34,121,7,5,0,0,30,116,4
5663,5,44,21.4,6.83813,0,125,71.1,20.783,0,11,4.3,29.8052,44,118,9,27,125,11,5,0,0,5,0,0,5,0,0,31,121,5,28,117,7,34,115,7,5,0,0,30,115,4
5664,5,44,21.4,6.83813,0,120,69.2,20.6356,0,11,4.5,29.7438,44,111,10,27,120,11,5,0,0,5,0,0,5,0,0,31,119,5,28,113,7,34,112,7,5,0,0,30,117,5
5665,5,44,21.4,6.83813,0,127,70.3,20.7595,0,11,4.4,29.7747,44,113,10,27,127,11,5,0,0,5,0,0,5,0,0,31,120,5,28,114,7,34,107,6,5,0,0,30,122,5
5666,5,44,21.4,6.83813,0,126,72.1,20.8578,0,10,4.1,29.8649,44,120,9,27,126,10,5,0,0,5,0,0,5,0,0,31,121,5,28,118,6,34,116,6,5,0,0,30,120,5
5667,5,44,21.4,6.83813,0,130,73.3,21.0134,0,10,4.2,29.8341,44,121,9,27,130,10,5,0,0,5,0,0,5,0,0,31,127,5,28,110,7,34,119,6,5,0,0,30,126,5
5668,5,44,21.4,6.83813,0,134,74.5,21.1509,0,10,4.3,29.8043,44,123,10,27,128,10,5,0,0,5,0,0,5,0,0,31,126,5,28,108,7,34,126,6,5,0,0,30,134,5
5669,5,44,21.4,6.83813,0,132,74.7,21.1427,0,10,4.3,29.8029,44,124,9,27,123,10,5,0,0,5,0,0,5,0,0,31,131,6,28,112,7,34,125,6,5,0,0,30,132,5
5670,5,44,21.4,6.83813,0,126,74.1,21.0427,0,10,4.3,29.8029,44,125,9,27,125,10,5,0,0,5,0,0,5,0,0,31,126,6,28,117,7,34,122,6,5,0,0,30,126,5
5671,5,44,21.4,6.83813,0,131,74,21.0642,0,10,4.1,29.8639,44,126,8,27,131,10,5,0,0,5,0,0,5,0,0,31,126,6,28,116,6,34,119,6,5,0,0,30,122,5
5672,5,44,21.4,6.83813,0,126,72.8,20.9347,0,10,4.1,29.8639,44,126,8,27,121,10,5,0,0,5,0,0,5,0,0,31,126,6,28,113,6,34,122,6,5,0,0,30,120,5
5673,5,44,21.4,6.83813,0,125,71.2,20.8183,0,9,4,29.8937,44,125,8,27,124,9,5,0,0,5,0,0,5,0,0,31,117,6,28,110,6,34,113,6,5,0,0,30,123,5
5674,5,44,21.4,6.83813,0,126,71.8,20.8731,0,9,4.1,29.8636,44,123,9,27,115,9,5,0,0,5,0,0,5,0,0,31,126,6,28,107,6,34,125,6,5,0,0,30,122,5
5675,5,44,21.4,6.83813,0,129,72,20.8749,0,9,4.1,29.8636,44,129,9,27,116,9,5,0,0,5,0,0,5,0,0,31,119,6,28,112,6,34,119,6,5,0,0,30,125,5
5676,5,44,21.4,6.83813,0,126,71,20.7662,0,9,3.8,29.9559,44,112,8,27,120,9,5,0,0,5,0,0,5,0,0,31,113,6,28,117,5,34,122,5,5,0,0,30,126,5
5677,5,44,21.5,6.87677,0,130,71.4,20.8284,0,9,3.8,29.9565,44,107,8,27,123,9,5,0,0,5,0,0,5,0,0,32,118,7,28,116,5,34,120,5,5,0,0,30,130,4
5678,5,44,21.5,6.87677,0,124,71.5,20.8173,0,9,3.9,29.9254,44,117,8,27,120,9,5,0,0,5,0,0,5,0,0,32,122,7,28,109,6,34,123,5,5,0,0,30,124,4
5679,5,44,21.5,6.87677,0,126,72.9,20.9203,0,9,3.9,29.9254,44,120,8,27,121,9,5,0,0,5,0,0,5,0,0,32,126,7,28,123,6,34,117,5,5,0,0,30,122,4
5680,5,44,21.5,6.87677,0,123,69.2,20.6576,0,9,3.7,29.9865,44,117,7,27,111,9,5,0,0,5,0,0,5,0,0,32,123,6,28,114,5,34,107,6,5,0,0,30,120,4
5681,5,44,21.5,6.87677,0,121,68.2,20.604,0,9,3.7,29.9865,44,121,6,27,110,9,5,0,0,5,0,0,5,0,0,32,117,6,28,117,5,34,107,7,5,0,0,30,110,4
5682,5,44,21.5,6.87677,0,121,70.2,20.7131,0,9,3.8,29.9558,44,120,7,27,114,9,5,0,0,5,0,0,5,0,0,32,121,6,28,120,5,34,116,7,5,0,0,30,111,4
5683,5,44,21.5,6.87677,0,124,71.2,20.7966,0,9,4,29.8953,44,124,7,27,111,9,5,0,0,5,0,0,5,0,0,32,122,6,28,121,5,34,120,9,5,0,0,30,114,4
5684,5,44,21.5,6.87677,0,128,72.8,20.9328,0,9,4.1,29.8649,44,128,8,27,118,9,5,0,0,5,0,0,5,0,0,32,125,6,28,118,5,34,122,9,5,0,0,30,117,4
5685,5,44,21.5,6.87677,0,128,71.8,20.8619,0,9,4.1,29.8662,44,125,9,27,116,9,5,0,0,5,0,0,5,0,0,32,128,6,28,111,4,34,118,9,5,0,0,30,120,4
5686,5,44,21.5,6.87677,0,131,72.6,20.9256,0,9,4.1,29.8662,44,118,9,27,121,9,5,0,0,5,0,0,5,0,0,32,131,6,28,114,4,34,124,9,5,0,0,30,118,4
5687,5,44,21.5,6.87677,0,128,73,20.9402,0,9,4.1,29.8662,44,118,9,27,125,9,5,0,0,5,0,0,5,0,0,32,128,6,28,119,4,34,120,9,5,0,0,30,120,4
5688,5,44,21.5,6.87677,0,129,72.1,20.8874,0,9,4.1,29.8662,44,110,9,27,129,9,5,0,0,5,0,0,5,0,0,32,125,6,28,119,4,34,118,9,5,0,0,30,120,4
5689,5,44,21.5,6.87677,0,126,71.4,20.8688,0,9,4.1,29.8662,44,101,9,27,126,9,5,0,0,5,0,0,5,0,0,32,124,6,28,122,4,34,123,9,5,0,0,30,118,4
5690,5,44,21.5,6.87677,0,129,69.9,20.7771,0,9,4.1,29.8662,44,101,9,27,121,9,5,0,0,5,0,0,5,0,0,32,129,6,28,113,4,34,123,9,5,0,0,30,112,4
5691,5,44,21.5,6.87677,0,123,69.9,20.6971,0,9,4.1,29.8662,44,107,9,27,119,9,5,0,0,5,0,0,5,0,0,32,123,6,28,112,4,34,119,9,5,0,0,30,119,4
5692,5,44,21.5,6.87677,0,126,72,20.8409,0,9,4,29.8963,44,114,9,27,120,9,5,0,0,5,0,0,5,0,0,32,126,6,28,119,4,34,120,8,5,0,0,30,121,4
5693,5,44,21.5,6.87677,0,125,71,20.7843,0,10,4.1,29.8665,44,108,10,27,124,9,5,0,0,5,0,0,5,0,0,32,121,6,28,115,4,34,117,8,5,0,0,30,125,4
5694,5,44,21.5,6.87677,0,128,70.5,20.7323,0,10,4.2,29.8347,44,115,10,27,114,9,5,0,0,5,0,0,5,0,0,32,118,7,28,118,5,34,112,7,5,0,0,30,128,4
5695,5,44,21.5,6.87677,0,130,71.3,20.8104,0,10,4,29.897,44,116,10,27,111,9,5,0,0,5,0,0,5,0,0,32,122,6,28,121,4,34,113,7,5,0,0,30,130,4
5696,5,44,21.5,6.87677,0,125,70.7,20.7588,0,9,4.1,29.8645,44,110,9,27,110,9,5,0,0,5,0,0,5,0,0,32,125,7,28,120,5,34,117,7,5,0,0,30,125,4
5697,5,44,21.5,6.87677,0,125,71.6,20.8023,0,9,4,29.8953,44,120,9,27,119,9,5,0,0,5,0,0,5,0,0,32,119,7,28,116,5,34,117,6,5,0,0,30,125,4
5698,5,44,21.5,6.87677,0,124,70.4,20.7573,0,9,4.1,29.8645,44,120,9,27,122,9,5,0,0,5,0,0,5,0,0,32,124,7,28,108,5,34,117,7,5,0,0,30,113,4
5699,5,44,21.5,6.87677,0,125,71.2,20.8133,0,9,4,29.896,44,120,9,27,123,9,5,0,0,5,0,0,5,0,0,32,125,7,28,113,4,34,120,7,5,0,0,30,111,4
5700,5,44,21.5,6.87677,0,124,70.9,20.7623,0,9,4,29.896,44,118,9,27,120,9,5,0,0,5,0,0,5,0,0,32,124,7,28,118,4,34,115,7,5,0,0,30,114,4
5701,5,44,21.5,6.87677,0,126,70.4,20.7497,0,9,4.1,29.8645,44,114,9,27,120,9,5,0,0,5,0,0,5,0,0,32,126,7,28,118,5,34,117,7,5,0,0,30,109,4
5702,5,44,21.5,6.87677,0,124,71.4,20.802,0,9,4.1,29.8645,44,116,9,27,120,9,5,0,0,5,0,0,5,0,0,32,122,7,28,124,5,34,119,7,5,0,0,30,113,4
5703,5,44,21.5,6.87677,0,128,69.9,20.7316,0,9,4.1,29.8645,44,115,9,27,115,9,5,0,0,5,0,0,5,0,0,32,128,7,28,119,5,34,115,7,5,0,0,30,107,4
5704,5,44,21.5,6.87677,0,126,70,20.7176,0,9,4.1,29.8645,44,115,9,27,114,9,5,0,0,5,0,0,5,0,0,32,117,7,28,120,5,34,126,7,5,0,0,30,108,4
5705,5,44,21.5,6.87677,0,122,70.8,20.7462,0,9,4,29.8947,44,122,9,27,118,8,5,0,0,5,0,0,5,0,0,32,119,7,28,114,5,34,119,7,5,0,0,30,116,4
5706,5,44,21.5,6.87677,0,124,72,20.8441,0,9,4,29.8947,44,124,9,27,118,8,5,0,0,5,0,0,5,0,0,32,121,7,28,114,5,34,121,7,5,0,0,30,122,4
5707,5,44,21.5,6.87677,0,124,71.1,20.7865,0,9,4,29.8947,44,124,9,27,119,8,5,0,0,5,0,0,5,0,0,32,119,7,28,113,5,34,122,7,5,0,0,30,114,4
5708,5,44,21.5,6.87677,0,125,70.7,20.7526,0,8,4,29.8943,44,125,8,27,118,8,5,0,0,5,0,0,5,0,0,32,117,7,28,118,5,34,114,8,5,0,0,30,115,4
5709,5,44,21.5,6.87677,0,131,72.3,20.9373,0,8,4,29.8943,44,131,8,27,124,8,5,0,0,5,0,0,5,0,0,32,123,7,28,119,5,34,112,8,5,0,0,30,114,4
5710,5,44,21.5,6.87677,0,127,71.6,20.8759,0,8,3.9,29.9247,44,127,8,27,125,8,5,0,0,5,0,0,5,0,0,32,115,7,28,125,5,34,112,7,5,0,0,30,112,4
5711,5,44,21.5,6.87677,0,138,72,20.9678,0,8,3.9,29.9247,44,138,8,27,123,8,5,0,0,5,0,0,5,0,0,32,118,7,28,114,5,34,114,7,5,0,0,30,113,4
5712,5,44,21.5,6.87677,0,125,69.4,20.6914,0,8,4,29.8934,44,125,8,27,114,8,5,0,0,5,0,0,5,0,0,32,121,7,28,112,5,34,108,7,5,0,0,30,114,5
5713,5,44,21.5,6.87677,0,135,71.5,20.9004,0,8,4,29.8934,44,135,8,27,119,8,5,0,0,5,0,0,5,0,0,32,121,7,28,116,5,34,111,7,5,0,0,30,113,5
5714,5,44,21.5,6.87677,0,132,72.9,21.0213,0,8,4.1,29.8629,44,132,8,27,121,8,5,0,0,5,0,0,5,0,0,32,132,7,28,117,5,34,114,8,5,0,0,30,113,5
5715,5,44,21.6,6.91665,0,131,73.4,21.0372,0,11,4.3,29.8039,44,126,7,27,120,8,5,0,0,5,0,0,5,0,0,33,131,11,28,125,5,34,108,7,5,0,0,30,124,5
5716,5,44,21.6,6.91665,0,123,72.6,20.8842,0,12,4.2,29.8361,44,121,6,27,122,7,5,0,0,5,0,0,5,0,0,33,121,12,28,118,5,34,121,7,5,0,0,30,123,5
5717,5,44,21.6,6.91665,0,122,71.6,20.8008,0,12,4.1,29.8669,44,116,6,27,122,7,5,0,0,5,0,0,5,0,0,33,119,12,28,116,5,34,122,6,5,0,0,30,121,5
5718,5,44,21.6,6.91665,0,124,71.5,20.7886,0,11,4,29.8961,44,115,6,27,115,7,5,0,0,5,0,0,5,0,0,33,120,11,28,120,5,34,121,6,5,0,0,30,124,5
5719,5,44,21.6,6.91665,0,125,70.9,20.7681,0,11,4,29.8961,44,116,6,27,111,7,5,0,0,5,0,0,5,0,0,33,124,11,28,112,5,34,121,6,5,0,0,30,125,5
5720,5,44,21.6,6.91665,0,123,71.1,20.7715,0,11,4,29.8961,44,113,6,27,118,7,5,0,0,5,0,0,5,0,0,33,123,11,28,113,5,34,123,6,5,0,0,30,121,5
5721,5,44,21.6,6.91665,0,127,71.8,20.8379,0,11,3.8,29.9585,44,114,6,27,122,7,5,0,0,5,0,0,5,0,0,33,127,11,28,117,5,34,121,5,5,0,0,30,117,4
5722,5,45,21.7,6.97352,0,123,71.5,20.8033,0,12,4.3,29.8069,45,119,9,27,120,7,5,0,0,5,0,0,5,0,0,33,123,12,28,119,5,34,120,6,5,0,0,30,114,4
5723,5,45,21.7,6.97352,0,125,71.3,20.8087,0,11,4.2,29.8361,45,114,9,27,121,7,5,0,0,5,0,0,5,0,0,33,125,11,28,121,5,34,121,6,5,0,0,30,111,4
5724,5,45,21.7,6.97352,0,124,71.7,20.819,0,11,4.2,29.8361,45,119,9,27,119,7,5,0,0,5,0,0,5,0,0,33,124,11,28,113,5,34,122,6,5,0,0,30,120,4
5725,5,45,21.7,6.97352,0,123,70.9,20.7545,0,11,4.2,29.8361,45,119,9,27,114,7,5,0,0,5,0,0,5,0,0,33,122,11,28,114,5,34,123,6,5,0,0,30,117,4
5726,5,45,21.7,6.97352,0,123,70.9,20.7519,0,10,4.2,29.8357,45,118,10,27,115,7,5,0,0,5,0,0,5,0,0,33,120,10,28,112,5,34,123,6,5,0,0,30,121,4
5727,5,45,21.7,6.97352,0,123,71.7,20.8215,0,11,4.3,29.8062,45,123,11,27,120,7,5,0,0,5,0,0,5,0,0,33,119,10,28,114,5,34,123,6,5,0,0,30,118,4
5728,5,45,21.7,6.97352,0,127,71.9,20.8585,0,11,4.1,29.8686,45,127,11,27,111,6,5,0,0,5,0,0,5,0,0,33,117,10,28,118,4,34,119,6,5,0,0,30,127,4
5729,5,45,21.7,6.97352,0,124,71,20.7563,0,12,4.1,29.8692,45,120,12,27,113,6,5,0,0,5,0,0,5,0,0,33,120,9,28,116,4,34,117,6,5,0,0,30,124,4
5730,5,45,21.7,6.97352,0,119,68.7,20.6048,0,11,4,29.8983,45,109,11,27,115,6,5,0,0,5,0,0,5,0,0,33,119,9,28,116,4,34,109,6,5,0,0,30,119,4
5731,5,45,21.7,6.97352,0,117,68.7,20.6009,0,11,4,29.8983,45,114,11,27,117,6,5,0,0,5,0,0,5,0,0,33,117,9,28,116,4,34,110,6,5,0,0,30,113,4
5732,5,45,21.7,6.97352,0,120,68.5,20.6032,0,12,4.1,29.8692,45,114,12,27,114,6,5,0,0,5,0,0,5,0,0,33,120,9,28,117,4,34,112,6,5,0,0,30,108,4
5733,5,45,21.7,6.97352,0,127,69,20.6824,0,11,4,29.8983,45,116,11,27,115,6,5,0,0,5,0,0,5,0,0,33,127,9,28,117,4,34,106,6,5,0,0,30,109,4
5734,5,45,21.7,6.97352,0,123,69.2,20.6625,0,11,3.9,29.9294,45,109,11,27,114,5,5,0,0,5,0,0,5,0,0,33,123,9,28,121,4,34,107,6,5,0,0,30,118,4
5735,5,45,21.7,6.97352,0,124,69.8,20.6849,0,11,3.9,29.9294,45,111,11,27,117,5,5,0,0,5,0,0,5,0,0,33,117,9,28,124,4,34,110,6,5,0,0,30,119,4
5736,5,45,21.7,6.97352,0,123,69.6,20.6593,0,13,4.1,29.8716,45,114,13,27,112,5,5,0,0,5,0,0,5,0,0,33,116,9,28,123,4,34,112,6,5,0,0,30,119,4
5737,5,45,21.7,6.97352,0,122,70.8,20.7471,0,13,4,29.903,45,119,13,27,116,4,5,0,0,5,0,0,5,0,0,33,122,9,28,121,4,34,113,6,5,0,0,30,117,4
5738,5,45,21.7,6.97352,0,127,71.4,20.8203,0,12,3.9,29.9318,45,118,12,27,119,4,5,0,0,5,0,0,5,0,0,33,127,9,28,123,4,34,113,6,5,0,0,30,114,4
5739,5,45,21.7,6.97352,0,125,70.8,20.7616,0,12,4,29.902,45,119,12,27,116,4,5,0,0,5,0,0,5,0,0,33,121,10,28,125,4,34,112,6,5,0,0,30,115,4
5740,5,45,21.7,6.97352,0,124,70.7,20.7656,0,12,3.9,29.9318,45,124,12,27,119,4,5,0,0,5,0,0,5,0,0,33,112,9,28,119,4,34,110,6,5,0,0,30,123,4
5741,5,45,21.7,6.97352,0,121,70.5,20.7192,0,12,3.9,29.9318,45,120,12,27,116,4,5,0,0,5,0,0,5,0,0,33,112,9,28,120,4,34,116,6,5,0,0,30,121,4
5742,5,45,21.7,6.97352,0,126,71.5,20.8162,0,12,3.9,29.9318,45,123,12,27,114,4,5,0,0,5,0,0,5,0,0,33,111,9,28,122,4,34,119,6,5,0,0,30,126,4
5743,5,45,21.7,6.97352,0,126,71.1,20.767,0,10,3.8,29.9589,45,120,10,27,114,4,5,0,0,5,0,0,5,0,0,33,114,9,28,118,4,34,119,6,5,0,0,30,126,5
5744,5,45,21.7,6.97352,0,123,70.7,20.7287,0,10,3.8,29.9589,45,114,10,27,115,4,5,0,0,5,0,0,5,0,0,33,119,9,28,123,4,34,117,6,5,0,0,30,119,5
5745,5,45,21.7,6.97352,0,121,70,20.6812,0,10,4,29.8972,45,115,10,27,112,4,5,0,0,5,0,0,5,0,0,33,121,9,28,120,4,34,116,6,5,0,0,30,116,7
5746,5,45,21.7,6.97352,0,127,70.7,20.7633,0,10,4,29.8972,45,118,10,27,112,4,5,0,0,5,0,0,5,0,0,33,127,9,28,119,4,34,119,6,5,0,0,30,112,7
5747,5,45,21.7,6.97352,0,127,70.4,20.8,0,10,3.8,29.9579,45,123,10,27,127,4,5,0,0,5,0,0,5,0,0,33,120,8,28,111,4,34,117,6,5,0,0,30,106,6
5748,5,45,21.7,6.97352,0,132,72.2,20.9613,0,10,3.8,29.9579,45,119,10,27,129,4,5,0,0,5,0,0,5,0,0,33,132,8,28,117,4,34,117,6,5,0,0,30,108,6
5749,5,45,21.7,6.97352,0,129,72.3,20.9145,0,10,3.9,29.9279,45,117,10,27,121,4,5,0,0,5,0,0,5,0,0,33,129,9,28,121,4,34,125,6,5,0,0,30,110,6
5750,5,45,21.7,6.97352,0,121,69.6,20.6748,0,10,3.9,29.9275,45,121,10,27,113,4,5,0,0,5,0,0,5,0,0,33,119,9,28,114,5,34,119,6,5,0,0,30,110,5
5751,5,45,21.7,6.97352,0,127,71.9,20.8714,0,10,3.9,29.9275,45,122,10,27,115,4,5,0,0,5,0,0,5,0,0,33,127,9,28,119,5,34,125,6,5,0,0,30,111,5
5752,5,45,21.7,6.97352,0,125,71.7,20.8748,0,10,3.9,29.9275,45,119,10,27,125,4,5,0,0,5,0,0,5,0,0,33,124,9,28,118,5,34,124,6,5,0,0,30,107,5
5753,5,45,21.7,6.97352,0,136,72.9,21.0796,0,10,3.9,29.9275,45,124,10,27,128,4,5,0,0,5,0,0,5,0,0,33,124,9,28,112,5,34,136,6,5,0,0,30,105,5
5754,5,45,21.7,6.97352,0,132,71.4,20.9015,0,10,3.8,29.9589,45,123,10,27,132,4,5,0,0,5,0,0,5,0,0,33,123,9,28,108,4,34,118,6,5,0,0,30,110,5
5755,5,45,21.7,6.97352,0,129,69.7,20.7523,0,10,3.8,29.9589,45,117,10,27,129,4,5,0,0,5,0,0,5,0,0,33,117,9,28,104,4,34,119,6,5,0,0,30,111,5
5756,5,45,21.7,6.97352,0,135,71.6,20.926,0,11,3.9,29.9295,45,118,11,27,135,4,5,0,0,5,0,0,5,0,0,33,118,9,28,105,4,34,124,6,5,0,0,30,116,5
5757,5,45,21.7,6.97352,0,132,71.7,20.8679,0,11,3.9,29.9295,45,119,11,27,132,4,5,0,0,5,0,0,5,0,0,33,114,9,28,117,4,34,120,6,5,0,0,30,115,5
5758,5,45,21.7,6.97352,0,121,69.9,20.6879,0,11,3.8,29.9595,45,113,11,27,121,4,5,0,0,5,0,0,5,0,0,33,116,8,28,119,4,34,119,6,5,0,0,30,111,5
5759,5,45,21.7,6.97352,0,122,68.2,20.5864,0,13,4,29.9017,45,110,13,27,122,4,5,0,0,5,0,0,5,0,0,33,112,8,28,112,4,34,115,6,5,0,0,30,111,5
5760,5,45,21.7,6.97352,0,123,70.4,20.7443,0,13,4,29.9014,45,116,13,27,123,4,5,0,0,5,0,0,5,0,0,33,115,8,28,118,5,34,123,5,5,0,0,30,109,5
5761,5,45,21.7,6.97352,0,132,70.9,20.8211,0,13,4,29.9007,45,118,13,27,117,4,5,0,0,5,0,0,5,0,0,33,116,7,28,119,5,34,132,6,5,0,0,30,107,5
5762,5,45,21.7,6.97352,0,122,70.3,20.7188,0,15,4.2,29.8442,45,122,15,27,113,4,5,0,0,5,0,0,5,0,0,33,118,7,28,117,5,34,121,6,5,0,0,30,112,5
5763,5,45,21.7,6.97352,0,124,69.9,20.6957,0,14,4.1,29.8723,45,119,14,27,111,4,5,0,0,5,0,0,5,0,0,33,116,7,28,118,5,34,124,6,5,0,0,30,111,5
5764,5,45,21.7,6.97352,0,124,70.6,20.7403,0,13,4.1,29.87,45,115,13,27,110,4,5,0,0,5,0,0,5,0,0,33,120,7,28,122,5,34,124,7,5,0,0,30,115,5
5765,5,45,21.7,6.97352,0,124,69.9,20.7078,0,12,4,29.8987,45,124,12,27,111,4,5,0,0,5,0,0,5,0,0,33,119,7,28,118,5,34,117,7,5,0,0,30,110,5
5766,5,45,21.7,6.97352,0,128,71.3,20.8121,0,12,4,29.8987,45,128,12,27,112,4,5,0,0,5,0,0,5,0,0,33,116,7,28,121,5,34,120,7,5,0,0,30,116,5
5767,5,45,21.7,6.97352,0,123,70.7,20.7447,0,12,4,29.8987,45,123,12,27,114,4,5,0,0,5,0,0,5,0,0,33,116,7,28,122,5,34,117,7,5,0,0,30,115,5
5768,5,45,21.7,6.97352,0,128,72.1,20.878,0,10,3.7,29.9879,45,128,10,27,117,4,5,0,0,5,0,0,5,0,0,33,120,7,28,124,5,34,117,6,5,0,0,30,115,5
5769,5,45,21.7,6.97352,0,125,70.6,20.755,0,10,3.7,29.9879,45,125,10,27,117,4,5,0,0,5,0,0,5,0,0,33,115,7,28,122,5,34,112,6,5,0,0,30,115,5
5770,5,45,21.7,6.97352,0,120,71,20.7478,0,10,3.7,29.9879,45,117,10,27,119,4,5,0,0,5,0,0,5,0,0,33,118,7,28,120,5,34,116,6,5,0,0,30,120,5
5771,5,45,21.7,6.97352,0,124,72,20.8392,0,10,3.6,30.0189,45,120,10,27,124,4,5,0,0,5,0,0,5,0,0,33,119,7,28,118,5,34,117,5,5,0,0,30,122,5
5772,5,45,21.7,6.97352,0,126,71.6,20.8303,0,10,3.6,30.0189,45,115,10,27,124,4,5,0,0,5,0,0,5,0,0,33,126,7,28,113,5,34,121,5,5,0,0,30,117,5
5773,5,45,21.7,6.97352,0,130,69.2,20.7051,0,10,3.6,30.0189,45,110,10,27,130,4,5,0,0,5,0,0,5,0,0,33,110,7,28,111,5,34,110,5,5,0,0,30,121,5
5774,5,45,21.7,6.97352,0,127,69.8,20.7288,0,9,3.5,30.0485,45,109,9,27,127,4,5,0,0,5,0,0,5,0,0,33,116,7,28,109,5,34,112,5,5,0,0,30,125,5
5775,5,45,21.7,6.97352,0,125,69,20.6718,0,9,3.5,30.0485,45,108,9,27,124,4,5,0,0,5,0,0,5,0,0,33,115,7,28,110,5,34,108,5,5,0,0,30,125,5
5776,5,45,21.7,6.97352,0,124,68.2,20.6515,0,8,3.3,30.1097,45,112,8,27,123,4,5,0,0,5,0,0,5,0,0,33,115,7,28,105,4,34,103,5,5,0,0,30,124,5
5777,5,45,21.8,7.00571,0,129,69.5,20.6943,0,9,3.6,30.0176,45,115,9,28,119,6,5,0,0,5,0,0,5,0,0,33,113,7,28,108,4,34,111,5,5,0,0,30,129,5
5778,5,45,21.8,7.00571,0,123,68.4,20.6471,0,9,3.6,30.0176,45,118,9,28,119,6,5,0,0,5,0,0,5,0,0,33,115,7,28,106,4,34,103,5,5,0,0,30,123,5
5779,5,45,21.8,7.00571,0,118,68.1,20.5816,0,9,3.6,30.0176,45,117,9,28,115,6,5,0,0,5,0,0,5,0,0,33,115,7,28,105,4,34,111,5,5,0,0,30,118,5
5780,5,45,21.8,7.00571,0,127,68.8,20.6749,0,8,3.4,30.0787,45,115,8,28,117,6,5,0,0,5,0,0,5,0,0,33,113,7,28,101,4,34,127,5,5,0,0,30,115,4
5781,5,45,21.8,7.00571,0,136,71.7,20.8783,0,8,3.4,30.0787,45,112,8,28,116,6,5,0,0,5,0,0,5,0,0,33,119,7,28,113,4,34,136,5,5,0,0,30,121,4
5782,5,45,21.8,7.00571,0,126,69.7,20.7075,0,8,3.5,30.0481,45,119,8,28,115,7,5,0,0,5,0,0,5,0,0,33,118,7,28,106,4,34,126,5,5,0,0,30,113,4
5783,5,45,21.8,7.00571,0,133,69.6,20.809,0,8,3.4,30.0787,45,120,8,28,123,6,5,0,0,5,0,0,5,0,0,33,109,7,28,103,4,34,133,5,5,0,0,30,108,4
5784,5,45,21.9,7.04202,0,136,69.7,20.8201,0,8,3.3,30.1093,45,115,8,28,121,6,5,0,0,5,0,0,5,0,0,33,115,6,28,105,4,34,136,5,5,0,0,31,105,4
5785,5,45,21.9,7.04202,0,130,69.9,20.7584,0,8,3.3,30.1093,45,119,8,28,115,6,5,0,0,5,0,0,5,0,0,33,116,6,28,115,4,34,130,5,5,0,0,31,104,4
5786,5,45,21.9,7.04202,0,122,68.5,20.6526,0,8,3.4,30.0787,45,122,8,28,112,7,5,0,0,5,0,0,5,0,0,33,119,6,28,116,4,34,114,5,5,0,0,31,102,4
5787,5,45,21.9,7.04202,0,126,69.1,20.7257,0,8,3.3,30.1096,45,126,8,28,108,7,5,0,0,5,0,0,5,0,0,33,120,5,28,114,4,34,121,5,5,0,0,31,102,4
5788,5,45,21.9,7.04202,0,130,70.1,20.8006,0,8,3.4,30.0787,45,130,8,28,110,7,5,0,0,5,0,0,5,0,0,33,112,5,28,121,4,34,123,6,5,0,0,31,105,4
5789,5,45,22,7.08378,0,129,71.5,20.8819,0,8,3.6,30.0178,45,129,8,28,113,7,5,0,0,5,0,0,5,0,0,33,122,5,28,125,4,35,119,8,5,0,0,31,107,4
5790,5,45,22,7.08378,0,134,73.1,21.051,0,10,3.8,29.9581,45,134,10,28,118,7,5,0,0,5,0,0,5,0,0,33,112,5,28,128,4,35,128,8,5,0,0,31,111,4
5791,5,45,22,7.08378,0,126,72.5,20.8971,0,11,3.9,29.9288,45,125,11,28,120,7,5,0,0,5,0,0,5,0,0,33,118,5,28,120,4,35,126,8,5,0,0,31,116,4
5792,5,45,22,7.08378,0,128,70.9,20.7755,0,11,3.9,29.9288,45,120,11,28,118,7,5,0,0,5,0,0,5,0,0,33,115,5,28,114,4,35,128,8,5,0,0,31,114,4
5793,5,45,22,7.08378,0,118,69.4,20.637,0,11,3.8,29.9591,45,117,11,28,115,7,5,0,0,5,0,0,5,0,0,33,118,5,28,112,4,35,116,7,5,0,0,31,116,4
5794,5,45,22,7.08378,0,118,69,20.6195,0,11,3.7,29.9905,45,114,11,28,117,6,5,0,0,5,0,0,5,0,0,33,115,6,28,108,3,35,118,7,5,0,0,31,118,4
5795,5,45,22,7.08378,0,121,70.5,20.723,0,11,3.7,29.9905,45,117,11,28,119,6,5,0,0,5,0,0,5,0,0,33,120,6,28,112,3,35,121,7,5,0,0,31,116,4
5796,5,45,22,7.08378,0,123,70.5,20.7127,0,11,3.7,29.9905,45,114,11,28,115,6,5,0,0,5,0,0,5,0,0,33,115,6,28,117,3,35,123,7,5,0,0,31,121,4
5797,5,45,22,7.08378,0,124,70.3,20.7196,0,10,3.5,30.0514,45,120,10,28,115,6,5,0,0,5,0,0,5,0,0,33,118,6,28,113,3,35,124,7,5,0,0,31,113,3
5798,5,45,22,7.08378,0,121,69.9,20.6894,0,10,3.5,30.0514,45,115,10,28,121,6,5,0,0,5,0,0,5,0,0,33,116,6,28,115,3,35,121,7,5,0,0,31,111,3
5799,5,45,22,7.08378,0,127,71,20.8194,0,9,3.5,30.0495,45,125,9,28,115,6,5,0,0,5,0,0,5,0,0,33,106,6,28,127,3,35,121,7,5,0,0,31,116,4
5800,5,45,22,7.08378,0,122,69.6,20.6819,0,9,3.5,30.0495,45,122,9,28,115,6,5,0,0,5,0,0,5,0,0,33,107,6,28,119,3,35,119,7,5,0,0,31,114,4
5801,5,45,22,7.08378,0,121,69.7,20.701,0,9,3.4,30.081,45,120,9,28,118,6,5,0,0,5,0,0,5,0,0,33,104,6,28,119,3,35,121,7,5,0,0,31,115,3
5802,5,45,22,7.08378,0,129,72.3,20.9188,0,9,3.4,30.081,45,129,9,28,127,6,5,0,0,5,0,0,5,0,0,33,113,6,28,120,3,35,117,7,5,0,0,31,117,3
5803,5,45,22,7.08378,0,129,72.4,20.934,0,9,3.4,30.081,45,124,9,28,126,6,5,0,0,5,0,0,5,0,0,33,118,6,28,129,3,35,111,7,5,0,0,31,116,3
5804,5,45,22,7.08378,0,130,70.4,20.7796,0,9,3.4,30.081,45,124,9,28,110,6,5,0,0,5,0,0,5,0,0,33,114,6,28,130,3,35,113,7,5,0,0,31,113,3
5805,5,45,22,7.08378,0,129,70.6,20.7781,0,9,3.4,30.081,45,123,9,28,110,6,5,0,0,5,0,0,5,0,0,33,112,6,28,129,3,35,113,7,5,0,0,31,119,3
5806,5,45,22,7.08378,0,119,67.6,20.5488,0,10,3.4,30.0823,45,119,10,28,110,6,5,0,0,5,0,0,5,0,0,33,109,5,28,116,3,35,110,7,5,0,0,31,112,3
5807,5,45,22,7.08378,0,115,67,20.504,0,11,3.5,30.0531,45,110,11,28,110,6,5,0,0,5,0,0,5,0,0,33,115,5,28,114,3,35,107,7,5,0,0,31,114,3
5808,5,45,22,7.08378,0,125,69.6,20.675,0,11,3.5,30.0531,45,111,11,28,115,6,5,0,0,5,0,0,5,0,0,33,115,5,28,121,3,35,109,7,5,0,0,31,125,3
5809,5,45,22,7.08378,0,126,70.2,20.7132,0,11,3.5,30.0531,45,111,11,28,115,6,5,0,0,5,0,0,5,0,0,33,112,5,28,123,3,35,115,7,5,0,0,31,126,3
5810,5,45,22,7.08378,0,127,70.5,20.721,0,11,3.6,30.0215,45,115,11,28,115,6,5,0,0,5,0,0,5,0,0,33,114,5,28,117,3,35,117,7,5,0,0,31,127,4
5811,5,45,22,7.08378,0,123,70.8,20.7375,0,11,3.6,30.0215,45,112,11,28,117,6,5,0,0,5,0,0,5,0,0,33,116,5,28,118,3,35,123,7,5,0,0,31,122,4
5812,5,45,22,7.08378,0,130,71.3,20.8081,0,11,3.6,30.0215,45,120,11,28,115,6,5,0,0,5,0,0,5,0,0,33,114,5,28,112,3,35,122,7,5,0,0,31,130,4
5813,5,45,22,7.08378,0,125,70.8,20.7648,0,11,3.6,30.0215,45,125,11,28,113,6,5,0,0,5,0,0,5,0,0,33,112,5,28,114,3,35,121,7,5,0,0,31,123,4
5814,5,45,22,7.08378,0,124,72,20.8468,0,11,3.6,30.0215,45,120,11,28,123,6,5,0,0,5,0,0,5,0,0,33,113,5,28,117,3,35,123,7,5,0,0,31,124,4
5815,5,45,22,7.08378,0,128,72.4,20.9039,0,10,3.3,30.1129,45,124,10,28,128,6,5,0,0,5,0,0,5,0,0,33,117,5,28,114,3,35,118,6,5,0,0,31,123,3
5816,5,45,22,7.08378,0,130,72.9,20.9422,0,10,3.2,30.1438,45,118,10,28,124,5,5,0,0,5,0,0,5,0,0,33,130,5,28,117,3,35,117,6,5,0,0,31,123,3
5817,5,45,22,7.08378,0,129,71.9,20.8959,0,10,3.4,30.0823,45,111,10,28,127,5,5,0,0,5,0,0,5,0,0,33,129,6,28,111,3,35,116,7,5,0,0,31,125,3
5818,5,45,22,7.08378,0,127,72.7,20.9043,0,10,3.6,30.0205,45,117,10,28,125,5,5,0,0,5,0,0,5,0,0,33,117,6,28,119,3,35,122,8,5,0,0,31,127,4
5819,5,45,22.1,7.1211,0,125,73.4,20.9584,0,10,4.2,29.8375,45,119,10,28,122,5,5,0,0,5,0,0,5,0,0,33,120,6,28,125,3,35,125,8,5,0,0,32,123,10
5820,5,45,22.1,7.1211,0,124,70.6,20.7409,0,10,4.1,29.8686,45,114,10,28,122,5,5,0,0,5,0,0,5,0,0,33,112,5,28,124,3,35,115,8,5,0,0,32,119,10
5821,5,45,22.1,7.1211,0,129,72.7,20.9409,0,10,4.1,29.8686,45,111,10,28,129,5,5,0,0,5,0,0,5,0,0,33,118,5,28,128,3,35,121,8,5,0,0,32,120,10
5822,5,45,22.1,7.1211,0,126,70.5,20.7482,0,9,3.9,29.9281,45,113,9,28,126,5,5,0,0,5,0,0,5,0,0,33,112,5,28,122,3,35,117,8,5,0,0,32,115,9
5823,5,45,22.1,7.1211,0,123,69.2,20.6597,0,10,3.9,29.9288,45,107,9,28,119,5,5,0,0,5,0,0,5,0,0,33,111,5,28,123,3,35,120,7,5,0,0,32,112,10
5824,5,45,22.1,7.1211,0,118,68.9,20.6131,0,10,4.1,29.8666,45,106,9,28,117,5,5,0,0,5,0,0,5,0,0,33,116,5,28,114,4,35,118,8,5,0,0,32,118,10
5825,5,45,22.1,7.1211,0,125,70.8,20.759,0,10,4.1,29.8666,45,111,9,28,121,5,5,0,0,5,0,0,5,0,0,33,125,5,28,118,4,35,118,8,5,0,0,32,115,10
5826,5,45,22.1,7.1211,0,121,69.8,20.6728,0,10,4,29.8971,45,116,9,28,113,5,5,0,0,5,0,0,5,0,0,33,120,5,28,121,4,35,112,7,5,0,0,32,116,10
5827,5,45,22.1,7.1211,0,122,69.3,20.6649,0,10,3.9,29.9285,45,119,9,28,105,4,5,0,0,5,0,0,5,0,0,33,119,5,28,122,4,35,113,7,5,0,0,32,115,10
5828,5,45,22.1,7.1211,0,121,68.9,20.654,0,10,3.9,29.9285,45,121,9,28,103,4,5,0,0,5,0,0,5,0,0,33,113,5,28,120,4,35,120,7,5,0,0,32,112,10
5829,5,45,22.1,7.1211,0,122,69.7,20.6824,0,10,4,29.8987,45,120,10,28,108,4,5,0,0,5,0,0,5,0,0,33,111,5,28,120,4,35,122,7,5,0,0,32,116,10
5830,5,45,22.1,7.1211,0,122,68.2,20.5921,0,10,3.9,29.9284,45,115,10,28,105,4,5,0,0,5,0,0,5,0,0,33,114,5,28,116,4,35,122,7,5,0,0,32,110,9
5831,5,45,22.1,7.1211,0,124,69.8,20.7013,0,10,4,29.8987,45,124,10,28,109,4,5,0,0,5,0,0,5,0,0,33,116,5,28,118,4,35,120,7,5,0,0,32,111,10
5832,5,45,22.1,7.1211,0,134,72.2,20.9476,0,11,3.9,29.9308,45,134,11,28,116,4,5,0,0,5,0,0,5,0,0,33,121,5,28,121,3,35,121,7,5,0,0,32,109,9
5833,5,45,22.1,7.1211,0,127,72,20.8922,0,9,3.6,30.0198,45,124,9,28,119,4,5,0,0,5,0,0,5,0,0,33,127,5,28,124,3,35,116,7,5,0,0,32,110,8
5834,5,45,22.1,7.1211,0,129,72.8,20.9275,0,10,3.7,29.9901,45,117,10,28,123,4,5,0,0,5,0,0,5,0,0,33,118,5,28,129,3,35,124,7,5,0,0,32,117,8
5835,5,45,22.1,7.1211,0,125,71.6,20.8215,0,10,3.7,29.9901,45,115,10,28,118,4,5,0,0,5,0,0,5,0,0,33,122,5,28,123,3,35,125,7,5,0,0,32,113,8
5836,5,45,22.1,7.1211,0,133,70.2,20.8044,0,9,3.6,30.0198,45,110,9,28,123,4,5,0,0,5,0,0,5,0,0,33,133,5,28,114,3,35,114,7,5,0,0,32,108,8
5837,5,45,22.1,7.1211,0,127,71.2,20.7908,0,9,3.5,30.0514,45,110,9,28,117,3,5,0,0,5,0,0,5,0,0,33,127,5,28,116,3,35,121,7,5,0,0,32,121,8
5838,5,45,22.1,7.1211,0,123,71.6,20.8107,0,9,3.4,30.0816,45,114,9,28,123,3,5,0,0,5,0,0,5,0,0,33,123,5,28,120,3,35,119,7,5,0,0,32,117,7
5839,5,45,22.1,7.1211,0,134,72.2,20.9491,0,9,3.4,30.0816,45,108,9,28,134,3,5,0,0,5,0,0,5,0,0,33,124,5,28,123,3,35,119,7,5,0,0,32,114,7
5840,5,45,22.1,7.1211,0,131,71.7,20.8525,0,9,3.5,30.0507,45,113,9,28,131,3,5,0,0,5,0,0,5,0,0,33,117,6,28,120,3,35,118,7,5,0,0,32,118,7
5841,5,45,22.1,7.1211,0,127,70.9,20.7768,0,9,3.4,30.0813,45,112,9,28,127,3,5,0,0,5,0,0,5,0,0,33,116,6,28,117,3,35,122,6,5,0,0,32,115,7
5842,5,45,22.1,7.1211,0,121,70,20.6897,0,9,3.6,30.019,45,113,9,28,121,3,5,0,0,5,0,0,5,0,0,33,118,7,28,115,4,35,120,6,5,0,0,32,113,7
5843,5,45,22.1,7.1211,0,128,71.1,20.7916,0,10,3.7,29.9894,45,117,10,28,128,3,5,0,0,5,0,0,5,0,0,33,117,7,28,117,4,35,117,6,5,0,0,32,115,7
5844,5,45,22.1,7.1211,0,121,70.3,20.7049,0,10,3.6,30.02,45,119,10,28,118,3,5,0,0,5,0,0,5,0,0,33,112,6,28,115,4,35,121,6,5,0,0,32,118,7
5845,5,45,22.1,7.1211,0,127,70.4,20.747,0,10,3.5,30.0506,45,122,10,28,115,3,5,0,0,5,0,0,5,0,0,33,110,6,28,116,4,35,127,6,5,0,0,32,114,6
5846,5,45,22.1,7.1211,0,127,70.7,20.7774,0,9,3.5,30.0489,45,125,9,28,111,3,5,0,0,5,0,0,5,0,0,33,113,6,28,117,5,35,127,6,5,0,0,32,114,6
5847,5,45,22.2,7.15402,0,130,70.7,20.8052,0,9,3.8,29.9569,45,130,8,28,116,3,5,0,0,5,0,0,5,0,0,33,109,6,29,112,9,35,124,6,5,0,0,32,116,6
5848,5,45,22.2,7.15402,0,124,70.3,20.7576,0,9,3.8,29.9569,45,122,8,28,121,3,5,0,0,5,0,0,5,0,0,33,106,6,29,124,9,35,117,6,5,0,0,32,113,6
5849,5,45,22.2,7.15402,0,122,69.9,20.6819,0,9,3.8,29.9569,45,122,8,28,114,3,5,0,0,5,0,0,5,0,0,33,111,6,29,117,9,35,117,6,5,0,0,32,118,6
5850,5,45,22.2,7.15402,0,121,69.6,20.6704,0,9,3.8,29.9569,45,121,8,28,114,3,5,0,0,5,0,0,5,0,0,33,111,6,29,121,9,35,116,6,5,0,0,32,113,6
5851,5,45,22.2,7.15402,0,122,69.8,20.6742,0,8,3.7,29.987,45,122,8,28,116,3,5,0,0,5,0,0,5,0,0,33,113,6,29,116,8,35,115,6,5,0,0,32,116,6
5852,5,45,22.2,7.15402,0,121,70.5,20.7133,0,8,3.7,29.987,45,117,8,28,111,3,5,0,0,5,0,0,5,0,0,33,119,6,29,117,8,35,120,6,5,0,0,32,121,6
5853,5,45,22.2,7.15402,0,121,69.6,20.6605,0,8,3.6,30.0166,45,121,8,28,110,4,5,0,0,5,0,0,5,0,0,33,118,5,29,114,7,35,116,6,5,0,0,32,117,6
5854,5,45,22.2,7.15402,0,131,70.5,20.7771,0,8,3.8,29.9543,45,131,8,28,113,5,5,0,0,5,0,0,5,0,0,33,117,6,29,112,7,35,115,6,5,0,0,32,117,6
5855,5,45,22.2,7.15402,0,125,69.8,20.7452,0,8,3.7,29.9853,45,121,8,28,115,5,5,0,0,5,0,0,5,0,0,33,122,5,29,101,7,35,114,6,5,0,0,32,125,6
5856,5,45,22.2,7.15402,0,129,69.8,20.7327,0,8,3.7,29.9853,45,117,8,28,109,5,5,0,0,5,0,0,5,0,0,33,129,5,29,106,7,35,117,6,5,0,0,32,120,6
5857,5,45,22.2,7.15402,0,125,71.3,20.7791,0,8,3.6,30.0162,45,120,8,28,117,5,5,0,0,5,0,0,5,0,0,33,119,5,29,115,7,35,117,6,5,0,0,32,125,5
5858,5,45,22.2,7.15402,0,129,73.7,21.0086,0,8,3.6,30.0162,45,129,8,28,119,5,5,0,0,5,0,0,5,0,0,33,122,5,29,118,7,35,126,6,5,0,0,32,123,5
5859,5,45,22.2,7.15402,0,131,75.3,21.165,0,8,3.6,30.0162,45,123,8,28,122,5,5,0,0,5,0,0,5,0,0,33,120,5,29,127,7,35,131,6,5,0,0,32,130,5
5860,5,45,22.2,7.15402,0,128,73.4,20.9763,0,8,3.6,30.0162,45,122,8,28,120,5,5,0,0,5,0,0,5,0,0,33,124,5,29,128,7,35,123,6,5,0,0,32,117,5
5861,5,45,22.2,7.15402,0,126,72,20.8505,0,8,3.6,30.0162,45,119,8,28,119,5,5,0,0,5,0,0,5,0,0,33,126,5,29,123,7,35,117,6,5,0,0,32,116,5
5862,5,45,22.2,7.15402,0,123,71,20.7807,0,8,3.6,30.0162,45,123,8,28,113,5,5,0,0,5,0,0,5,0,0,33,123,5,29,122,6,35,115,7,5,0,0,32,114,5
5863,5,45,22.2,7.15402,0,123,71.2,20.7811,0,8,3.6,30.0162,45,122,8,28,115,5,5,0,0,5,0,0,5,0,0,33,123,5,29,120,6,35,115,7,5,0,0,32,117,5
5864,5,45,22.2,7.15402,0,126,72,20.8429,0,8,3.6,30.0162,45,122,8,28,112,5,5,0,0,5,0,0,5,0,0,33,120,5,29,119,6,35,121,7,5,0,0,32,126,5
5865,5,45,22.2,7.15402,0,123,72,20.8301,0,7,3.6,30.0156,45,118,7,28,115,5,5,0,0,5,0,0,5,0,0,33,121,5,29,121,6,35,123,7,5,0,0,32,122,6
5866,5,45,22.2,7.15402,0,124,72.1,20.8456,0,7,3.6,30.0163,45,122,7,28,117,5,5,0,0,5,0,0,5,0,0,33,124,4,29,118,7,35,120,7,5,0,0,32,120,6
5867,5,45,22.2,7.15402,0,120,69.7,20.6608,0,8,3.7,29.986,45,118,7,28,110,5,5,0,0,5,0,0,5,0,0,33,116,4,29,120,8,35,117,7,5,0,0,32,116,6
5868,5,45,22.2,7.15402,0,120,70,20.6862,0,8,3.7,29.986,45,117,7,28,108,5,5,0,0,5,0,0,5,0,0,33,120,4,29,118,8,35,119,7,5,0,0,32,118,6
5869,5,45,22.2,7.15402,0,121,69.9,20.6722,0,8,3.7,29.986,45,116,7,28,114,5,5,0,0,5,0,0,5,0,0,33,118,4,29,121,8,35,114,7,5,0,0,32,116,6
5870,5,45,22.2,7.15402,0,120,69.1,20.6237,0,8,3.6,30.0166,45,117,7,28,113,5,5,0,0,5,0,0,5,0,0,33,114,4,29,120,8,35,111,6,5,0,0,32,116,6
5871,5,45,22.2,7.15402,0,121,68.7,20.6091,0,8,3.6,30.0166,45,112,7,28,118,5,5,0,0,5,0,0,5,0,0,33,109,4,29,121,8,35,113,6,5,0,0,32,114,6
5872,5,45,22.2,7.15402,0,124,68.8,20.6289,0,8,3.6,30.0166,45,115,7,28,112,5,5,0,0,5,0,0,5,0,0,33,114,4,29,124,8,35,107,6,5,0,0,32,116,6
5873,5,45,22.2,7.15402,0,120,68.5,20.6066,0,8,3.7,29.9863,45,119,8,28,113,5,5,0,0,5,0,0,5,0,0,33,113,4,29,120,8,35,110,6,5,0,0,32,110,6
5874,5,45,22.2,7.15402,0,117,66.9,20.5084,0,10,3.8,29.9575,45,109,8,28,113,5,5,0,0,5,0,0,5,0,0,33,112,4,29,117,10,35,111,6,5,0,0,32,107,5
5875,5,45,22.2,7.15402,0,119,68.2,20.5793,0,9,3.8,29.9572,45,104,9,28,113,5,5,0,0,5,0,0,5,0,0,33,119,4,29,112,9,35,116,6,5,0,0,32,118,5
5876,5,45,22.2,7.15402,0,126,69.2,20.6786,0,8,3.4,30.0787,45,108,7,28,110,5,5,0,0,5,0,0,5,0,0,33,126,4,29,107,8,35,120,6,5,0,0,32,121,4
5877,5,45,22.2,7.15402,0,136,70.9,20.8461,0,8,3.4,30.0787,45,112,7,28,107,5,5,0,0,5,0,0,5,0,0,33,136,4,29,114,8,35,120,6,5,0,0,32,120,4
5878,5,45,22.2,7.15402,0,128,71.4,20.8456,0,8,3.4,30.0787,45,122,7,28,104,5,5,0,0,5,0,0,5,0,0,33,128,4,29,118,8,35,120,6,5,0,0,32,122,4
5879,5,45,22.2,7.15402,0,131,72.2,20.9378,0,8,3.3,30.11,45,127,7,28,106,4,5,0,0,5,0,0,5,0,0,33,126,4,29,114,8,35,118,6,5,0,0,32,131,4
5880,5,45,22.2,7.15402,0,128,72.4,20.936,0,7,3.2,30.1402,45,125,7,28,107,4,5,0,0,5,0,0,5,0,0,33,125,4,29,113,7,35,126,6,5,0,0,32,128,4
5881,5,45,22.3,7.19236,0,131,72.5,20.9279,0,7,3.2,30.1396,45,131,6,28,116,4,5,0,0,5,0,0,5,0,0,33,119,4,29,118,6,35,114,7,5,0,0,33,127,5
5882,5,45,22.3,7.19236,0,129,73.8,21.0196,0,6,3.1,30.1701,45,129,6,28,123,4,5,0,0,5,0,0,5,0,0,33,123,4,29,120,6,35,118,6,5,0,0,33,125,5
5883,5,45,22.3,7.19236,0,127,70.9,20.7934,0,7,3.1,30.1711,45,127,6,28,117,4,5,0,0,5,0,0,5,0,0,33,111,3,29,123,6,35,118,7,5,0,0,33,113,5
5884,5,45,22.3,7.19236,0,123,71.2,20.781,0,7,3.1,30.1711,45,123,6,28,118,4,5,0,0,5,0,0,5,0,0,33,114,3,29,117,6,35,123,7,5,0,0,33,117,5
5885,5,45,22.3,7.19236,0,131,72.7,20.9647,0,7,3.1,30.1711,45,122,6,28,128,4,5,0,0,5,0,0,5,0,0,33,114,3,29,119,6,35,131,7,5,0,0,33,113,5
5886,5,45,22.3,7.19236,0,135,73.8,21.0829,0,7,3.2,30.1406,45,125,7,28,129,4,5,0,0,5,0,0,5,0,0,33,113,3,29,119,6,35,135,7,5,0,0,33,117,5
5887,5,45,22.3,7.19236,0,126,71.1,20.8117,0,7,3.1,30.1711,45,121,7,28,124,4,5,0,0,5,0,0,5,0,0,33,112,3,29,117,6,35,126,6,5,0,0,33,111,5
5888,5,45,22.3,7.19236,0,120,69.5,20.6708,0,7,3,30.2019,45,120,7,28,119,4,5,0,0,5,0,0,5,0,0,33,113,3,29,107,5,35,117,6,5,0,0,33,119,5
5889,5,45,22.3,7.19236,0,128,70.7,20.8135,0,7,2.9,30.2327,45,126,7,28,128,4,5,0,0,5,0,0,5,0,0,33,113,3,29,108,5,35,116,5,5,0,0,33,116,5
5890,5,45,22.3,7.19236,0,125,70.6,20.772,0,7,2.9,30.2327,45,125,7,28,123,4,5,0,0,5,0,0,5,0,0,33,109,3,29,112,5,35,116,5,5,0,0,33,121,5
5891,5,45,22.3,7.19236,0,130,72.6,20.9838,0,7,2.9,30.2327,45,130,7,28,126,4,5,0,0,5,0,0,5,0,0,33,105,3,29,120,5,35,118,5,5,0,0,33,127,5
5892,5,45,22.3,7.19236,0,133,71.5,20.9332,0,8,3,30.2026,45,119,8,28,133,4,5,0,0,5,0,0,5,0,0,33,100,3,29,116,5,35,123,5,5,0,0,33,124,5
5893,5,45,22.3,7.19236,0,136,71.3,20.9268,0,8,2.9,30.2336,45,113,8,28,136,4,5,0,0,5,0,0,5,0,0,33,105,3,29,121,5,35,111,5,5,0,0,33,127,4
5894,5,45,22.3,7.19236,0,138,72,20.993,0,8,3,30.2026,45,118,8,28,138,4,5,0,0,5,0,0,5,0,0,33,107,3,29,127,5,35,111,5,5,0,0,33,119,5
5895,5,45,22.3,7.19236,0,135,74.2,21.0976,0,8,2.9,30.2337,45,120,8,28,135,4,5,0,0,5,0,0,5,0,0,33,117,3,29,128,4,35,122,5,5,0,0,33,120,5
5896,5,45,22.3,7.19236,0,127,72.8,20.9242,0,8,2.9,30.2337,45,121,8,28,123,4,5,0,0,5,0,0,5,0,0,33,115,3,29,127,4,35,124,5,5,0,0,33,118,5
5897,5,45,22.3,7.19236,0,127,71.8,20.8386,0,8,2.9,30.2337,45,115,8,28,118,4,5,0,0,5,0,0,5,0,0,33,118,3,29,125,4,35,127,5,5,0,0,33,115,5
5898,5,45,22.3,7.19236,0,123,71,20.765,0,8,3,30.203,45,118,8,28,123,4,5,0,0,5,0,0,5,0,0,33,115,3,29,121,4,35,118,5,5,0,0,33,115,6
5899,5,45,22.3,7.19236,0,129,72.9,20.9548,0,8,3,30.203,45,129,8,28,121,4,5,0,0,5,0,0,5,0,0,33,118,3,29,122,4,35,125,5,5,0,0,33,114,6
5900,5,45,22.3,7.19236,0,134,72.7,20.9767,0,8,3,30.203,45,134,8,28,119,4,5,0,0,5,0,0,5,0,0,33,121,3,29,114,4,35,125,5,5,0,0,33,114,6
5901,5,45,22.3,7.19236,0,135,70.5,20.8364,0,7,2.8,30.2637,45,135,7,28,107,4,5,0,0,5,0,0,5,0,0,33,111,3,29,111,4,35,119,5,5,0,0,33,122,5
5902,5,45,22.3,7.19236,0,124,69.8,20.7021,0,8,3,30.2026,45,124,8,28,115,5,5,0,0,5,0,0,5,0,0,33,115,3,29,111,4,35,110,5,5,0,0,33,123,5
5903,5,45,22.3,7.19236,0,122,71.4,20.7874,0,8,3.1,30.1718,45,122,8,28,119,5,5,0,0,5,0,0,5,0,0,33,114,3,29,119,4,35,119,5,5,0,0,33,121,6
5904,5,45,22.3,7.19236,0,124,70,20.7132,0,8,3,30.203,45,124,8,28,119,5,5,0,0,5,0,0,5,0,0,33,116,3,29,114,4,35,109,4,5,0,0,33,118,6
5905,5,45,22.3,7.19236,0,133,69.8,20.7792,0,8,2.9,30.2337,45,133,8,28,120,5,5,0,0,5,0,0,5,0,0,33,109,3,29,110,4,35,113,4,5,0,0,33,113,5
5906,5,45,22.3,7.19236,0,131,71.1,20.8311,0,8,2.9,30.2337,45,131,8,28,122,5,5,0,0,5,0,0,5,0,0,33,112,3,29,114,4,35,114,4,5,0,0,33,118,5
5907,5,45,22.3,7.19236,0,133,71.9,20.9154,0,7,2.8,30.2637,45,133,7,28,124,5,5,0,0,5,0,0,5,0,0,33,119,3,29,116,4,35,111,4,5,0,0,33,116,5
5908,5,45,22.3,7.19236,0,123,71.1,20.7662,0,8,3,30.2022,45,119,8,28,114,5,5,0,0,5,0,0,5,0,0,33,123,4,29,120,4,35,119,4,5,0,0,33,116,5
5909,5,45,22.3,7.19236,0,120,70.6,20.7315,0,7,2.9,30.2323,45,120,7,28,118,5,5,0,0,5,0,0,5,0,0,33,120,4,29,117,4,35,118,4,5,0,0,33,113,5
5910,5,45,22.3,7.19236,0,124,70.2,20.7211,0,7,2.9,30.2323,45,119,7,28,124,5,5,0,0,5,0,0,5,0,0,33,112,4,29,115,4,35,119,4,5,0,0,33,113,5
5911,5,45,22.3,7.19236,0,130,71.2,20.8219,0,7,2.9,30.2331,45,117,7,28,130,5,5,0,0,5,0,0,5,0,0,33,114,3,29,121,4,35,117,4,5,0,0,33,113,6
5912,5,45,22.3,7.19236,0,121,70.7,20.7374,0,7,3,30.202,45,119,7,28,121,5,5,0,0,5,0,0,5,0,0,33,117,4,29,117,3,35,119,5,5,0,0,33,114,6
5913,5,45,22.3,7.19236,0,125,70.2,20.7823,0,7,3.1,30.1716,45,124,7,28,118,5,5,0,0,5,0,0,5,0,0,33,103,4,29,125,3,35,121,5,5,0,0,33,111,7
5914,5,45,22.3,7.19236,0,122,68.9,20.643,0,7,2.9,30.2335,45,116,6,28,117,5,5,0,0,5,0,0,5,0,0,33,106,3,29,118,3,35,122,5,5,0,0,33,110,7
5915,5,45,22.3,7.19236,0,123,69.1,20.634,0,8,2.9,30.2345,45,116,6,28,114,5,5,0,0,5,0,0,5,0,0,33,112,3,29,115,3,35,123,4,5,0,0,33,111,8
5916,5,45,22.3,7.19236,0,117,68.5,20.582,0,8,3,30.2034,45,117,6,28,114,5,5,0,0,5,0,0,5,0,0,33,112,3,29,111,3,35,116,5,5,0,0,33,115,8
5917,5,45,22.3,7.19236,0,118,67,20.518,0,8,3.1,30.1719,45,105,6,28,116,5,5,0,0,5,0,0,5,0,0,33,106,4,29,111,3,35,114,5,5,0,0,33,118,8
5918,5,45,22.3,7.19236,0,124,70,20.709,0,8,3.1,30.1719,45,113,6,28,124,5,5,0,0,5,0,0,5,0,0,33,109,4,29,116,3,35,122,5,5,0,0,33,116,8
5919,5,45,22.3,7.19236,0,125,70.9,20.7787,0,8,3.2,30.1408,45,115,6,28,125,5,5,0,0,5,0,0,5,0,0,33,108,5,29,118,3,35,122,5,5,0,0,33,121,8
5920,5,45,22.3,7.19236,0,133,70.7,20.8153,0,8,3.4,30.079,45,117,6,28,133,5,5,0,0,5,0,0,5,0,0,33,112,6,29,117,3,35,110,6,5,0,0,33,118,8
5921,5,45,22.3,7.19236,0,131,72.5,20.9381,0,8,3.3,30.1102,45,121,6,28,131,4,5,0,0,5,0,0,5,0,0,33,119,6,29,117,3,35,111,6,5,0,0,33,126,8
5922,5,45,22.3,7.19236,0,130,71.7,20.8517,0,7,3.2,30.1404,45,118,6,28,119,4,5,0,0,5,0,0,5,0,0,33,130,6,29,117,3,35,111,6,5,0,0,33,122,7
5923,5,45,22.3,7.19236,0,128,70.7,20.7747,0,7,3.2,30.1404,45,115,6,28,111,4,5,0,0,5,0,0,5,0,0,33,126,6,29,116,3,35,111,6,5,0,0,33,128,7
5924,5,45,22.3,7.19236,0,122,70.5,20.7135,0,7,3.2,30.1404,45,113,6,28,120,4,5,0,0,5,0,0,5,0,0,33,117,6,29,117,3,35,116,6,5,0,0,33,122,7
5925,5,45,22.3,7.19236,0,123,71.5,20.7909,0,7,3.2,30.1404,45,114,6,28,118,4,5,0,0,5,0,0,5,0,0,33,121,6,29,117,3,35,123,6,5,0,0,33,122,7
5926,5,45,22.3,7.19236,0,125,71.9,20.8351,0,7,3.3,30.1088,45,113,6,28,123,4,5,0,0,5,0,0,5,0,0,33,121,6,29,116,4,35,121,6,5,0,0,33,125,7
5927,5,45,22.3,7.19236,0,125,70.9,20.7766,0,7,3.3,30.1088,45,106,6,28,123,4,5,0,0,5,0,0,5,0,0,33,118,6,29,117,4,35,120,6,5,0,0,33,125,7
5928,5,45,22.3,7.19236,0,121,69.1,20.6675,0,7,3.2,30.1397,45,108,6,28,120,4,5,0,0,5,0,0,5,0,0,33,119,6,29,104,4,35,121,5,5,0,0,33,119,7
5929,5,45,22.3,7.19236,0,126,70.8,20.7678,0,7,3.2,30.1397,45,112,6,28,117,4,5,0,0,5,0,0,5,0,0,33,124,6,29,111,4,35,126,5,5,0,0,33,118,7
5930,5,45,22.3,7.19236,0,123,70.1,20.7088,0,7,3.1,30.1709,45,108,6,28,119,4,5,0,0,5,0,0,5,0,0,33,123,6,29,115,4,35,121,4,5,0,0,33,115,7
5931,5,45,22.3,7.19236,0,125,70.1,20.7197,0,7,3.1,30.1719,45,109,6,28,125,4,5,0,0,5,0,0,5,0,0,33,120,7,29,116,3,35,118,4,5,0,0,33,113,7
5932,5,45,22.3,7.19236,0,125,69,20.6814,0,7,3.1,30.1719,45,103,6,28,125,4,5,0,0,5,0,0,5,0,0,33,117,7,29,116,3,35,120,4,5,0,0,33,109,7
5933,5,45,22.3,7.19236,0,127,70.2,20.7335,0,7,3,30.2034,45,107,6,28,127,3,5,0,0,5,0,0,5,0,0,33,116,7,29,116,3,35,119,4,5,0,0,33,117,7
5934,5,45,22.3,7.19236,0,125,68.6,20.6533,0,7,2.9,30.2337,45,110,6,28,122,3,5,0,0,5,0,0,5,0,0,33,113,7,29,109,3,35,125,4,5,0,0,33,107,6
5935,5,45,22.3,7.19236,0,123,68.3,20.6278,0,7,3,30.2034,45,123,6,28,116,3,5,0,0,5,0,0,5,0,0,33,110,7,29,110,3,35,118,4,5,0,0,33,106,7
5936,5,45,22.3,7.19236,0,120,68.5,20.6125,0,7,3,30.2034,45,118,6,28,117,3,5,0,0,5,0,0,5,0,0,33,111,7,29,106,3,35,120,4,5,0,0,33,113,7
5937,5,45,22.3,7.19236,0,124,69.5,20.6912,0,7,3,30.2034,45,113,6,28,118,3,5,0,0,5,0,0,5,0,0,33,117,7,29,103,3,35,120,4,5,0,0,33,124,7
5938,5,45,22.3,7.19236,0,124,69.4,20.6735,0,7,3,30.2034,45,117,6,28,116,3,5,0,0,5,0,0,5,0,0,33,107,7,29,109,3,35,121,4,5,0,0,33,124,7
5939,5,45,22.3,7.19236,0,135,71,20.8149,0,7,3,30.2034,45,116,6,28,119,3,5,0,0,5,0,0,5,0,0,33,112,7,29,114,3,35,114,4,5,0,0,33,135,7
5940,5,45,22.3,7.19236,0,139,71.5,20.8991,0,7,2.9,30.2338,45,116,6,28,122,3,5,0,0,5,0,0,5,0,0,33,115,6,29,112,3,35,111,4,5,0,0,33,139,7
5941,5,45,22.3,7.19236,0,137,72.6,20.9346,0,7,3,30.2027,45,116,6,28,118,3,5,0,0,5,0,0,5,0,0,33,116,6,29,118,3,35,121,5,5,0,0,33,137,7
5942,5,45,22.3,7.19236,0,144,73.5,21.0702,0,8,3.1,30.1726,45,116,6,28,118,3,5,0,0,5,0,0,5,0,0,33,120,6,29,117,3,35,120,5,5,0,0,33,144,8
5943,5,45,22.3,7.19236,0,133,71.1,20.8422,0,8,2.9,30.2345,45,112,5,28,114,3,5,0,0,5,0,0,5,0,0,33,127,6,29,108,3,35,117,4,5,0,0,33,133,8
5944,5,45,22.3,7.19236,0,121,68.9,20.6463,0,8,2.9,30.2345,45,116,5,28,112,3,5,0,0,5,0,0,5,0,0,33,121,6,29,103,3,35,118,4,5,0,0,33,119,8
5945,5,45,22.3,7.19236,0,124,70,20.742,0,8,3,30.2037,45,124,6,28,115,3,5,0,0,5,0,0,5,0,0,33,121,6,29,103,3,35,117,4,5,0,0,33,120,8
5946,5,45,22.3,7.19236,0,126,70.5,20.7725,0,8,2.9,30.2345,45,123,6,28,119,3,5,0,0,5,0,0,5,0,0,33,114,5,29,106,3,35,126,4,5,0,0,33,117,8
5947,5,45,22.3,7.19236,0,129,70.2,20.759,0,8,3,30.2037,45,117,6,28,120,3,5,0,0,5,0,0,5,0,0,33,113,6,29,105,3,35,129,4,5,0,0,33,118,8
5948,5,45,22.3,7.19236,0,128,71.9,20.9428,0,7,2.9,30.2338,45,128,6,28,127,3,5,0,0,5,0,0,5,0,0,33,106,6,29,109,3,35,127,4,5,0,0,33,122,7
5949,5,45,22.3,7.19236,0,131,71.4,20.8766,0,7,3.2,30.1414,45,127,7,28,117,3,5,0,0,5,0,0,5,0,0,33,109,6,29,109,3,35,131,6,5,0,0,33,121,7
5950,5,45,22.3,7.19236,0,134,73.2,21.01,0,8,3.2,30.1421,45,127,7,28,116,3,5,0,0,5,0,0,5,0,0,33,111,6,29,119,3,35,134,5,5,0,0,33,125,8
5951,5,45,22.3,7.19236,0,128,70.4,20.7428,0,7,3.1,30.1722,45,116,7,28,118,3,5,0,0,5,0,0,5,0,0,33,109,6,29,118,3,35,128,5,5,0,0,33,115,7
5952,5,45,22.3,7.19236,0,124,70.5,20.7372,0,8,3.2,30.1428,45,116,7,28,117,3,5,0,0,5,0,0,5,0,0,33,111,7,29,124,3,35,123,4,5,0,0,33,114,8
5953,5,45,22.3,7.19236,0,133,71.2,20.8818,0,8,3,30.2041,45,116,7,28,114,3,5,0,0,5,0,0,5,0,0,33,105,5,29,133,3,35,129,4,5,0,0,33,115,8
5954,5,45,22.3,7.19236,0,132,71.4,20.875,0,8,2.9,30.2352,45,117,7,28,118,3,5,0,0,5,0,0,5,0,0,33,105,4,29,132,3,35,126,4,5,0,0,33,116,8
5955,5,45,22.3,7.19236,0,132,70.9,20.8432,0,8,3.1,30.1739,45,117,8,28,111,3,5,0,0,5,0,0,5,0,0,33,116,5,29,132,3,35,126,4,5,0,0,33,107,8
5956,5,45,22.3,7.19236,0,136,71.5,20.9392,0,8,3.1,30.1739,45,120,8,28,104,3,5,0,0,5,0,0,5,0,0,33,121,5,29,136,3,35,125,4,5,0,0,33,109,8
5957,5,45,22.3,7.19236,0,131,70.7,20.7907,0,8,3.1,30.1739,45,116,8,28,106,3,5,0,0,5,0,0,5,0,0,33,117,5,29,131,3,35,121,4,5,0,0,33,116,8
5958,5,45,22.3,7.19236,0,128,70.1,20.7176,0,8,3.1,30.1739,45,114,8,28,109,3,5,0,0,5,0,0,5,0,0,33,118,5,29,128,3,35,116,4,5,0,0,33,116,8
5959,5,45,22.4,7.22634,0,126,70.6,20.755,0,8,3.4,30.0803,45,114,8,28,110,3,5,0,0,5,0,0,5,0,0,33,126,5,30,121,6,35,112,4,5,0,0,33,123,8
5960,5,45,22.4,7.22634,0,123,70.7,20.7696,0,8,3.4,30.0803,45,123,8,28,117,3,5,0,0,5,0,0,5,0,0,33,123,5,30,120,6,35,109,4,5,0,0,33,115,8
5961,5,45,22.4,7.22634,0,125,70.8,20.7592,0,8,3.4,30.0803,45,116,8,28,117,3,5,0,0,5,0,0,5,0,0,33,125,5,30,122,6,35,113,4,5,0,0,33,115,8
5962,5,45,22.4,7.22634,0,125,71.6,20.8164,0,8,3.3,30.1106,45,114,7,28,123,3,5,0,0,5,0,0,5,0,0,33,125,5,30,119,6,35,118,4,5,0,0,33,117,8
5963,5,45,22.5,7.26567,0,124,71.4,20.8119,0,8,3.3,30.1106,45,120,7,28,114,3,5,0,0,5,0,0,5,0,0,33,124,5,30,120,6,35,124,4,5,0,0,34,112,8
5964,5,45,22.5,7.26567,0,127,71.5,20.8309,0,8,3.1,30.1739,45,121,7,28,114,3,5,0,0,5,0,0,5,0,0,33,119,5,30,123,6,35,127,2,5,0,0,34,111,8
5965,5,45,22.5,7.26567,0,126,71.6,20.851,0,8,3.1,30.1739,45,125,7,28,111,3,5,0,0,5,0,0,5,0,0,33,126,5,30,121,6,35,121,2,5,0,0,34,112,8
5966,5,45,22.5,7.26567,0,126,71.7,20.8303,0,8,3.1,30.1739,45,126,7,28,119,3,5,0,0,5,0,0,5,0,0,33,121,5,30,116,6,35,119,2,5,0,0,34,116,8
5967,5,45,22.5,7.26567,0,131,71.9,20.8964,0,8,3.1,30.1739,45,117,7,28,123,3,5,0,0,5,0,0,5,0,0,33,131,5,30,120,6,35,119,2,5,0,0,34,109,8
5968,5,45,22.5,7.26567,0,124,71,20.7824,0,8,3.1,30.1739,45,117,7,28,119,3,5,0,0,5,0,0,5,0,0,33,124,5,30,118,6,35,122,2,5,0,0,34,110,8
5969,5,45,22.5,7.26567,0,123,71.1,20.8005,0,8,3.1,30.1739,45,117,7,28,122,3,5,0,0,5,0,0,5,0,0,33,123,5,30,117,6,35,123,2,5,0,0,34,109,8
5970,5,45,22.5,7.26567,0,126,71.4,20.8241,0,8,3.2,30.1421,45,113,7,28,123,3,5,0,0,5,0,0,5,0,0,33,122,5,30,119,6,35,126,3,5,0,0,34,111,8
5971,5,45,22.5,7.26567,0,123,70.7,20.8047,0,8,3.2,30.1421,45,115,7,28,123,3,5,0,0,5,0,0,5,0,0,33,119,5,30,123,6,35,123,3,5,0,0,34,104,8
5972,5,45,22.5,7.26567,0,124,70.4,20.7495,0,8,3.2,30.1421,45,116,7,28,124,3,5,0,0,5,0,0,5,0,0,33,116,5,30,119,6,35,121,3,5,0,0,34,108,8
5973,5,45,22.5,7.26567,0,125,70.7,20.7845,0,8,3,30.2044,45,117,6,28,123,3,5,0,0,5,0,0,5,0,0,33,113,5,30,125,6,35,121,2,5,0,0,34,108,8
5974,5,45,22.5,7.26567,0,127,72.1,20.8606,0,8,3,30.2044,45,115,6,28,119,3,5,0,0,5,0,0,5,0,0,33,119,5,30,125,6,35,127,2,5,0,0,34,116,8
5975,5,45,22.5,7.26567,0,126,72.8,20.9206,0,8,3.1,30.1726,45,120,6,28,122,3,5,0,0,5,0,0,5,0,0,33,123,5,30,122,6,35,126,3,5,0,0,34,115,8
5976,5,45,22.5,7.26567,0,124,69.6,20.6727,0,8,3.1,30.1729,45,116,7,28,118,3,5,0,0,5,0,0,5,0,0,33,111,5,30,115,5,35,124,3,5,0,0,34,112,8
5977,5,45,22.5,7.26567,0,122,71.6,20.8031,0,8,3.2,30.1414,45,121,7,28,120,4,5,0,0,5,0,0,5,0,0,33,118,5,30,120,5,35,115,3,5,0,0,34,122,8
5978,5,45,22.5,7.26567,0,120,68.8,20.6147,0,8,3.2,30.1414,45,116,7,28,112,4,5,0,0,5,0,0,5,0,0,33,119,5,30,113,5,35,108,3,5,0,0,34,120,8
5979,5,45,22.5,7.26567,0,121,69.2,20.6479,0,8,3.2,30.1414,45,113,7,28,110,4,5,0,0,5,0,0,5,0,0,33,120,5,30,120,5,35,108,3,5,0,0,34,121,8
5980,5,45,22.5,7.26567,0,120,69,20.6159,0,8,3.4,30.0793,45,112,7,28,113,5,5,0,0,5,0,0,5,0,0,33,118,5,30,117,6,35,110,3,5,0,0,34,120,8
5981,5,45,22.5,7.26567,0,122,69.8,20.661,0,8,3.5,30.0487,45,114,7,28,115,5,5,0,0,5,0,0,5,0,0,33,114,5,30,114,7,35,119,3,5,0,0,34,122,8
5982,5,45,22.5,7.26567,0,124,70.5,20.751,0,8,3.5,30.0487,45,119,7,28,119,5,5,0,0,5,0,0,5,0,0,33,105,5,30,118,7,35,120,3,5,0,0,34,124,8
5983,5,45,22.5,7.26567,0,119,68.1,20.5856,0,8,3.5,30.0487,45,118,7,28,111,5,5,0,0,5,0,0,5,0,0,33,104,5,30,115,7,35,119,3,5,0,0,34,114,8
5984,5,45,22.5,7.26567,0,119,67.2,20.5494,0,8,3.5,30.0487,45,116,7,28,108,5,5,0,0,5,0,0,5,0,0,33,101,5,30,111,7,35,117,3,5,0,0,34,119,8
5985,5,45,22.5,7.26567,0,125,68.9,20.6238,0,8,3.5,30.0487,45,113,7,28,109,5,5,0,0,5,0,0,5,0,0,33,110,5,30,113,7,35,119,3,5,0,0,34,125,8
5986,5,45,22.5,7.26567,0,125,70.3,20.7161,0,8,3.4,30.08,45,117,7,28,117,4,5,0,0,5,0,0,5,0,0,33,110,5,30,117,7,35,125,3,5,0,0,34,117,8
5987,5,45,22.5,7.26567,0,125,71.6,20.8386,0,8,3.4,30.08,45,125,7,28,110,4,5,0,0,5,0,0,5,0,0,33,124,5,30,114,7,35,124,3,5,0,0,34,119,8
5988,5,45,22.5,7.26567,0,128,72.8,20.9514,0,8,3.3,30.1119,45,127,7,28,117,4,5,0,0,5,0,0,5,0,0,33,128,5,30,113,7,35,125,2,5,0,0,34,118,8
5989,5,45,22.5,7.26567,0,124,72.2,20.865,0,8,3.3,30.1119,45,124,7,28,119,4,5,0,0,5,0,0,5,0,0,33,123,5,30,114,7,35,122,2,5,0,0,34,120,8
5990,5,45,22.5,7.26567,0,126,72.4,20.9233,0,7,3.2,30.142,45,122,7,28,123,4,5,0,0,5,0,0,5,0,0,33,126,5,30,117,7,35,126,2,5,0,0,34,110,7
5991,5,45,22.5,7.26567,0,126,73.1,20.9693,0,7,3.2,30.142,45,125,7,28,122,4,5,0,0,5,0,0,5,0,0,33,119,5,30,126,7,35,126,2,5,0,0,34,113,7
5992,5,45,22.5,7.26567,0,127,73.1,20.965,0,7,3.1,30.1725,45,127,7,28,119,4,5,0,0,5,0,0,5,0,0,33,123,5,30,122,6,35,126,2,5,0,0,34,114,7
5993,5,45,22.5,7.26567,0,124,71.3,20.7903,0,7,3.1,30.1725,45,124,7,28,117,4,5,0,0,5,0,0,5,0,0,33,119,5,30,119,6,35,113,2,5,0,0,34,121,7
5994,5,45,22.5,7.26567,0,129,72.7,20.9178,0,7,3.2,30.1407,45,121,7,28,125,4,5,0,0,5,0,0,5,0,0,33,119,5,30,115,6,35,118,3,5,0,0,34,129,7
5995,5,45,22.6,7.30616,0,129,73.5,20.9899,0,11,3.6,30.022,45,126,7,28,124,4,5,0,0,5,0,0,5,0,0,33,117,5,30,120,6,35,119,3,5,0,0,35,129,11
5996,5,45,22.6,7.30616,0,134,73.3,21.0415,0,11,3.4,30.0842,45,134,7,28,126,4,5,0,0,5,0,0,5,0,0,33,109,4,30,119,5,35,124,3,5,0,0,35,121,11
5997,5,45,22.6,7.30616,0,134,73.6,21.0368,0,11,3.5,30.0526,45,134,7,28,119,4,5,0,0,5,0,0,5,0,0,33,114,4,30,119,5,35,124,4,5,0,0,35,126,11
5998,5,45,22.6,7.30616,0,133,74.2,21.0942,0,10,3.4,30.0828,45,133,8,28,123,4,5,0,0,5,0,0,5,0,0,33,118,4,30,115,4,35,123,4,5,0,0,35,130,10
5999,5,45,22.6,7.30616,0,127,71.8,20.8524,0,9,3.3,30.1123,45,127,8,28,119,4,5,0,0,5,0,0,5,0,0,33,115,4,30,113,4,35,125,4,5,0,0,35,119,9
6000,5,45,22.6,7.30616,0,125,71.2,20.8329,0,9,3.4,30.0811,45,125,8,28,124,4,5,0,0,5,0,0,5,0,0,33,106,5,30,118,4,35,123,4,5,0,0,35,116,9
